# loss | a0 ... a3
1.485277e+02	-5.321548e-01	-8.125548e-01	1.234361e+01	1.675277e+00
1.213769e+02	-4.262848e-01	-9.184249e-01	1.223774e+01	1.781147e+00
8.429232e+01	-3.573452e-01	-8.719221e-01	1.214021e+01	1.887090e+00
7.859653e+01	-2.730109e-01	-8.638381e-01	1.205266e+01	1.945370e+00
7.339613e+01	-2.361998e-01	-8.977235e-01	1.198245e+01	2.008952e+00
6.790424e+01	-1.931791e-01	-8.838652e-01	1.190763e+01	2.089543e+00
7.799585e+01	-2.287141e-01	-9.168162e-01	1.186842e+01	2.134838e+00
7.012749e+01	-2.420290e-01	-8.723535e-01	1.182603e+01	2.193217e+00
6.661906e+01	-1.989242e-01	-9.068246e-01	1.174242e+01	2.252264e+00
7.875962e+01	-9.398416e-02	-9.095932e-01	1.165132e+01	2.289953e+00
1.080112e+02	-3.011716e-01	-9.429612e-01	1.181596e+01	2.320080e+00
9.550718e+01	-2.816761e-01	-8.510252e-01	1.176389e+01	2.405641e+00
7.855511e+01	-2.895108e-01	-9.209301e-01	1.179400e+01	2.286922e+00
8.962238e+01	-2.830445e-01	-8.543320e-01	1.175480e+01	2.352735e+00
6.959825e+01	-2.712593e-01	-9.109407e-01	1.176311e+01	2.257422e+00
6.720785e+01	-2.391986e-01	-8.846219e-01	1.169662e+01	2.316261e+00
8.424792e+01	-2.759691e-01	-9.275120e-01	1.173631e+01	2.222197e+00
6.475100e+01	-2.367006e-01	-8.923835e-01	1.168364e+01	2.236912e+00
7.879902e+01	-2.727402e-01	-8.673246e-01	1.164614e+01	2.342128e+00
2.601078e+02	-2.820218e-01	-9.869697e-01	1.172400e+01	2.154669e+00
3.498116e+02	-2.298804e-01	-7.632049e-01	1.160091e+01	2.332859e+00
3.024923e+02	-4.473926e-01	-9.877212e-01	1.184126e+01	2.075424e+00
3.777128e+02	-3.809272e-01	-7.402372e-01	1.177102e+01	2.165034e+00
1.064239e+02	-4.736027e-01	-8.364964e-01	1.192397e+01	1.969203e+00
8.208662e+01	-4.489798e-01	-8.794205e-01	1.191498e+01	1.948664e+00
