# loss | a0 ... a3
3.014194e+02	-3.053935e-01	-9.689419e-01	1.426717e+01	1.684400e+00
1.340843e+02	-1.995235e-01	-8.630719e-01	1.416130e+01	1.790270e+00
1.332987e+02	-1.070651e-01	-8.521371e-01	1.406606e+01	1.881793e+00
1.268181e+02	-5.255672e-02	-8.588470e-01	1.399501e+01	1.958234e+00
1.188871e+02	7.166156e-02	-8.594505e-01	1.388000e+01	2.060920e+00
1.096555e+02	1.602605e-01	-8.676972e-01	1.378489e+01	2.159397e+00
1.009940e+02	2.625933e-01	-8.693799e-01	1.367148e+01	2.254514e+00
9.497433e+01	3.461024e-01	-8.687409e-01	1.357704e+01	2.352699e+00
9.211200e+01	2.994747e-01	-8.791763e-01	1.356108e+01	2.429276e+00
9.067966e+01	2.700704e-01	-8.839695e-01	1.353567e+01	2.493276e+00
8.699893e+01	3.695382e-01	-8.745242e-01	1.342328e+01	2.610912e+00
8.685449e+01	2.035825e-01	-8.836428e-01	1.349317e+01	2.657228e+00
8.232411e+01	2.835713e-01	-8.821028e-01	1.339970e+01	2.740213e+00
8.652419e+01	1.819742e-01	-8.983601e-01	1.344319e+01	2.757819e+00
8.078040e+01	2.808241e-01	-8.811892e-01	1.331265e+01	2.872541e+00
8.536583e+01	2.396178e-01	-9.109113e-01	1.334027e+01	2.824258e+00
7.761681e+01	2.605147e-01	-8.925646e-01	1.326160e+01	2.944286e+00
8.288178e+01	1.606835e-01	-8.753708e-01	1.324083e+01	3.057359e+00
8.580518e+01	1.435988e-01	-9.169452e-01	1.327984e+01	2.967381e+00
8.111451e+01	2.249131e-01	-8.816382e-01	1.316787e+01	3.065262e+00
7.660636e+01	1.565452e-01	-9.030503e-01	1.320273e+01	3.038909e+00
7.859226e+01	1.203527e-01	-8.836712e-01	1.318749e+01	3.087752e+00
7.513620e+01	1.813588e-01	-9.034470e-01	1.313207e+01	3.097991e+00
7.719271e+01	1.193475e-01	-8.881439e-01	1.311654e+01	3.155046e+00
7.534786e+01	1.355025e-01	-9.100948e-01	1.310977e+01	3.115802e+00
7.482722e+01	1.621589e-01	-8.991859e-01	1.305623e+01	3.160794e+00
7.689834e+01	9.202011e-02	-9.150777e-01	1.308034e+01	3.132178e+00
7.407863e+01	1.223500e-01	-9.029972e-01	1.301421e+01	3.185077e+00
7.581318e+01	1.273040e-01	-8.945891e-01	1.299986e+01	3.189042e+00
8.492986e+01	-5.721190e-02	-9.169755e-01	1.310241e+01	3.151164e+00
7.522657e+01	9.262454e-02	-8.969689e-01	1.296151e+01	3.229770e+00
7.472755e+01	1.476172e-01	-9.082814e-01	1.291863e+01	3.226196e+00
7.655996e+01	-1.808456e-02	-9.082166e-01	1.301134e+01	3.204570e+00
7.455323e+01	1.704903e-02	-9.081285e-01	1.296045e+01	3.226991e+00
7.553757e+01	8.413708e-02	-8.978225e-01	1.290465e+01	3.249870e+00
7.555755e+01	5.640713e-02	-9.194693e-01	1.293242e+01	3.200639e+00
7.366163e+01	7.425323e-02	-9.071810e-01	1.288526e+01	3.234143e+00
7.333014e+01	8.613350e-02	-9.133314e-01	1.289863e+01	3.193532e+00
7.807839e+01	5.186360e-02	-8.910738e-01	1.287468e+01	3.251043e+00
8.051758e+01	-6.676952e-02	-9.171225e-01	1.295916e+01	3.186322e+00
7.367023e+01	3.099297e-02	-9.073238e-01	1.286848e+01	3.235084e+00
7.832000e+01	-1.342503e-02	-9.244494e-01	1.287411e+01	3.253264e+00
9.822322e+01	1.012055e-01	-8.795079e-01	1.277372e+01	3.332469e+00
7.755802e+01	-7.234265e-02	-9.151070e-01	1.289531e+01	3.243985e+00
7.909547e+01	-2.822050e-03	-8.895381e-01	1.283732e+01	3.280563e+00
