1.0829322013e+00
-6.5928700007e-02
3.5150653879e-01
-4.8781478471e-01
2.6997835981e-01
3.8547026892e-01
-4.5654223923e-01
2.0389652328e-01
-1.4545353706e+00
2.8047922016e-01
1.6979916722e+00
-1.9321958377e+00
1.7092255912e-01
-3.7082506143e-01
-1.3558135299e-01
-1.3575417457e+00
1.3758607667e+00
1.7465063155e+00
1.6871732849e+00
-8.5213795932e-01
-1.1990441384e+00
1.1783883772e+00
2.4018872620e-02
-9.7647974950e-01
-5.9099248504e-01
7.0578724567e-01
2.1229501623e-01
-1.7524151513e+00
-1.6878623147e-01
-1.1336540232e+00
1.5706001039e+00
2.9058270236e-01
9.5048437052e-01
-7.3281045218e-01
-6.0212802687e-01
1.9267135076e+00
-2.3436880119e-01
-6.2727190845e-01
-9.5129846568e-01
-1.0053448682e+00
-7.6729487328e-02
2.4430526607e-01
2.8159299457e+00
3.1939322129e-01
-4.9067581391e-01
-1.6529632644e+00
-1.2839468569e+00
2.3440479632e-01
4.3066847089e-01
-1.2735484728e+00
-2.3136384250e-01
3.8825011707e-01
1.1700911280e+00
2.2638206260e-01
-7.6649111729e-01
-1.5427351643e+00
6.0428103479e-01
-1.2297829616e+00
-4.3900844881e-02
2.3662193373e+00
9.5842904629e-02
-8.6490236299e-01
5.8412826466e-01
-5.9288486294e-01
-2.7500089989e-02
7.9178200093e-01
9.1247465340e-01
6.9220493661e-01
-1.0651598921e+00
8.4106046444e-01
3.2756597881e-01
8.9705820882e-01
-3.3239673736e-01
4.7060235708e-01
-1.1149652993e+00
8.6164631755e-02
-5.5852599869e-01
-1.4306300839e+00
-1.0396297333e-01
-3.7628313228e-01
-2.3704586030e-01
-1.4341019011e+00
-1.5647052520e+00
3.1900556346e-01
-9.7590834075e-01
4.8069518996e-01
3.6723943784e-01
8.1635296658e-01
-7.5017095910e-02
1.2803213911e-01
-1.4452347024e-01
1.7947428643e+00
-2.0025623511e+00
-4.8718161070e-01
7.8725350780e-02
6.3813251366e-01
3.5432472080e-01
1.1798741296e+00
5.0881923289e-01
2.3728820018e+00
