2.3627646245e-01
1.0452105861e-01
-1.2434134907e-02
1.0963380461e+00
-1.3499401272e+00
7.8344899993e-01
-3.4599839498e-01
2.0730392779e-01
2.8467164308e-01
-5.8479539344e-01
-2.2341887768e+00
-5.5978410364e-01
-4.2799623960e-01
2.2771169857e-02
-1.0337208785e+00
2.2514557829e+00
7.4801781310e-01
-1.8089674190e+00
2.1091080965e+00
1.6307978862e+00
-9.3136913173e-01
-2.7833710516e-01
9.9855532183e-01
-1.2326658243e-01
-3.2170379008e-01
3.6819822753e-01
6.7515873977e-01
1.2365631317e+00
4.1085537411e-01
-3.1031684830e-01
-1.0163701140e-01
2.3204228632e-01
-6.6898104507e-01
2.7393907813e-01
3.9822212050e-01
-1.4280316594e+00
-1.6097387050e-01
1.2321531735e+00
-1.1142327695e+00
9.0891777437e-01
-2.5867399605e-01
4.4222716052e-01
-2.6901333146e+00
1.0474275561e-01
7.0769962785e-01
-2.8020625800e-01
6.0217693719e-01
4.7831985537e-01
1.2966119726e+00
2.7639724113e-01
