# loss | a0 ... a5
4.982215e+02	-4.666667e-04	-7.920000e-03	1.472000e-02	-5.600000e-04	9.813333e-01	-1.866667e-02
4.977784e+02	9.155838e-03	-1.754250e-02	2.434250e-02	9.062504e-03	9.717108e-01	-2.828917e-02
4.951891e+02	1.895166e-02	-1.080194e-02	3.348838e-02	3.307944e-03	9.618542e-01	-1.880281e-02
4.961699e+02	2.257219e-02	-1.818000e-02	4.477282e-02	-4.934339e-03	9.636776e-01	-1.883021e-02
4.948713e+02	2.664276e-02	-1.122735e-02	3.688368e-02	8.268700e-05	9.561865e-01	-1.271803e-02
4.944750e+02	3.095532e-02	-5.485816e-03	4.243888e-02	-1.005343e-03	9.499840e-01	-7.386866e-03
4.945654e+02	2.893349e-02	-7.512242e-03	3.543434e-02	2.439546e-03	9.507164e-01	-9.003782e-03
4.947738e+02	1.865958e-02	-5.730997e-03	3.705726e-02	5.847842e-03	9.527493e-01	-1.352636e-02
4.946470e+02	2.611501e-02	-7.891018e-03	3.296781e-02	4.687725e-03	9.484037e-01	-8.674329e-03
4.945570e+02	3.161395e-02	-4.136540e-03	3.003986e-02	5.232326e-03	9.413707e-01	-2.179107e-03
4.947678e+02	2.955257e-02	-8.032592e-03	3.124261e-02	5.115162e-03	9.437227e-01	-5.310586e-03
4.948190e+02	3.238535e-02	-8.348287e-03	3.706482e-02	2.530714e-03	9.412482e-01	-4.125135e-03
4.948053e+02	2.886231e-02	-8.729517e-03	3.237338e-02	5.266314e-03	9.421081e-01	-5.921412e-03
4.946475e+02	2.928474e-02	-4.934580e-03	3.581574e-02	8.152767e-03	9.372616e-01	-2.988295e-03
4.947888e+02	2.778865e-02	-8.170597e-03	3.156211e-02	6.576196e-03	9.393788e-01	-5.437549e-03
4.943345e+02	2.089996e-02	-3.441685e-03	2.997595e-02	4.911422e-03	9.400840e-01	-8.114935e-03
4.947616e+02	2.718019e-02	-8.275330e-03	3.032833e-02	6.231518e-03	9.367219e-01	-4.689796e-03
4.957594e+02	2.895193e-02	-1.398349e-02	3.287401e-02	1.010373e-02	9.361348e-01	-5.084552e-03
4.949596e+02	2.913972e-02	-9.241845e-03	3.089505e-02	7.055284e-03	9.324391e-01	-2.506308e-03
4.955483e+02	2.740472e-02	-9.622021e-03	3.081800e-02	1.460198e-02	9.304817e-01	-3.432690e-03
4.947072e+02	2.854884e-02	-7.457758e-03	3.065606e-02	6.421382e-03	9.285259e-01	-1.377133e-03
4.950979e+02	3.247579e-02	-1.200782e-02	3.356198e-02	1.069863e-03	9.256461e-01	-5.840186e-04
4.945329e+02	2.841917e-02	-7.316022e-03	3.109503e-02	4.104226e-03	9.253695e-01	-8.232985e-04
4.944222e+02	2.734995e-02	-3.450776e-03	2.781074e-02	6.832060e-03	9.219998e-01	9.792764e-04
4.945267e+02	2.698191e-02	-6.546673e-03	3.040110e-02	5.968867e-03	9.225012e-01	-5.186696e-04
4.949072e+02	2.564813e-02	-2.058266e-03	3.409428e-02	1.540426e-02	9.162090e-01	2.052595e-03
4.946321e+02	2.718587e-02	-7.864858e-03	3.171084e-02	6.106732e-03	9.192324e-01	4.201156e-05
4.950492e+02	3.511091e-02	-9.382215e-03	3.304038e-02	1.577407e-03	9.131632e-01	6.336618e-03
4.946977e+02	2.828135e-02	-9.806755e-03	3.112810e-02	3.390506e-03	9.173236e-01	4.579047e-04
4.939294e+02	2.754836e-02	-1.766647e-03	3.379724e-02	1.219025e-03	9.137889e-01	3.634454e-03
4.945839e+02	2.590237e-02	-8.954655e-03	3.099136e-02	4.407577e-03	9.158642e-01	-4.084017e-04
4.944639e+02	2.643218e-02	-9.433997e-03	3.483673e-02	1.421595e-03	9.110639e-01	2.230430e-03
4.947944e+02	2.595280e-02	-1.064039e-02	3.060447e-02	5.257141e-03	9.122591e-01	2.202580e-04
4.953097e+02	2.956386e-02	-7.308468e-03	3.605425e-02	1.419306e-02	9.048046e-01	5.238332e-03
4.948131e+02	2.623973e-02	-1.009862e-02	2.977861e-02	6.371226e-03	9.088296e-01	1.248384e-03
4.952536e+02	3.244814e-02	-8.391946e-03	2.609522e-02	8.684922e-03	9.027706e-01	7.478167e-03
4.947358e+02	2.602185e-02	-1.034082e-02	2.843346e-02	4.723671e-03	9.064900e-01	1.778465e-03
4.937375e+02	2.258422e-02	-2.370347e-03	3.016723e-02	-1.556809e-03	9.025783e-01	3.678631e-03
4.945652e+02	2.467286e-02	-1.018671e-02	2.995159e-02	3.253044e-03	9.037759e-01	1.762906e-03
4.946770e+02	2.204686e-02	-1.211027e-02	3.262518e-02	2.342276e-03	9.025743e-01	3.460647e-05
4.948616e+02	2.611400e-02	-1.185097e-02	3.022194e-02	4.996558e-03	8.996857e-01	3.154370e-03
4.945786e+02	1.956934e-02	-8.326897e-03	4.493983e-02	-1.007940e-04	8.971075e-01	2.043788e-03
4.947509e+02	2.695181e-02	-1.092362e-02	3.065596e-02	4.625559e-03	8.944992e-01	5.944453e-03
4.949250e+02	2.890389e-02	-1.225743e-02	3.427457e-02	3.552159e-03	8.909330e-01	7.102802e-03
4.949307e+02	2.803412e-02	-1.097400e-02	2.764880e-02	6.003080e-03	8.907993e-01	7.233561e-03
4.957432e+02	3.229397e-02	-1.653343e-02	2.595455e-02	2.719941e-03	8.904949e-01	7.726680e-03
4.948438e+02	2.667096e-02	-1.063519e-02	2.655822e-02	5.984862e-03	8.886108e-01	7.004834e-03
4.953071e+02	2.181096e-02	-1.244567e-02	2.590228e-02	1.093528e-02	8.891795e-01	3.525850e-03
4.946254e+02	2.466597e-02	-9.100140e-03	2.755706e-02	6.452415e-03	8.847782e-01	7.460352e-03
4.945319e+02	2.396238e-02	-8.468119e-03	2.987524e-02	6.642342e-03	8.852000e-01	6.582104e-03
4.945347e+02	2.568278e-02	-8.940181e-03	2.898335e-02	5.286612e-03	8.811734e-01	8.845747e-03
4.946181e+02	2.678511e-02	-4.513295e-03	2.325358e-02	7.936823e-03	8.744439e-01	1.307516e-02
4.946000e+02	2.567255e-02	-9.846299e-03	2.851866e-02	5.144963e-03	8.773162e-01	9.647405e-03
4.947999e+02	3.350028e-02	-5.064910e-03	3.359090e-02	4.895045e-03	8.666503e-01	1.972796e-02
4.946688e+02	2.536695e-02	-1.127920e-02	3.055361e-02	4.796703e-03	8.751288e-01	1.005668e-02
4.948313e+02	2.244088e-02	-1.277822e-02	2.792280e-02	5.819951e-03	8.740380e-01	7.282401e-03
4.947687e+02	2.315123e-02	-1.266687e-02	2.940663e-02	5.155324e-03	8.738413e-01	8.215006e-03
4.948751e+02	2.058616e-02	-1.378861e-02	2.781307e-02	4.958332e-03	8.745797e-01	5.639505e-03
4.946914e+02	2.412339e-02	-1.195401e-02	2.974581e-02	4.993485e-03	8.698148e-01	1.005124e-02
4.942882e+02	2.913590e-02	-8.105761e-03	2.871615e-02	-1.703321e-03	8.644267e-01	1.526371e-02
4.945792e+02	2.495203e-02	-1.126988e-02	3.028237e-02	4.040371e-03	8.659086e-01	1.178804e-02
4.949854e+02	2.755979e-02	-1.412693e-02	3.683714e-02	2.805617e-03	8.622518e-01	1.357746e-02
4.946897e+02	2.345024e-02	-1.199560e-02	3.059745e-02	5.664232e-03	8.635155e-01	1.135970e-02
4.954940e+02	2.991151e-02	-1.470447e-02	2.414303e-02	6.076829e-03	8.590731e-01	1.573767e-02
4.946574e+02	2.275690e-02	-1.126792e-02	2.828903e-02	6.297773e-03	8.605263e-01	1.199034e-02
4.937847e+02	2.276995e-02	-3.006216e-03	3.156871e-02	1.180840e-03	8.542884e-01	1.674517e-02
4.945088e+02	2.170326e-02	-1.081811e-02	3.006944e-02	5.443279e-03	8.577429e-01	1.236349e-02
4.940434e+02	1.796731e-02	-7.247486e-03	2.514579e-02	3.311751e-04	8.598043e-01	1.032407e-02
4.947538e+02	2.276909e-02	-1.327159e-02	2.899055e-02	5.257272e-03	8.553916e-01	1.275795e-02
4.944612e+02	2.967566e-02	-3.991145e-03	3.408128e-02	5.199068e-03	8.431780e-01	2.379150e-02
4.949108e+02	2.422427e-02	-1.368622e-02	3.047709e-02	6.594017e-03	8.508312e-01	1.533380e-02
4.940431e+02	2.144106e-02	-9.609192e-03	2.662611e-02	-1.534740e-03	8.512365e-01	1.501133e-02
4.948740e+02	2.248083e-02	-1.516435e-02	2.895105e-02	4.423801e-03	8.501769e-01	1.396302e-02
4.963120e+02	1.971914e-02	-2.408077e-02	2.483967e-02	6.512928e-03	8.546469e-01	8.594728e-03
4.949703e+02	2.300135e-02	-1.516158e-02	2.908087e-02	5.958619e-03	8.454109e-01	1.597168e-02
4.950550e+02	2.978378e-02	-7.969020e-03	2.479395e-02	8.482186e-03	8.350209e-01	2.465584e-02
4.946168e+02	2.388577e-02	-1.181835e-02	2.981276e-02	5.529052e-03	8.396589e-01	1.920579e-02
4.948849e+02	3.186187e-02	-1.309289e-02	3.143647e-02	-3.714809e-03	8.347010e-01	2.405775e-02
4.944977e+02	2.206650e-02	-1.316383e-02	3.124134e-02	2.758576e-03	8.392978e-01	1.762740e-02
4.939945e+02	2.112460e-02	-1.098320e-02	3.275367e-02	-3.061878e-03	8.389298e-01	1.811488e-02
4.945053e+02	2.010179e-02	-1.307302e-02	3.067947e-02	3.775562e-03	8.379040e-01	1.694632e-02
4.945001e+02	2.950339e-02	-7.443958e-03	3.184610e-02	2.282498e-03	8.252390e-01	2.802423e-02
4.946383e+02	2.098845e-02	-1.338627e-02	2.998328e-02	5.367595e-03	8.338818e-01	1.897575e-02
4.947089e+02	1.900362e-02	-1.515001e-02	2.498803e-02	2.932581e-03	8.355411e-01	1.708793e-02
4.947646e+02	1.970616e-02	-1.477599e-02	2.866580e-02	5.408561e-03	8.330118e-01	1.800095e-02
4.951100e+02	1.967550e-02	-1.327628e-02	2.203944e-02	9.955193e-03	8.321496e-01	1.840261e-02
4.947171e+02	2.114399e-02	-1.392365e-02	2.901267e-02	5.881941e-03	8.287487e-01	1.995390e-02
