# loss | a0 ... a5
7.955519e+02	-9.004444e-01	-8.320000e-01	-6.360382e-01	2.329778e+00	1.050889e+00	-1.540431e+00
4.689046e+02	-9.403767e-01	-7.920677e-01	-6.759705e-01	2.289845e+00	1.090821e+00	-1.580364e+00
2.460262e+02	-9.882035e-01	-7.457332e-01	-6.529277e-01	2.249165e+00	1.137860e+00	-1.623541e+00
1.471583e+02	-9.837238e-01	-7.079258e-01	-6.522402e-01	2.218763e+00	1.177099e+00	-1.616971e+00
1.176535e+02	-9.630445e-01	-6.828348e-01	-6.552642e-01	2.190526e+00	1.207390e+00	-1.610969e+00
1.054955e+02	-9.381795e-01	-6.773244e-01	-6.706218e-01	2.168665e+00	1.225481e+00	-1.593033e+00
9.468692e+01	-9.530298e-01	-6.796054e-01	-6.717747e-01	2.152419e+00	1.242592e+00	-1.565100e+00
7.493865e+01	-9.650612e-01	-6.914359e-01	-6.809354e-01	2.139720e+00	1.251256e+00	-1.529378e+00
6.114917e+01	-9.774210e-01	-7.058269e-01	-6.881354e-01	2.130137e+00	1.256961e+00	-1.501691e+00
4.607652e+01	-9.832877e-01	-7.199941e-01	-7.022944e-01	2.118313e+00	1.259437e+00	-1.473632e+00
2.903349e+01	-9.745275e-01	-7.311236e-01	-7.240209e-01	2.112886e+00	1.258546e+00	-1.447442e+00
1.827235e+01	-9.672175e-01	-7.418560e-01	-7.462847e-01	2.106429e+00	1.256249e+00	-1.425257e+00
1.356545e+01	-9.598277e-01	-7.476060e-01	-7.660480e-01	2.099729e+00	1.254105e+00	-1.407203e+00
1.190546e+01	-9.580546e-01	-7.501467e-01	-7.834745e-01	2.093322e+00	1.253316e+00	-1.394412e+00
9.596539e+00	-9.654902e-01	-7.534825e-01	-7.927135e-01	2.084575e+00	1.251351e+00	-1.385933e+00
8.353235e+00	-9.759798e-01	-7.561135e-01	-7.998800e-01	2.078416e+00	1.250097e+00	-1.379113e+00
7.118315e+00	-9.838912e-01	-7.546825e-01	-8.051169e-01	2.068210e+00	1.249655e+00	-1.377970e+00
6.150189e+00	-9.860691e-01	-7.522147e-01	-8.121158e-01	2.059072e+00	1.249411e+00	-1.375160e+00
5.591157e+00	-9.872237e-01	-7.495012e-01	-8.160039e-01	2.050478e+00	1.249476e+00	-1.376347e+00
5.444499e+00	-9.868571e-01	-7.462198e-01	-8.197356e-01	2.042219e+00	1.250038e+00	-1.377620e+00
5.363529e+00	-9.854772e-01	-7.456999e-01	-8.212675e-01	2.036171e+00	1.250151e+00	-1.377281e+00
5.095593e+00	-9.836645e-01	-7.472083e-01	-8.226120e-01	2.032641e+00	1.250358e+00	-1.373993e+00
4.962888e+00	-9.848068e-01	-7.487629e-01	-8.208474e-01	2.028979e+00	1.250142e+00	-1.372598e+00
4.752516e+00	-9.843693e-01	-7.519900e-01	-8.198336e-01	2.027319e+00	1.249589e+00	-1.369447e+00
4.737208e+00	-9.851527e-01	-7.523674e-01	-8.188838e-01	2.025159e+00	1.249488e+00	-1.367584e+00
4.715019e+00	-9.797928e-01	-7.522961e-01	-8.195906e-01	2.023700e+00	1.249241e+00	-1.365883e+00
4.636393e+00	-9.827985e-01	-7.521136e-01	-8.183145e-01	2.022792e+00	1.249293e+00	-1.363900e+00
4.718788e+00	-9.873053e-01	-7.500950e-01	-8.175975e-01	2.022461e+00	1.249503e+00	-1.362651e+00
4.627306e+00	-9.862166e-01	-7.501376e-01	-8.171038e-01	2.022194e+00	1.249453e+00	-1.360376e+00
4.577703e+00	-9.842144e-01	-7.489642e-01	-8.184234e-01	2.021570e+00	1.249388e+00	-1.358677e+00
4.536035e+00	-9.841765e-01	-7.493054e-01	-8.171915e-01	2.021743e+00	1.249306e+00	-1.356852e+00
4.546775e+00	-9.829584e-01	-7.497576e-01	-8.167863e-01	2.021158e+00	1.248916e+00	-1.357620e+00
4.524301e+00	-9.844416e-01	-7.499824e-01	-8.146057e-01	2.021504e+00	1.249029e+00	-1.355749e+00
4.526383e+00	-9.842792e-01	-7.509793e-01	-8.136309e-01	2.022091e+00	1.248306e+00	-1.354481e+00
4.504644e+00	-9.842430e-01	-7.495154e-01	-8.127498e-01	2.022067e+00	1.248803e+00	-1.353689e+00
4.527683e+00	-9.822607e-01	-7.475264e-01	-8.134730e-01	2.021301e+00	1.249475e+00	-1.352828e+00
4.537998e+00	-9.837675e-01	-7.471709e-01	-8.113300e-01	2.021351e+00	1.249667e+00	-1.352763e+00
4.836991e+00	-9.891610e-01	-7.465156e-01	-8.083969e-01	2.021505e+00	1.249622e+00	-1.355081e+00
4.614181e+00	-9.847175e-01	-7.463265e-01	-8.081937e-01	2.021580e+00	1.249464e+00	-1.354081e+00
4.556119e+00	-9.831495e-01	-7.468507e-01	-8.085126e-01	2.022291e+00	1.249572e+00	-1.353376e+00
4.553285e+00	-9.803449e-01	-7.467764e-01	-8.082707e-01	2.022132e+00	1.249085e+00	-1.352578e+00
4.556056e+00	-9.837798e-01	-7.486563e-01	-8.057968e-01	2.021353e+00	1.249234e+00	-1.352618e+00
4.514409e+00	-9.823436e-01	-7.476664e-01	-8.071447e-01	2.021479e+00	1.248701e+00	-1.352089e+00
4.552729e+00	-9.818565e-01	-7.489402e-01	-8.063013e-01	2.020040e+00	1.248359e+00	-1.354167e+00
4.534317e+00	-9.818903e-01	-7.472189e-01	-8.080995e-01	2.020772e+00	1.248184e+00	-1.352895e+00
4.641255e+00	-9.858425e-01	-7.444589e-01	-8.092951e-01	2.021459e+00	1.248153e+00	-1.352558e+00
4.584558e+00	-9.847611e-01	-7.448803e-01	-8.091363e-01	2.021811e+00	1.248132e+00	-1.351454e+00
4.616890e+00	-9.871682e-01	-7.458590e-01	-8.084462e-01	2.022545e+00	1.248690e+00	-1.350694e+00
4.519451e+00	-9.830628e-01	-7.461238e-01	-8.084256e-01	2.022236e+00	1.248540e+00	-1.350184e+00
4.647095e+00	-9.777907e-01	-7.457623e-01	-8.077923e-01	2.021736e+00	1.249308e+00	-1.348820e+00
4.523614e+00	-9.831330e-01	-7.476456e-01	-8.043063e-01	2.021244e+00	1.248936e+00	-1.349763e+00
4.986716e+00	-9.901665e-01	-7.475812e-01	-8.017282e-01	2.020749e+00	1.247926e+00	-1.352456e+00
4.600999e+00	-9.847946e-01	-7.464695e-01	-8.042564e-01	2.020699e+00	1.248022e+00	-1.352024e+00
4.602323e+00	-9.835171e-01	-7.467510e-01	-8.049628e-01	2.019561e+00	1.247613e+00	-1.353454e+00
4.656426e+00	-9.785450e-01	-7.454707e-01	-8.079270e-01	2.020281e+00	1.247967e+00	-1.351894e+00
