# loss | a0 ... a5
4.757141e+02	-1.080889e+00	-6.515556e-01	-9.896813e-01	2.012444e+00	1.411778e+00	-1.402418e+00
2.447960e+02	-1.040957e+00	-6.914879e-01	-1.029614e+00	1.972512e+00	1.371845e+00	-1.362486e+00
9.801579e+01	-1.022847e+00	-7.285247e-01	-1.006277e+00	1.983420e+00	1.330786e+00	-1.321042e+00
4.447532e+01	-1.047587e+00	-7.546267e-01	-9.851110e-01	1.978093e+00	1.300215e+00	-1.310208e+00
2.641156e+01	-1.022101e+00	-7.652559e-01	-9.677465e-01	1.980306e+00	1.284633e+00	-1.302010e+00
2.084992e+01	-1.019557e+00	-7.652232e-01	-9.542373e-01	1.985561e+00	1.275187e+00	-1.299661e+00
1.650145e+01	-9.934659e-01	-7.685636e-01	-9.350609e-01	1.980716e+00	1.267609e+00	-1.310800e+00
1.438510e+01	-9.855401e-01	-7.737802e-01	-9.182993e-01	1.974662e+00	1.262406e+00	-1.322071e+00
1.109779e+01	-1.012225e+00	-7.706983e-01	-8.914814e-01	1.978162e+00	1.261642e+00	-1.335298e+00
8.104233e+00	-9.973025e-01	-7.639001e-01	-8.824248e-01	1.986829e+00	1.260301e+00	-1.341971e+00
7.604521e+00	-9.900723e-01	-7.625957e-01	-8.764528e-01	1.989807e+00	1.259491e+00	-1.341408e+00
7.442808e+00	-1.000850e+00	-7.616104e-01	-8.662871e-01	1.990346e+00	1.259274e+00	-1.343375e+00
6.394118e+00	-9.909511e-01	-7.617158e-01	-8.605086e-01	1.996718e+00	1.257335e+00	-1.340556e+00
6.635638e+00	-9.828904e-01	-7.623755e-01	-8.579314e-01	2.003803e+00	1.255020e+00	-1.334317e+00
5.618371e+00	-9.915575e-01	-7.599324e-01	-8.451370e-01	2.002934e+00	1.255434e+00	-1.342706e+00
5.536886e+00	-9.862252e-01	-7.594294e-01	-8.388075e-01	2.001779e+00	1.255973e+00	-1.346157e+00
5.236042e+00	-9.846435e-01	-7.571141e-01	-8.373249e-01	2.005426e+00	1.254993e+00	-1.343943e+00
5.542761e+00	-9.781510e-01	-7.559999e-01	-8.372654e-01	2.005969e+00	1.255046e+00	-1.343339e+00
5.708469e+00	-9.962416e-01	-7.568294e-01	-8.263386e-01	2.008097e+00	1.254271e+00	-1.342798e+00
5.056426e+00	-9.896617e-01	-7.530551e-01	-8.277252e-01	2.006415e+00	1.254138e+00	-1.342987e+00
5.170680e+00	-9.784882e-01	-7.531469e-01	-8.293802e-01	2.009836e+00	1.252598e+00	-1.338656e+00
5.078202e+00	-9.786408e-01	-7.519335e-01	-8.224732e-01	2.008357e+00	1.254372e+00	-1.343664e+00
6.114800e+00	-9.988595e-01	-7.554801e-01	-8.168046e-01	2.010413e+00	1.252881e+00	-1.339883e+00
6.394594e+00	-9.674593e-01	-7.534334e-01	-8.227000e-01	2.010478e+00	1.253091e+00	-1.334442e+00
5.282409e+00	-9.768911e-01	-7.581677e-01	-8.145835e-01	2.009234e+00	1.252375e+00	-1.336246e+00
6.482608e+00	-9.928486e-01	-7.561605e-01	-8.056630e-01	2.003992e+00	1.255014e+00	-1.345055e+00
5.287874e+00	-9.724185e-01	-7.521034e-01	-8.119129e-01	2.008819e+00	1.253179e+00	-1.340413e+00
6.512824e+00	-9.960293e-01	-7.546475e-01	-8.038017e-01	2.008056e+00	1.253692e+00	-1.343500e+00
5.001883e+00	-9.847493e-01	-7.553688e-01	-8.110432e-01	2.012692e+00	1.251554e+00	-1.334144e+00
5.073313e+00	-9.796654e-01	-7.538646e-01	-8.066460e-01	2.008953e+00	1.254105e+00	-1.337043e+00
4.834974e+00	-9.791088e-01	-7.520880e-01	-8.125467e-01	2.010726e+00	1.251660e+00	-1.335370e+00
5.168828e+00	-9.910764e-01	-7.542270e-01	-8.121136e-01	2.012142e+00	1.250778e+00	-1.335717e+00
4.785648e+00	-9.866293e-01	-7.517394e-01	-8.148547e-01	2.009715e+00	1.251441e+00	-1.335795e+00
4.849743e+00	-9.874346e-01	-7.490396e-01	-8.162712e-01	2.007194e+00	1.252471e+00	-1.338333e+00
4.924232e+00	-9.794114e-01	-7.500255e-01	-8.178227e-01	2.009605e+00	1.251754e+00	-1.333428e+00
5.263201e+00	-9.864218e-01	-7.505878e-01	-8.093201e-01	2.006124e+00	1.255067e+00	-1.337502e+00
5.422385e+00	-9.925597e-01	-7.535617e-01	-8.087879e-01	2.008908e+00	1.251343e+00	-1.334046e+00
5.372499e+00	-9.800700e-01	-7.515002e-01	-8.220753e-01	2.013979e+00	1.248175e+00	-1.328635e+00
5.863017e+00	-9.953762e-01	-7.522190e-01	-8.099810e-01	2.006245e+00	1.253272e+00	-1.340108e+00
5.281916e+00	-9.743432e-01	-7.483484e-01	-8.189572e-01	2.008856e+00	1.251599e+00	-1.338088e+00
5.364300e+00	-9.751516e-01	-7.471809e-01	-8.152807e-01	2.006998e+00	1.253954e+00	-1.338330e+00
7.116124e+00	-9.965424e-01	-7.542461e-01	-7.997945e-01	2.004930e+00	1.255520e+00	-1.336292e+00
6.077397e+00	-9.885264e-01	-7.595406e-01	-8.037379e-01	2.010258e+00	1.250352e+00	-1.327499e+00
5.660717e+00	-9.717143e-01	-7.484120e-01	-8.129306e-01	2.005533e+00	1.254107e+00	-1.336114e+00
5.975087e+00	-9.979248e-01	-7.528707e-01	-8.102305e-01	2.008549e+00	1.251262e+00	-1.334436e+00
5.127570e+00	-9.813860e-01	-7.523504e-01	-8.156890e-01	2.012522e+00	1.249087e+00	-1.327632e+00
4.847409e+00	-9.842938e-01	-7.521377e-01	-8.122716e-01	2.008317e+00	1.252121e+00	-1.334197e+00
4.879245e+00	-9.865466e-01	-7.512019e-01	-8.140036e-01	2.007362e+00	1.252422e+00	-1.334739e+00
4.970249e+00	-9.796289e-01	-7.507316e-01	-8.142360e-01	2.006367e+00	1.253277e+00	-1.335561e+00
5.460287e+00	-9.848765e-01	-7.520579e-01	-8.074156e-01	2.002404e+00	1.254784e+00	-1.341744e+00
4.919308e+00	-9.856519e-01	-7.528540e-01	-8.140701e-01	2.010459e+00	1.251767e+00	-1.331417e+00
5.075168e+00	-9.786119e-01	-7.502740e-01	-8.115658e-01	2.007727e+00	1.254498e+00	-1.336675e+00
6.064281e+00	-9.968817e-01	-7.548686e-01	-8.084241e-01	2.010757e+00	1.251120e+00	-1.333300e+00
4.776166e+00	-9.818526e-01	-7.522235e-01	-8.108207e-01	2.012541e+00	1.251746e+00	-1.334801e+00
4.819656e+00	-9.797034e-01	-7.495747e-01	-8.146404e-01	2.008361e+00	1.251192e+00	-1.335111e+00
5.734174e+00	-9.909210e-01	-7.484136e-01	-8.089030e-01	2.003443e+00	1.254119e+00	-1.345184e+00
5.035124e+00	-9.788485e-01	-7.496800e-01	-8.190817e-01	2.011454e+00	1.251256e+00	-1.331393e+00
5.027126e+00	-9.876675e-01	-7.533355e-01	-8.101960e-01	2.009751e+00	1.251381e+00	-1.332164e+00
4.930428e+00	-9.870660e-01	-7.523891e-01	-8.118377e-01	2.009475e+00	1.251855e+00	-1.332751e+00
4.908064e+00	-9.855940e-01	-7.532117e-01	-8.083460e-01	2.011534e+00	1.249942e+00	-1.332840e+00
5.489578e+00	-9.740944e-01	-7.466355e-01	-8.177876e-01	2.006307e+00	1.252916e+00	-1.337085e+00
6.498003e+00	-9.961060e-01	-7.509504e-01	-8.062613e-01	2.004674e+00	1.255740e+00	-1.337409e+00
5.351144e+00	-9.753269e-01	-7.537734e-01	-8.145743e-01	2.009668e+00	1.249198e+00	-1.330777e+00
