# loss | a0 ... a8
1.341260e+03	3.948571e-01	-7.614286e-01	1.536171e+01	1.018000e+00	4.662667e+00	3.848571e-01	-5.663810e-01	-5.828571e-01	8.197143e+00
3.207881e+02	2.724856e-01	-8.838002e-01	1.523934e+01	1.140372e+00	4.785038e+00	2.624856e-01	-6.887525e-01	-4.604856e-01	8.319514e+00
2.679780e+02	2.794614e-01	-9.109013e-01	1.515307e+01	1.236372e+00	4.869262e+00	2.454719e-01	-8.075402e-01	-3.429988e-01	8.401201e+00
2.095712e+02	3.760029e-01	-9.211449e-01	1.506536e+01	1.331056e+00	4.951461e+00	2.573090e-01	-9.469991e-01	-2.109872e-01	8.524016e+00
1.904947e+02	4.725825e-01	-9.224043e-01	1.499938e+01	1.400304e+00	4.998997e+00	2.713989e-01	-9.850463e-01	-1.774892e-01	8.564805e+00
1.986859e+02	5.891858e-01	-9.224032e-01	1.493352e+01	1.473975e+00	5.053140e+00	2.862392e-01	-1.047409e+00	-1.614502e-01	8.596852e+00
1.887378e+02	7.547016e-01	-9.129606e-01	1.479981e+01	1.586038e+00	5.151239e+00	2.806934e-01	-9.166085e-01	-2.292484e-01	8.501687e+00
1.784944e+02	9.259849e-01	-9.079278e-01	1.464104e+01	1.727706e+00	5.289383e+00	2.851170e-01	-8.938383e-01	-2.346655e-01	8.488324e+00
1.593518e+02	1.090009e+00	-9.219951e-01	1.449644e+01	1.875356e+00	5.436597e+00	2.825408e-01	-9.073710e-01	-2.147983e-01	8.514055e+00
1.305908e+02	1.284589e+00	-9.254407e-01	1.431974e+01	2.050175e+00	5.615730e+00	2.940230e-01	-9.191922e-01	-1.987853e-01	8.535044e+00
1.118309e+02	1.386770e+00	-9.376175e-01	1.418004e+01	2.183356e+00	5.769784e+00	2.865048e-01	-9.481158e-01	-1.780503e-01	8.573807e+00
1.089811e+02	1.507060e+00	-9.270801e-01	1.402498e+01	2.342796e+00	5.934381e+00	3.051338e-01	-9.640471e-01	-1.701421e-01	8.592115e+00
1.857165e+02	1.312067e+00	-9.631791e-01	1.405833e+01	2.337974e+00	6.101668e+00	2.770828e-01	-1.019133e+00	-1.463060e-01	8.669157e+00
2.231793e+02	1.367770e+00	-8.614779e-01	1.397276e+01	2.450341e+00	6.261884e+00	2.254431e-01	-7.690928e-01	-3.779161e-01	8.424918e+00
2.133778e+02	1.174595e+00	-8.827238e-01	1.412378e+01	2.353251e+00	6.128842e+00	1.970700e-01	-7.303881e-01	-3.890324e-01	8.403536e+00
1.899693e+02	1.056471e+00	-8.903306e-01	1.404252e+01	2.475273e+00	6.244407e+00	2.090113e-01	-7.324343e-01	-3.574206e-01	8.415255e+00
1.742761e+02	1.004038e+00	-9.007450e-01	1.401645e+01	2.536572e+00	6.292154e+00	2.244780e-01	-7.339803e-01	-3.472819e-01	8.424105e+00
1.614545e+02	9.572163e-01	-9.031445e-01	1.401846e+01	2.549568e+00	6.314435e+00	2.343084e-01	-7.393277e-01	-3.304280e-01	8.433571e+00
1.240330e+02	8.500862e-01	-9.309553e-01	1.397205e+01	2.629971e+00	6.419348e+00	2.530445e-01	-7.633450e-01	-2.652005e-01	8.478568e+00
1.204308e+02	7.217742e-01	-9.473573e-01	1.405949e+01	2.581288e+00	6.356619e+00	2.557079e-01	-7.751399e-01	-2.356528e-01	8.495881e+00
1.069573e+02	7.492111e-01	-9.530843e-01	1.398936e+01	2.652471e+00	6.420244e+00	2.701135e-01	-7.827557e-01	-2.176110e-01	8.509978e+00
1.197271e+02	6.891838e-01	-9.673133e-01	1.404367e+01	2.605002e+00	6.372013e+00	2.617061e-01	-7.866408e-01	-2.092383e-01	8.516301e+00
1.019251e+02	7.565420e-01	-9.602815e-01	1.393021e+01	2.715894e+00	6.474242e+00	2.919908e-01	-7.938031e-01	-1.944501e-01	8.525154e+00
1.107826e+02	7.053977e-01	-9.767193e-01	1.403162e+01	2.611988e+00	6.367605e+00	2.771868e-01	-7.967289e-01	-1.883804e-01	8.529293e+00
9.897721e+01	7.506276e-01	-9.756175e-01	1.396174e+01	2.669164e+00	6.425856e+00	2.912526e-01	-8.004941e-01	-1.817263e-01	8.534985e+00
9.636632e+01	7.635977e-01	-9.780590e-01	1.393644e+01	2.697788e+00	6.447667e+00	3.029180e-01	-8.030201e-01	-1.777493e-01	8.540168e+00
1.003282e+02	7.514502e-01	-9.859518e-01	1.396581e+01	2.649494e+00	6.400839e+00	2.943306e-01	-8.045218e-01	-1.751624e-01	8.542713e+00
9.501318e+01	7.751453e-01	-9.787940e-01	1.393111e+01	2.682695e+00	6.429462e+00	3.079628e-01	-8.049914e-01	-1.745085e-01	8.543445e+00
9.808302e+01	7.701948e-01	-9.909046e-01	1.395021e+01	2.647852e+00	6.400452e+00	3.012617e-01	-8.063841e-01	-1.724119e-01	8.548409e+00
9.487798e+01	7.993923e-01	-9.862057e-01	1.392245e+01	2.658318e+00	6.413294e+00	3.071228e-01	-8.068545e-01	-1.717927e-01	8.549387e+00
9.621833e+01	7.957855e-01	-9.949726e-01	1.392308e+01	2.657330e+00	6.409214e+00	3.072939e-01	-8.075730e-01	-1.708774e-01	8.553867e+00
9.323553e+01	8.375322e-01	-9.920047e-01	1.389081e+01	2.684721e+00	6.420516e+00	3.192018e-01	-8.080946e-01	-1.601762e-01	8.566954e+00
9.262509e+01	7.625948e-01	-9.993474e-01	1.395240e+01	2.628775e+00	6.368199e+00	3.182183e-01	-8.080454e-01	-1.584093e-01	8.571933e+00
9.452929e+01	7.802218e-01	-9.892664e-01	1.388648e+01	2.699549e+00	6.438642e+00	3.402331e-01	-8.154800e-01	-1.527196e-01	8.580159e+00
1.208669e+02	7.206793e-01	-1.018643e+00	1.404402e+01	2.527595e+00	6.261986e+00	3.069859e-01	-8.169552e-01	-1.514744e-01	8.587555e+00
8.587985e+01	8.084541e-01	-9.991206e-01	1.395028e+01	2.620135e+00	6.357334e+00	3.500241e-01	-8.247969e-01	-1.451338e-01	8.596470e+00
8.884107e+01	7.888197e-01	-1.013027e+00	1.399468e+01	2.570224e+00	6.314117e+00	3.395633e-01	-8.290197e-01	-1.439135e-01	8.604439e+00
9.215231e+01	8.429343e-01	-1.017510e+00	1.397469e+01	2.567040e+00	6.311729e+00	3.344801e-01	-8.263270e-01	-1.495413e-01	8.607390e+00
8.531797e+01	8.896001e-01	-1.009869e+00	1.389441e+01	2.650671e+00	6.408891e+00	3.529983e-01	-8.345413e-01	-1.439764e-01	8.616409e+00
8.586532e+01	8.926043e-01	-1.021971e+00	1.389465e+01	2.645605e+00	6.410991e+00	3.422249e-01	-8.395877e-01	-1.445492e-01	8.626739e+00
8.806874e+01	8.736528e-01	-1.025599e+00	1.391856e+01	2.620242e+00	6.389677e+00	3.392369e-01	-8.445558e-01	-1.450867e-01	8.631433e+00
8.194780e+01	8.377951e-01	-1.020680e+00	1.392125e+01	2.629941e+00	6.407129e+00	3.544418e-01	-8.505359e-01	-1.362914e-01	8.652148e+00
8.317515e+01	8.973004e-01	-1.020043e+00	1.388901e+01	2.642949e+00	6.430702e+00	3.531282e-01	-8.470581e-01	-1.408395e-01	8.656534e+00
1.177885e+02	8.534973e-01	-1.044993e+00	1.399382e+01	2.524247e+00	6.331694e+00	3.277999e-01	-8.629111e-01	-1.360065e-01	8.669243e+00
8.911861e+01	9.248742e-01	-1.007864e+00	1.390343e+01	2.619217e+00	6.403964e+00	3.767971e-01	-8.552211e-01	-1.476384e-01	8.662385e+00
1.066492e+02	9.147482e-01	-1.003582e+00	1.387789e+01	2.656752e+00	6.444487e+00	3.918502e-01	-8.741780e-01	-1.436297e-01	8.668914e+00
2.010408e+02	8.088742e-01	-1.062566e+00	1.405698e+01	2.436334e+00	6.243680e+00	2.948283e-01	-8.714484e-01	-1.509533e-01	8.674946e+00
9.854052e+01	9.195537e-01	-9.991745e-01	1.393718e+01	2.524008e+00	6.319797e+00	3.219290e-01	-7.760792e-01	-2.281748e-01	8.580431e+00
9.570011e+01	9.079503e-01	-9.830389e-01	1.391409e+01	2.548168e+00	6.338464e+00	3.350681e-01	-7.615143e-01	-2.358763e-01	8.564839e+00
9.484524e+01	8.962570e-01	-9.865395e-01	1.389795e+01	2.560120e+00	6.336170e+00	3.365957e-01	-7.632574e-01	-2.283038e-01	8.565678e+00
1.090761e+02	8.513756e-01	-1.009577e+00	1.393245e+01	2.529891e+00	6.307082e+00	3.121546e-01	-7.679799e-01	-2.197610e-01	8.574165e+00
9.481387e+01	8.667978e-01	-1.006542e+00	1.386956e+01	2.602089e+00	6.376651e+00	3.300024e-01	-7.738636e-01	-2.091880e-01	8.581857e+00
9.323818e+01	8.826238e-01	-1.002588e+00	1.385543e+01	2.613720e+00	6.380823e+00	3.402779e-01	-7.750661e-01	-2.070493e-01	8.583685e+00
9.635788e+01	8.322131e-01	-1.010410e+00	1.391497e+01	2.563074e+00	6.312839e+00	3.302866e-01	-7.753476e-01	-2.072544e-01	8.585398e+00
9.142617e+01	8.726006e-01	-1.006761e+00	1.386365e+01	2.607994e+00	6.364311e+00	3.452293e-01	-7.785300e-01	-2.018827e-01	8.590464e+00
1.120622e+02	7.927900e-01	-1.024732e+00	1.395251e+01	2.516999e+00	6.273760e+00	3.235085e-01	-7.786030e-01	-2.015380e-01	8.593848e+00
9.245912e+01	8.923621e-01	-1.010960e+00	1.382207e+01	2.614793e+00	6.381132e+00	3.454877e-01	-7.805654e-01	-1.986120e-01	8.596042e+00
9.569500e+01	8.999318e-01	-1.016857e+00	1.384995e+01	2.580977e+00	6.322138e+00	3.333595e-01	-7.800410e-01	-2.004657e-01	8.596370e+00
9.161901e+01	8.641528e-01	-1.020562e+00	1.384462e+01	2.600369e+00	6.346148e+00	3.422235e-01	-7.883147e-01	-1.970846e-01	8.609984e+00
9.001676e+01	8.503840e-01	-1.020338e+00	1.386488e+01	2.580255e+00	6.321334e+00	3.481729e-01	-7.879091e-01	-2.002705e-01	8.613197e+00
8.837013e+01	8.591410e-01	-1.025210e+00	1.382968e+01	2.616229e+00	6.359743e+00	3.510243e-01	-8.007212e-01	-1.877934e-01	8.627975e+00
1.002569e+02	8.820320e-01	-1.016930e+00	1.376609e+01	2.686878e+00	6.440341e+00	3.754173e-01	-8.122723e-01	-1.807265e-01	8.642804e+00
1.591961e+02	6.879674e-01	-1.061157e+00	1.399224e+01	2.464192e+00	6.187257e+00	3.179183e-01	-8.193377e-01	-1.765965e-01	8.653115e+00
