# loss | a0 ... a8
2.790148e+02	-4.280000e-01	-9.442857e-01	1.285657e+01	3.919333e+00	1.633333e+00	3.513333e-01	-6.364762e-01	-5.280000e-01	8.096571e+00
3.163561e+02	-5.503716e-01	-1.066657e+00	1.297894e+01	3.796962e+00	1.510962e+00	2.289618e-01	-7.588478e-01	-4.056284e-01	8.218943e+00
1.357536e+02	-4.694684e-01	-9.763102e-01	1.288111e+01	3.885656e+00	1.619742e+00	3.398967e-01	-8.727537e-01	-2.947444e-01	8.336911e+00
1.217961e+02	-5.093972e-01	-1.012345e+00	1.294912e+01	3.823657e+00	1.552160e+00	3.094188e-01	-8.786347e-01	-2.892199e-01	8.338697e+00
1.099891e+02	-4.345115e-01	-1.003334e+00	1.291247e+01	3.836552e+00	1.591389e+00	3.181113e-01	-8.869195e-01	-2.841518e-01	8.351036e+00
1.120323e+02	-3.632124e-01	-9.913887e-01	1.288379e+01	3.838431e+00	1.620320e+00	3.304451e-01	-8.930113e-01	-2.790298e-01	8.355563e+00
1.247311e+02	-3.676366e-01	-1.032184e+00	1.292842e+01	3.786808e+00	1.575761e+00	2.999844e-01	-8.810661e-01	-2.884683e-01	8.359991e+00
1.233733e+02	-2.533216e-01	-9.853109e-01	1.284551e+01	3.833675e+00	1.643039e+00	3.346825e-01	-8.742948e-01	-2.934655e-01	8.352060e+00
2.798080e+02	-3.153942e-01	-1.097979e+00	1.294862e+01	3.717299e+00	1.556719e+00	2.418670e-01	-9.081749e-01	-2.703636e-01	8.399313e+00
1.624676e+03	-1.999921e-01	-9.895856e-01	1.282935e+01	3.827789e+00	1.653432e+00	3.494936e-01	-1.135899e+00	-2.309692e-01	8.639190e+00
2.507023e+02	-2.406747e-01	-1.069761e+00	1.294632e+01	3.690756e+00	1.521828e+00	2.331320e-01	-9.450243e-01	-3.815627e-01	8.524986e+00
9.990649e+01	-1.311342e-01	-9.980011e-01	1.285493e+01	3.755644e+00	1.591342e+00	2.933607e-01	-9.465040e-01	-3.751723e-01	8.520194e+00
1.353002e+02	-8.020229e-02	-9.715052e-01	1.281776e+01	3.779218e+00	1.623147e+00	3.320394e-01	-9.670743e-01	-3.375315e-01	8.540815e+00
3.704048e+02	-2.005480e-01	-1.085459e+00	1.298565e+01	3.619545e+00	1.482583e+00	2.618380e-01	-9.990328e-01	-3.048562e-01	8.604277e+00
6.515678e+02	4.050312e-02	-7.910862e-01	1.286726e+01	3.771710e+00	1.380488e+00	2.053194e-01	-6.810985e-01	-6.230634e-01	8.285080e+00
8.350367e+02	-2.258130e-01	-9.576109e-01	1.314044e+01	3.521153e+00	1.150562e+00	-1.282129e-02	-6.776489e-01	-6.266005e-01	8.293988e+00
3.858118e+02	-2.015031e-01	-9.070255e-01	1.306481e+01	3.589536e+00	1.294115e+00	1.191516e-01	-6.840829e-01	-6.071082e-01	8.349840e+00
2.601395e+02	-2.095933e-01	-8.809926e-01	1.298266e+01	3.658571e+00	1.478979e+00	2.465357e-01	-7.085834e-01	-5.401345e-01	8.389154e+00
2.906962e+02	-2.718571e-01	-9.426611e-01	1.305325e+01	3.567322e+00	1.422348e+00	1.749910e-01	-7.127694e-01	-5.299781e-01	8.395985e+00
2.099868e+02	-2.665551e-01	-9.124909e-01	1.300424e+01	3.608180e+00	1.514726e+00	2.760361e-01	-7.262531e-01	-4.951784e-01	8.406959e+00
1.956482e+02	-2.619719e-01	-9.555899e-01	1.299484e+01	3.592565e+00	1.541362e+00	2.349462e-01	-7.357323e-01	-4.752199e-01	8.420394e+00
1.905058e+02	-2.462975e-01	-9.335497e-01	1.297746e+01	3.609735e+00	1.566895e+00	2.967807e-01	-7.391223e-01	-4.675642e-01	8.423182e+00
1.617482e+02	-2.430788e-01	-9.540901e-01	1.297106e+01	3.594508e+00	1.590747e+00	2.878927e-01	-7.510179e-01	-4.472472e-01	8.431334e+00
1.473797e+02	-2.286710e-01	-9.637134e-01	1.295376e+01	3.594667e+00	1.620849e+00	3.038144e-01	-7.605289e-01	-4.288526e-01	8.443214e+00
1.396978e+02	-2.497251e-01	-9.993908e-01	1.297544e+01	3.557406e+00	1.623982e+00	2.813026e-01	-7.818225e-01	-3.906136e-01	8.465781e+00
1.304106e+02	-2.527472e-01	-9.817689e-01	1.296093e+01	3.576382e+00	1.654994e+00	3.522732e-01	-8.003839e-01	-3.571184e-01	8.481134e+00
1.094691e+02	-2.107362e-01	-9.984548e-01	1.293632e+01	3.570535e+00	1.676589e+00	3.346723e-01	-8.038995e-01	-3.521267e-01	8.485416e+00
1.041192e+02	-1.953457e-01	-1.011095e+00	1.293252e+01	3.555991e+00	1.682643e+00	3.313524e-01	-8.094948e-01	-3.432632e-01	8.489499e+00
1.024493e+02	-1.818163e-01	-1.016333e+00	1.293234e+01	3.540626e+00	1.684291e+00	3.290094e-01	-8.172586e-01	-3.321079e-01	8.495343e+00
1.087992e+02	-1.820536e-01	-1.030111e+00	1.295213e+01	3.506618e+00	1.666293e+00	3.222038e-01	-8.270593e-01	-3.178992e-01	8.501851e+00
1.199545e+02	-1.284468e-01	-1.000926e+00	1.289787e+01	3.549426e+00	1.712068e+00	3.692805e-01	-8.272967e-01	-3.174760e-01	8.501318e+00
1.178081e+02	-1.364592e-01	-1.038580e+00	1.293534e+01	3.487685e+00	1.676082e+00	3.098748e-01	-8.283926e-01	-3.159552e-01	8.502764e+00
1.102836e+02	-9.739459e-02	-1.009992e+00	1.289149e+01	3.520041e+00	1.711841e+00	3.716780e-01	-8.339458e-01	-3.076517e-01	8.505699e+00
9.781899e+01	-8.643855e-02	-1.039367e+00	1.290234e+01	3.483031e+00	1.698935e+00	3.325979e-01	-8.367847e-01	-3.042578e-01	8.509047e+00
9.387098e+01	-6.896926e-02	-1.024221e+00	1.290129e+01	3.476855e+00	1.698485e+00	3.620028e-01	-8.376351e-01	-3.027341e-01	8.508579e+00
9.959518e+01	-3.830038e-02	-1.017801e+00	1.288575e+01	3.477526e+00	1.704750e+00	3.685384e-01	-8.383625e-01	-3.014159e-01	8.508245e+00
1.670498e+02	-6.961107e-02	-1.069855e+00	1.295588e+01	3.386715e+00	1.653092e+00	2.918336e-01	-8.404214e-01	-2.989760e-01	8.510992e+00
8.804590e+01	1.238518e-03	-1.031450e+00	1.287004e+01	3.458956e+00	1.716304e+00	3.531235e-01	-8.425628e-01	-2.959736e-01	8.511507e+00
1.123203e+02	-3.367992e-02	-1.054400e+00	1.294162e+01	3.379906e+00	1.657051e+00	3.245803e-01	-8.431291e-01	-2.949003e-01	8.511849e+00
1.101501e+02	-1.177385e-02	-1.017799e+00	1.291465e+01	3.417117e+00	1.672931e+00	3.948384e-01	-8.501561e-01	-2.935702e-01	8.511388e+00
1.222807e+02	-6.636026e-03	-1.060973e+00	1.295055e+01	3.342974e+00	1.640199e+00	3.191508e-01	-8.511959e-01	-2.925957e-01	8.512483e+00
1.965222e+02	4.507449e-02	-1.001631e+00	1.288645e+01	3.411857e+00	1.685126e+00	4.344698e-01	-8.616201e-01	-2.826260e-01	8.521008e+00
2.608824e+02	-7.257601e-02	-1.118090e+00	1.307140e+01	3.196568e+00	1.541270e+00	2.944653e-01	-8.611307e-01	-2.828757e-01	8.523997e+00
8.306965e+01	-1.845338e-03	-1.056197e+00	1.298987e+01	3.272978e+00	1.595713e+00	4.007182e-01	-8.675483e-01	-2.787526e-01	8.529737e+00
8.211634e+01	2.102459e-02	-1.053240e+00	1.297663e+01	3.268829e+00	1.601513e+00	4.039516e-01	-8.728741e-01	-2.754392e-01	8.533003e+00
8.528940e+01	5.589592e-02	-1.050270e+00	1.294224e+01	3.288067e+00	1.624542e+00	4.167297e-01	-8.874383e-01	-2.666214e-01	8.543445e+00
1.620820e+02	5.326546e-02	-1.099710e+00	1.298431e+01	3.208650e+00	1.578156e+00	3.254546e-01	-8.767963e-01	-2.768778e-01	8.539955e+00
8.074660e+01	1.030321e-01	-1.051952e+00	1.291425e+01	3.278288e+00	1.628109e+00	4.103887e-01	-8.972475e-01	-2.610263e-01	8.556542e+00
1.260393e+02	1.163786e-01	-1.089436e+00	1.293497e+01	3.228810e+00	1.597707e+00	3.357643e-01	-8.810048e-01	-2.739900e-01	8.549993e+00
7.420992e+01	1.532002e-01	-1.056803e+00	1.288639e+01	3.267639e+00	1.631870e+00	3.783608e-01	-8.833552e-01	-2.723644e-01	8.550656e+00
8.436225e+01	1.729496e-01	-1.037729e+00	1.287681e+01	3.272469e+00	1.627010e+00	3.969502e-01	-8.792387e-01	-2.782195e-01	8.548665e+00
9.875163e+01	1.143061e-01	-1.082251e+00	1.295814e+01	3.203624e+00	1.583126e+00	3.644512e-01	-8.876893e-01	-2.729050e-01	8.555637e+00
9.537436e+01	1.802212e-01	-1.026132e+00	1.289099e+01	3.256810e+00	1.609859e+00	3.916128e-01	-8.424073e-01	-3.077497e-01	8.521865e+00
1.430199e+02	1.189399e-01	-1.076831e+00	1.298717e+01	3.147383e+00	1.545700e+00	3.251736e-01	-8.443718e-01	-3.047705e-01	8.523659e+00
1.065857e+02	1.780771e-01	-1.023169e+00	1.290671e+01	3.219536e+00	1.599743e+00	4.108415e-01	-8.561650e-01	-2.924639e-01	8.532389e+00
7.902719e+01	1.558148e-01	-1.050500e+00	1.294044e+01	3.177873e+00	1.586161e+00	3.837837e-01	-8.570150e-01	-2.909537e-01	8.534197e+00
8.679326e+01	1.562657e-01	-1.060374e+00	1.295009e+01	3.156723e+00	1.571517e+00	3.651241e-01	-8.615538e-01	-2.890221e-01	8.538513e+00
1.168374e+02	2.021481e-01	-1.028064e+00	1.289305e+01	3.197383e+00	1.603447e+00	4.307947e-01	-8.810886e-01	-2.730051e-01	8.553808e+00
1.158695e+02	1.205742e-01	-1.086519e+00	1.299443e+01	3.091699e+00	1.545450e+00	3.582196e-01	-8.779706e-01	-2.765853e-01	8.554547e+00
1.018645e+02	1.904844e-01	-1.036396e+00	1.290406e+01	3.157092e+00	1.593879e+00	4.302314e-01	-8.789429e-01	-2.787264e-01	8.555688e+00
2.902754e+02	1.028995e-01	-1.130112e+00	1.302269e+01	3.023762e+00	1.517853e+00	3.106160e-01	-8.969196e-01	-2.709918e-01	8.570214e+00
4.626664e+02	2.370386e-01	-8.369832e-01	1.292120e+01	3.158978e+00	1.466421e+00	2.260105e-01	-4.903945e-01	-6.340333e-01	8.206305e+00
5.012210e+02	-2.433960e-02	-9.392583e-01	1.310002e+01	3.018571e+00	1.534202e+00	1.228983e-01	-4.967380e-01	-6.078677e-01	8.218555e+00
