# loss | a0 ... a8
9.381810e+02	1.126286e+00	-1.323714e+00	1.470343e+01	1.882000e+00	1.613333e-01	2.842857e-01	-6.547619e-01	4.091429e-01	1.067486e+01
4.861918e+02	1.248657e+00	-1.201343e+00	1.458106e+01	2.004372e+00	3.896175e-02	4.066573e-01	-5.323903e-01	5.315144e-01	1.055249e+01
2.553943e+02	1.405885e+00	-1.042440e+00	1.443532e+01	2.153737e+00	7.144440e-02	5.626299e-01	-4.513187e-01	6.043371e-01	1.039238e+01
9.313227e+02	1.535300e+00	-9.257857e-01	1.430225e+01	2.285346e+00	1.674571e-01	6.653183e-01	-5.039040e-01	6.080127e-01	1.027957e+01
3.469054e+02	1.459614e+00	-1.000592e+00	1.436024e+01	2.236584e+00	2.321072e-01	5.945382e-01	-5.325563e-01	6.216305e-01	1.035659e+01
2.080471e+02	1.406365e+00	-1.074394e+00	1.439269e+01	2.206663e+00	3.069702e-01	5.201636e-01	-5.650899e-01	6.109662e-01	1.043065e+01
2.901914e+02	1.371637e+00	-1.133624e+00	1.440840e+01	2.198689e+00	3.842644e-01	4.583585e-01	-5.984743e-01	5.887569e-01	1.048613e+01
3.993332e+02	1.362777e+00	-1.172567e+00	1.439497e+01	2.216156e+00	4.650921e-01	4.171446e-01	-6.301147e-01	5.640935e-01	1.052032e+01
4.741790e+02	1.366573e+00	-1.196529e+00	1.436806e+01	2.249499e+00	5.474470e-01	3.936880e-01	-6.605729e-01	5.313585e-01	1.054151e+01
5.072872e+02	1.383445e+00	-1.208255e+00	1.433102e+01	2.296904e+00	6.305490e-01	3.830148e-01	-6.796291e-01	5.138211e-01	1.054986e+01
4.869935e+02	1.414696e+00	-1.206716e+00	1.428264e+01	2.355738e+00	7.148616e-01	3.891767e-01	-6.954744e-01	5.002843e-01	1.054711e+01
4.416424e+02	1.454884e+00	-1.199864e+00	1.422349e+01	2.422843e+00	8.031538e-01	4.008371e-01	-7.243977e-01	4.544869e-01	1.053986e+01
3.604352e+02	1.504996e+00	-1.182718e+00	1.415352e+01	2.500596e+00	8.932326e-01	4.240675e-01	-7.555566e-01	3.926007e-01	1.052224e+01
2.790284e+02	1.526593e+00	-1.162446e+00	1.410562e+01	2.574812e+00	9.858359e-01	4.503065e-01	-7.916583e-01	3.151499e-01	1.049960e+01
2.208099e+02	1.562569e+00	-1.136627e+00	1.404141e+01	2.662304e+00	1.087036e+00	4.811603e-01	-8.469330e-01	2.189056e-01	1.047374e+01
1.676420e+02	1.579700e+00	-1.108892e+00	1.399013e+01	2.752776e+00	1.191866e+00	5.126922e-01	-8.499903e-01	1.994653e-01	1.044621e+01
1.554394e+02	1.523666e+00	-1.083332e+00	1.402034e+01	2.823393e+00	1.306008e+00	5.428325e-01	-8.445661e-01	1.857870e-01	1.041913e+01
1.782109e+02	1.443678e+00	-1.062556e+00	1.407497e+01	2.873791e+00	1.423728e+00	5.676362e-01	-8.361116e-01	1.776388e-01	1.039489e+01
1.890000e+02	1.359801e+00	-1.055132e+00	1.413854e+01	2.898573e+00	1.525676e+00	5.756221e-01	-8.283991e-01	1.624632e-01	1.038068e+01
1.696546e+02	1.266626e+00	-1.060567e+00	1.421452e+01	2.884500e+00	1.604208e+00	5.690020e-01	-8.192824e-01	1.448875e-01	1.037452e+01
1.527947e+02	1.192175e+00	-1.067950e+00	1.427272e+01	2.881781e+00	1.678637e+00	5.590775e-01	-8.172357e-01	1.211457e-01	1.037252e+01
1.391845e+02	1.136548e+00	-1.077191e+00	1.431111e+01	2.891774e+00	1.753916e+00	5.457104e-01	-8.114059e-01	1.039916e-01	1.037411e+01
1.356129e+02	1.087133e+00	-1.087883e+00	1.434613e+01	2.894967e+00	1.813343e+00	5.291766e-01	-8.077504e-01	7.989006e-02	1.037546e+01
1.521014e+02	1.053033e+00	-1.094864e+00	1.436655e+01	2.913032e+00	1.874860e+00	5.150053e-01	-8.039538e-01	6.091284e-02	1.037445e+01
1.379474e+02	1.028518e+00	-1.099936e+00	1.437774e+01	2.935744e+00	1.932628e+00	5.017298e-01	-7.681538e-01	6.805185e-02	1.037226e+01
1.356983e+02	1.014649e+00	-1.101617e+00	1.437728e+01	2.969270e+00	1.993207e+00	4.914144e-01	-7.319562e-01	7.864739e-02	1.036821e+01
1.338880e+02	1.010458e+00	-1.099627e+00	1.436699e+01	3.011166e+00	2.054084e+00	4.841414e-01	-6.982962e-01	8.439642e-02	1.036085e+01
1.296041e+02	1.014676e+00	-1.094672e+00	1.434723e+01	3.060979e+00	2.117363e+00	4.786836e-01	-6.651063e-01	8.165610e-02	1.035195e+01
1.225005e+02	1.023819e+00	-1.088068e+00	1.432385e+01	3.113088e+00	2.180383e+00	4.749868e-01	-6.515275e-01	6.732068e-02	1.034084e+01
1.127933e+02	1.037512e+00	-1.080375e+00	1.429430e+01	3.171800e+00	2.248114e+00	4.725496e-01	-6.526424e-01	4.072403e-02	1.032993e+01
1.051699e+02	1.053140e+00	-1.072991e+00	1.426544e+01	3.223653e+00	2.306685e+00	4.698890e-01	-6.585616e-01	1.325814e-02	1.031731e+01
1.003604e+02	1.064215e+00	-1.065048e+00	1.424077e+01	3.271168e+00	2.360659e+00	4.680254e-01	-6.693414e-01	-1.442528e-02	1.030212e+01
9.617309e+01	1.078466e+00	-1.061161e+00	1.421535e+01	3.312310e+00	2.408545e+00	4.624048e-01	-6.812107e-01	-4.379932e-02	1.029192e+01
9.131970e+01	1.081429e+00	-1.060046e+00	1.420005e+01	3.339683e+00	2.448445e+00	4.541636e-01	-6.984370e-01	-7.352331e-02	1.028209e+01
9.291263e+01	1.086873e+00	-1.059021e+00	1.418556e+01	3.361988e+00	2.479419e+00	4.457558e-01	-7.080596e-01	-1.007208e-01	1.027244e+01
1.156156e+02	1.095697e+00	-1.057459e+00	1.416760e+01	3.388758e+00	2.514989e+00	4.387814e-01	-7.265215e-01	-1.508731e-01	1.026188e+01
1.444140e+02	1.085739e+00	-1.059259e+00	1.416914e+01	3.389075e+00	2.526874e+00	4.279662e-01	-7.275513e-01	-1.882998e-01	1.025132e+01
8.868094e+01	1.080036e+00	-1.047471e+00	1.416626e+01	3.404989e+00	2.538982e+00	4.240707e-01	-6.469048e-01	-1.353156e-01	1.022300e+01
9.748379e+01	1.065350e+00	-1.039730e+00	1.417194e+01	3.409887e+00	2.542485e+00	4.179888e-01	-5.840423e-01	-9.441115e-02	1.019880e+01
1.035239e+02	1.055996e+00	-1.032496e+00	1.417331e+01	3.417385e+00	2.550610e+00	4.126581e-01	-5.312471e-01	-5.924690e-02	1.017622e+01
1.026728e+02	1.027242e+00	-1.030949e+00	1.419467e+01	3.400306e+00	2.541169e+00	4.031281e-01	-4.914372e-01	-3.337553e-02	1.015723e+01
1.035884e+02	9.971027e-01	-1.029226e+00	1.421361e+01	3.388927e+00	2.541837e+00	3.947945e-01	-4.599996e-01	-1.087274e-02	1.013853e+01
1.063501e+02	9.677557e-01	-1.029105e+00	1.423440e+01	3.370074e+00	2.535228e+00	3.859208e-01	-4.345547e-01	8.922397e-03	1.012207e+01
1.099970e+02	9.355616e-01	-1.029161e+00	1.425468e+01	3.354526e+00	2.536133e+00	3.784620e-01	-4.176772e-01	2.594415e-02	1.010748e+01
1.112036e+02	9.153844e-01	-1.026140e+00	1.426508e+01	3.349693e+00	2.544981e+00	3.744819e-01	-4.046204e-01	4.116702e-02	1.009192e+01
1.111480e+02	8.954401e-01	-1.022374e+00	1.427321e+01	3.350127e+00	2.560166e+00	3.716449e-01	-3.954426e-01	5.513017e-02	1.007594e+01
1.091968e+02	8.856506e-01	-1.016821e+00	1.427297e+01	3.358402e+00	2.582807e+00	3.715917e-01	-3.913354e-01	6.798282e-02	1.006159e+01
1.069291e+02	8.860699e-01	-1.009914e+00	1.426060e+01	3.381026e+00	2.619686e+00	3.736600e-01	-3.930113e-01	8.003869e-02	1.004879e+01
1.063550e+02	8.777155e-01	-1.006647e+00	1.425897e+01	3.385144e+00	2.640141e+00	3.718608e-01	-3.952319e-01	9.032852e-02	1.003668e+01
1.061699e+02	8.793111e-01	-1.002382e+00	1.424732e+01	3.400643e+00	2.670232e+00	3.708266e-01	-3.983682e-01	9.970399e-02	1.002531e+01
1.045414e+02	8.676911e-01	-1.002572e+00	1.425095e+01	3.393592e+00	2.682419e+00	3.662882e-01	-4.061211e-01	1.069610e-01	1.001586e+01
1.029272e+02	8.575040e-01	-1.003767e+00	1.425428e+01	3.383680e+00	2.693912e+00	3.617711e-01	-4.174683e-01	1.127755e-01	1.000798e+01
1.021835e+02	8.467151e-01	-1.005323e+00	1.425812e+01	3.374199e+00	2.704160e+00	3.563197e-01	-4.284652e-01	1.178810e-01	1.000016e+01
1.033725e+02	8.343225e-01	-1.007861e+00	1.426581e+01	3.357638e+00	2.707344e+00	3.496853e-01	-4.382436e-01	1.223656e-01	9.992727e+00
1.019632e+02	8.298698e-01	-1.006884e+00	1.426237e+01	3.357620e+00	2.725484e+00	3.475507e-01	-4.511856e-01	1.263001e-01	9.984991e+00
9.869847e+01	8.302661e-01	-1.002726e+00	1.425234e+01	3.366887e+00	2.752523e+00	3.491419e-01	-4.628703e-01	1.295021e-01	9.976896e+00
9.656808e+01	8.301891e-01	-9.997836e-01	1.424431e+01	3.372894e+00	2.774918e+00	3.495253e-01	-4.765960e-01	1.324801e-01	9.969399e+00
9.508499e+01	8.330655e-01	-9.951408e-01	1.423072e+01	3.390998e+00	2.808132e+00	3.522036e-01	-4.893375e-01	1.352759e-01	9.962396e+00
9.396470e+01	8.300982e-01	-9.943255e-01	1.422805e+01	3.387066e+00	2.820984e+00	3.506032e-01	-5.028253e-01	1.371522e-01	9.956227e+00
9.296171e+01	8.299414e-01	-9.918213e-01	1.422165e+01	3.388781e+00	2.838278e+00	3.515340e-01	-5.179160e-01	1.355373e-01	9.949980e+00
9.115683e+01	8.214737e-01	-9.949762e-01	1.422552e+01	3.373079e+00	2.840166e+00	3.460967e-01	-5.327659e-01	1.340055e-01	9.945939e+00
9.110605e+01	8.130819e-01	-9.983184e-01	1.422875e+01	3.359080e+00	2.843688e+00	3.409878e-01	-5.473822e-01	1.325914e-01	9.941963e+00
9.222402e+01	8.065521e-01	-1.000912e+00	1.423104e+01	3.345608e+00	2.847110e+00	3.363004e-01	-5.621794e-01	1.295961e-01	9.938422e+00
9.148613e+01	8.028610e-01	-1.000163e+00	1.422953e+01	3.339767e+00	2.857118e+00	3.353920e-01	-5.773771e-01	1.256352e-01	9.933573e+00
9.054472e+01	8.022090e-01	-9.990101e-01	1.422520e+01	3.337340e+00	2.868854e+00	3.348468e-01	-5.906210e-01	1.223104e-01	9.929235e+00
8.888453e+01	8.018826e-01	-9.962503e-01	1.421826e+01	3.340581e+00	2.887635e+00	3.351699e-01	-6.021979e-01	1.195443e-01	9.923701e+00
8.732503e+01	8.044746e-01	-9.930754e-01	1.421106e+01	3.343405e+00	2.902444e+00	3.369835e-01	-6.136807e-01	1.161841e-01	9.919312e+00
8.731757e+01	8.049323e-01	-9.928669e-01	1.420947e+01	3.333807e+00	2.907306e+00	3.349773e-01	-6.249030e-01	1.122047e-01	9.915431e+00
8.625351e+01	8.070395e-01	-9.894538e-01	1.420307e+01	3.336808e+00	2.921689e+00	3.373039e-01	-6.341177e-01	1.088520e-01	9.911297e+00
8.607405e+01	8.083796e-01	-9.854528e-01	1.419534e+01	3.343244e+00	2.941188e+00	3.401855e-01	-6.428826e-01	1.051737e-01	9.906640e+00
8.582470e+01	8.052782e-01	-9.855892e-01	1.419677e+01	3.334901e+00	2.945131e+00	3.386900e-01	-6.500190e-01	1.018218e-01	9.904076e+00
8.536998e+01	8.008957e-01	-9.879062e-01	1.419906e+01	3.325421e+00	2.949130e+00	3.354398e-01	-6.559897e-01	9.879690e-02	9.902181e+00
8.566832e+01	7.953348e-01	-9.903204e-01	1.420353e+01	3.312038e+00	2.948530e+00	3.322208e-01	-6.611051e-01	9.546133e-02	9.901072e+00
8.499226e+01	7.971616e-01	-9.898356e-01	1.420140e+01	3.307184e+00	2.953820e+00	3.315946e-01	-6.715465e-01	8.660903e-02	9.898768e+00
8.481638e+01	7.923933e-01	-9.914476e-01	1.420446e+01	3.296210e+00	2.956035e+00	3.294673e-01	-6.797614e-01	7.828504e-02	9.897794e+00
8.459300e+01	7.933062e-01	-9.946322e-01	1.420387e+01	3.286039e+00	2.959076e+00	3.257611e-01	-6.971383e-01	5.932563e-02	9.898916e+00
8.173567e+01	7.923789e-01	-9.935851e-01	1.420135e+01	3.284084e+00	2.969513e+00	3.271960e-01	-7.124308e-01	4.287948e-02	9.898436e+00
7.972139e+01	7.853399e-01	-9.942481e-01	1.420451e+01	3.275272e+00	2.974814e+00	3.268046e-01	-7.316465e-01	2.160121e-02	9.898328e+00
7.531537e+01	7.897426e-01	-9.902273e-01	1.419460e+01	3.282934e+00	2.993061e+00	3.317081e-01	-7.501572e-01	1.915251e-03	9.897889e+00
7.331698e+01	7.922505e-01	-9.914828e-01	1.418942e+01	3.278977e+00	3.003724e+00	3.316478e-01	-7.685145e-01	-1.692658e-02	9.898548e+00
7.091899e+01	7.974846e-01	-9.874418e-01	1.417834e+01	3.288358e+00	3.022072e+00	3.370739e-01	-7.827608e-01	-3.495268e-02	9.897639e+00
6.959306e+01	7.950345e-01	-9.846277e-01	1.417807e+01	3.284245e+00	3.026095e+00	3.402205e-01	-7.933308e-01	-5.278720e-02	9.896043e+00
7.095366e+01	7.965989e-01	-9.835069e-01	1.417348e+01	3.284308e+00	3.036080e+00	3.413564e-01	-8.016116e-01	-6.868498e-02	9.895938e+00
7.293485e+01	7.949739e-01	-9.851652e-01	1.417459e+01	3.273753e+00	3.036284e+00	3.371926e-01	-8.065994e-01	-8.518117e-02	9.895098e+00
8.362947e+01	7.914398e-01	-9.874800e-01	1.417684e+01	3.261925e+00	3.036869e+00	3.337161e-01	-8.159715e-01	-1.102589e-01	9.898158e+00
8.877579e+01	7.940429e-01	-9.865701e-01	1.417327e+01	3.257893e+00	3.041217e+00	3.332126e-01	-8.192524e-01	-1.327053e-01	9.899990e+00
6.899092e+01	7.919639e-01	-9.810294e-01	1.417425e+01	3.248916e+00	3.040407e+00	3.297820e-01	-7.829655e-01	-1.536642e-01	9.899472e+00
7.067174e+01	7.904982e-01	-9.741277e-01	1.417036e+01	3.249050e+00	3.051105e+00	3.283911e-01	-7.504299e-01	-1.731126e-01	9.898309e+00
7.371289e+01	7.859796e-01	-9.719435e-01	1.417405e+01	3.235493e+00	3.047849e+00	3.242352e-01	-7.266948e-01	-1.891142e-01	9.899031e+00
7.517522e+01	7.835829e-01	-9.697297e-01	1.417503e+01	3.226060e+00	3.047881e+00	3.222737e-01	-7.201299e-01	-2.037837e-01	9.900492e+00
7.681451e+01	7.758781e-01	-9.721323e-01	1.418018e+01	3.210072e+00	3.047497e+00	3.174890e-01	-7.155825e-01	-2.147972e-01	9.904367e+00
7.823330e+01	7.683895e-01	-9.774610e-01	1.418317e+01	3.193883e+00	3.052427e+00	3.130074e-01	-7.236314e-01	-2.241383e-01	9.912413e+00
7.655560e+01	7.650357e-01	-9.775334e-01	1.417987e+01	3.190218e+00	3.064572e+00	3.139399e-01	-7.342543e-01	-2.291345e-01	9.917211e+00
6.958096e+01	7.702573e-01	-9.736755e-01	1.416433e+01	3.202571e+00	3.091323e+00	3.209805e-01	-7.523166e-01	-2.305301e-01	9.922157e+00
6.789517e+01	7.682994e-01	-9.722709e-01	1.415766e+01	3.204172e+00	3.108658e+00	3.249184e-01	-7.685767e-01	-2.310840e-01	9.926814e+00
6.845189e+01	7.656850e-01	-9.726670e-01	1.415433e+01	3.198079e+00	3.120428e+00	3.271716e-01	-7.845541e-01	-2.311611e-01	9.931845e+00
7.416239e+01	7.625377e-01	-9.727484e-01	1.414983e+01	3.196546e+00	3.134807e+00	3.289400e-01	-7.991916e-01	-2.316044e-01	9.935943e+00
6.943269e+01	7.508230e-01	-9.719014e-01	1.415529e+01	3.184068e+00	3.138744e+00	3.277623e-01	-7.882259e-01	-2.300799e-01	9.934733e+00
6.751493e+01	7.498824e-01	-9.697371e-01	1.415066e+01	3.182140e+00	3.149308e+00	3.276620e-01	-7.804022e-01	-2.277568e-01	9.937676e+00
6.782381e+01	7.476772e-01	-9.659957e-01	1.414633e+01	3.183493e+00	3.160512e+00	3.299287e-01	-7.747006e-01	-2.255286e-01	9.939399e+00
6.784790e+01	7.426676e-01	-9.721761e-01	1.414709e+01	3.171958e+00	3.165752e+00	3.249927e-01	-7.716854e-01	-2.333445e-01	9.949751e+00
7.465863e+01	7.432281e-01	-9.785436e-01	1.414173e+01	3.165841e+00	3.176556e+00	3.208715e-01	-7.825722e-01	-2.438153e-01	9.958883e+00
8.259709e+01	7.409249e-01	-9.819160e-01	1.413811e+01	3.160990e+00	3.187062e+00	3.197848e-01	-7.909403e-01	-2.527273e-01	9.966331e+00
9.268949e+01	7.398571e-01	-9.827308e-01	1.413318e+01	3.158531e+00	3.198726e+00	3.210322e-01	-7.990463e-01	-2.595258e-01	9.971580e+00
7.455041e+01	7.500845e-01	-9.625809e-01	1.411891e+01	3.175847e+00	3.213281e+00	3.264968e-01	-7.242003e-01	-2.517358e-01	9.949844e+00
