# loss | a0 ... a8
4.208396e+02	-7.845714e-01	-8.208571e-01	1.271029e+01	2.383333e+00	3.617333e+00	1.761905e-02	-5.679048e-01	-5.600000e-01	1.009886e+01
3.252140e+02	-6.621998e-01	-6.984856e-01	1.258791e+01	2.505705e+00	3.739705e+00	1.399906e-01	-6.902763e-01	-4.376284e-01	9.976486e+00
2.805074e+02	-7.640266e-01	-8.017134e-01	1.267498e+01	2.410763e+00	3.652914e+00	4.803135e-02	-6.840965e-01	-4.407918e-01	1.007993e+01
1.778255e+02	-7.670181e-01	-7.859862e-01	1.268535e+01	2.401490e+00	3.642543e+00	9.462500e-02	-7.347734e-01	-3.971758e-01	1.010218e+01
1.352821e+02	-7.420011e-01	-7.700610e-01	1.268098e+01	2.403676e+00	3.648206e+00	1.255695e-01	-7.817649e-01	-3.674363e-01	1.010615e+01
1.321425e+02	-7.385816e-01	-7.570958e-01	1.269832e+01	2.387230e+00	3.631775e+00	1.597578e-01	-8.348617e-01	-3.421215e-01	1.010980e+01
9.860873e+01	-7.259917e-01	-7.806554e-01	1.271149e+01	2.368925e+00	3.620662e+00	1.539218e-01	-8.828905e-01	-3.217259e-01	1.015185e+01
2.346192e+02	-7.218066e-01	-8.040022e-01	1.273450e+01	2.342677e+00	3.602414e+00	1.470536e-01	-1.007199e+00	-3.112745e-01	1.017761e+01
1.243020e+02	-6.822435e-01	-7.584374e-01	1.274323e+01	2.330814e+00	3.596611e+00	1.710289e-01	-8.945009e-01	-4.228193e-01	1.011557e+01
1.212146e+02	-6.764069e-01	-7.806264e-01	1.278185e+01	2.283179e+00	3.562094e+00	1.480361e-01	-8.526882e-01	-4.893061e-01	1.014659e+01
1.096064e+02	-6.461002e-01	-7.828137e-01	1.278260e+01	2.278086e+00	3.562143e+00	1.566964e-01	-8.683207e-01	-4.767499e-01	1.016865e+01
1.060081e+02	-6.091575e-01	-7.938325e-01	1.278529e+01	2.269823e+00	3.559293e+00	1.582716e-01	-9.032347e-01	-4.708945e-01	1.020103e+01
1.091143e+02	-5.638535e-01	-7.768045e-01	1.277082e+01	2.278210e+00	3.574372e+00	1.966087e-01	-9.407305e-01	-4.268802e-01	1.019745e+01
1.177567e+02	-5.591537e-01	-8.097717e-01	1.280865e+01	2.233472e+00	3.544878e+00	1.705830e-01	-9.299977e-01	-4.128080e-01	1.021790e+01
1.249807e+02	-5.149249e-01	-7.770136e-01	1.280681e+01	2.225203e+00	3.547036e+00	1.640325e-01	-7.997381e-01	-4.656773e-01	1.010415e+01
1.427276e+02	-4.809108e-01	-7.659008e-01	1.280087e+01	2.225579e+00	3.551258e+00	1.676282e-01	-7.466164e-01	-4.790649e-01	1.006881e+01
1.371073e+02	-4.585892e-01	-7.737007e-01	1.280774e+01	2.208668e+00	3.548963e+00	1.653648e-01	-7.384060e-01	-4.563925e-01	1.006403e+01
1.457687e+02	-4.444626e-01	-8.072028e-01	1.281998e+01	2.187880e+00	3.540851e+00	1.439036e-01	-7.464312e-01	-4.142841e-01	1.009787e+01
1.232347e+02	-3.994091e-01	-7.806830e-01	1.279044e+01	2.208491e+00	3.564742e+00	1.908058e-01	-7.623523e-01	-3.733521e-01	1.008953e+01
1.066204e+02	-3.525969e-01	-8.089379e-01	1.279492e+01	2.188223e+00	3.561612e+00	1.767531e-01	-7.736484e-01	-3.559748e-01	1.012284e+01
9.513630e+01	-3.539815e-01	-8.033064e-01	1.279700e+01	2.186957e+00	3.559977e+00	2.029869e-01	-7.980528e-01	-3.123018e-01	1.012593e+01
8.074738e+01	-3.809537e-01	-8.145656e-01	1.281761e+01	2.170242e+00	3.541306e+00	2.202840e-01	-8.291499e-01	-2.658268e-01	1.014401e+01
8.527229e+01	-3.593068e-01	-8.441445e-01	1.282291e+01	2.152573e+00	3.535143e+00	2.039360e-01	-8.616386e-01	-2.494980e-01	1.017178e+01
1.088448e+02	-3.470485e-01	-8.037745e-01	1.282740e+01	2.146545e+00	3.528146e+00	2.342294e-01	-7.784223e-01	-2.223619e-01	1.009506e+01
9.265179e+01	-3.105777e-01	-8.348910e-01	1.283223e+01	2.125406e+00	3.520811e+00	2.015981e-01	-7.482445e-01	-2.097836e-01	1.010903e+01
8.464339e+01	-2.656477e-01	-8.330789e-01	1.281221e+01	2.132331e+00	3.533812e+00	2.164146e-01	-7.519644e-01	-1.894257e-01	1.011703e+01
8.125936e+01	-2.435061e-01	-8.360029e-01	1.281120e+01	2.124307e+00	3.528923e+00	2.233787e-01	-7.608623e-01	-1.722856e-01	1.011467e+01
7.800382e+01	-2.246707e-01	-8.409863e-01	1.281414e+01	2.114192e+00	3.518262e+00	2.259241e-01	-7.710476e-01	-1.550615e-01	1.011785e+01
7.301871e+01	-2.140592e-01	-8.451958e-01	1.281047e+01	2.112024e+00	3.519511e+00	2.339761e-01	-7.902708e-01	-1.430902e-01	1.012294e+01
6.866034e+01	-2.149257e-01	-8.607826e-01	1.281399e+01	2.104615e+00	3.513499e+00	2.315075e-01	-8.212673e-01	-1.317441e-01	1.014047e+01
7.215808e+01	-1.928242e-01	-8.441208e-01	1.280275e+01	2.112371e+00	3.518615e+00	2.600413e-01	-8.381775e-01	-1.289517e-01	1.013116e+01
8.272321e+01	-1.910117e-01	-8.389817e-01	1.280381e+01	2.112899e+00	3.511454e+00	2.691738e-01	-8.610236e-01	-1.288252e-01	1.011901e+01
2.549522e+02	-2.131808e-01	-9.078839e-01	1.284522e+01	2.061688e+00	3.481240e+00	2.034057e-01	-8.706525e-01	-1.357730e-01	1.015115e+01
3.157516e+02	-1.659381e-01	-7.375854e-01	1.284198e+01	2.070862e+00	3.470825e+00	2.317833e-01	-6.007842e-01	-1.164657e-01	9.935823e+00
1.769076e+02	-2.159641e-01	-7.529995e-01	1.288571e+01	2.034239e+00	3.439301e+00	1.610941e-01	-4.892122e-01	-1.055410e-01	9.910293e+00
2.531587e+02	-2.620685e-01	-8.093971e-01	1.290670e+01	2.007320e+00	3.428765e+00	8.780205e-02	-4.410781e-01	-9.216491e-02	9.939055e+00
1.989337e+02	-2.273607e-01	-8.010417e-01	1.286404e+01	2.049270e+00	3.460223e+00	1.108576e-01	-4.300292e-01	-5.026839e-02	9.944543e+00
2.222750e+02	-1.784071e-01	-7.548090e-01	1.280262e+01	2.102886e+00	3.504899e+00	2.067707e-01	-4.357438e-01	1.415874e-02	9.944013e+00
1.545205e+02	-2.589792e-01	-7.828159e-01	1.283574e+01	2.075020e+00	3.480474e+00	2.040364e-01	-4.386835e-01	2.585826e-02	9.971278e+00
1.507429e+02	-3.373023e-01	-8.363547e-01	1.286835e+01	2.051243e+00	3.456792e+00	1.664925e-01	-4.519562e-01	5.669961e-02	1.001506e+01
1.169633e+02	-2.919311e-01	-8.215991e-01	1.282776e+01	2.085288e+00	3.489244e+00	2.081332e-01	-4.593198e-01	7.230044e-02	1.002211e+01
1.139009e+02	-2.530306e-01	-8.236626e-01	1.279463e+01	2.114078e+00	3.511792e+00	2.184223e-01	-4.667464e-01	8.658968e-02	1.003028e+01
1.097026e+02	-2.393215e-01	-8.305493e-01	1.279291e+01	2.107661e+00	3.513883e+00	2.269898e-01	-4.766880e-01	9.890852e-02	1.003861e+01
