# loss | a0 ... a8
1.001707e+03	3.683556e-01	-1.249867e+00	1.532415e+01	5.758326e+00	4.236711e+00	9.165926e-01	-9.649185e-01	2.629333e-01	1.075425e+01
1.292442e+03	2.224477e-01	-1.395775e+00	1.547006e+01	5.612418e+00	4.090803e+00	7.706847e-01	-1.110826e+00	1.170255e-01	1.090016e+01
8.302707e+02	3.601555e-01	-1.268507e+00	1.533515e+01	5.746798e+00	4.226530e+00	9.055217e-01	-9.654394e-01	2.623463e-01	1.083436e+01
8.227759e+02	3.073365e-01	-1.271856e+00	1.535772e+01	5.751621e+00	4.221816e+00	9.461797e-01	-8.651314e-01	3.612802e-01	1.089383e+01
7.462030e+02	2.451886e-01	-1.285454e+00	1.538950e+01	5.745820e+00	4.204771e+00	9.733446e-01	-7.784984e-01	4.462967e-01	1.094578e+01
5.891730e+02	1.596326e-01	-1.323090e+00	1.544404e+01	5.715934e+00	4.165554e+00	9.806927e-01	-7.052855e-01	5.171333e-01	1.100734e+01
5.017452e+02	8.309823e-02	-1.362416e+00	1.549627e+01	5.684307e+00	4.124837e+00	9.800414e-01	-6.431186e-01	5.773576e-01	1.107749e+01
4.780137e+02	2.288156e-02	-1.396300e+00	1.553905e+01	5.657043e+00	4.090250e+00	9.764398e-01	-5.923927e-01	6.266592e-01	1.113741e+01
4.740302e+02	-3.272386e-02	-1.426701e+00	1.557936e+01	5.630870e+00	4.057030e+00	9.732438e-01	-5.472500e-01	6.703054e-01	1.115844e+01
4.722746e+02	-7.193228e-02	-1.447566e+00	1.560952e+01	5.611535e+00	4.031477e+00	9.723692e-01	-5.108730e-01	7.055889e-01	1.115082e+01
4.633093e+02	-1.066931e-01	-1.464519e+00	1.563757e+01	5.593396e+00	4.006501e+00	9.716007e-01	-4.798553e-01	7.355064e-01	1.111545e+01
4.482620e+02	-1.329640e-01	-1.476144e+00	1.566175e+01	5.577772e+00	3.983389e+00	9.708884e-01	-4.561164e-01	7.583674e-01	1.106371e+01
4.312475e+02	-1.515583e-01	-1.482381e+00	1.568033e+01	5.566346e+00	3.965507e+00	9.726820e-01	-4.353023e-01	7.783964e-01	1.099757e+01
4.185947e+02	-1.647742e-01	-1.487572e+00	1.569752e+01	5.554708e+00	3.946629e+00	9.718946e-01	-4.207165e-01	7.923052e-01	1.093514e+01
4.079282e+02	-1.735470e-01	-1.488384e+00	1.571098e+01	5.546026e+00	3.931252e+00	9.730427e-01	-4.078885e-01	8.045281e-01	1.086194e+01
4.021811e+02	-1.781172e-01	-1.491325e+00	1.572259e+01	5.537238e+00	3.916971e+00	9.706859e-01	-3.975838e-01	8.143938e-01	1.080450e+01
3.954684e+02	-1.825177e-01	-1.489488e+00	1.573581e+01	5.527270e+00	3.899060e+00	9.677018e-01	-3.920698e-01	8.216738e-01	1.073624e+01
3.900231e+02	-1.828282e-01	-1.490313e+00	1.574881e+01	5.517876e+00	3.883751e+00	9.613843e-01	-3.872254e-01	8.280490e-01	1.067966e+01
3.856441e+02	-1.819091e-01	-1.489780e+00	1.576070e+01	5.509065e+00	3.868785e+00	9.552893e-01	-3.836363e-01	8.330229e-01	1.062309e+01
3.796802e+02	-1.808945e-01	-1.493275e+00	1.577245e+01	5.498944e+00	3.853644e+00	9.454986e-01	-3.805932e-01	8.372909e-01	1.057436e+01
3.738152e+02	-1.764182e-01	-1.495795e+00	1.578192e+01	5.490057e+00	3.840152e+00	9.353409e-01	-3.783933e-01	8.406013e-01	1.052842e+01
3.670447e+02	-1.701573e-01	-1.498756e+00	1.578999e+01	5.481684e+00	3.827810e+00	9.245208e-01	-3.769688e-01	8.430549e-01	1.048743e+01
3.544606e+02	-1.672073e-01	-1.506673e+00	1.580285e+01	5.469973e+00	3.808406e+00	9.072247e-01	-3.796140e-01	8.433858e-01	1.045053e+01
3.427892e+02	-1.653287e-01	-1.518840e+00	1.581851e+01	5.454090e+00	3.784472e+00	8.844933e-01	-3.855319e-01	8.401134e-01	1.041907e+01
3.367916e+02	-1.598497e-01	-1.525496e+00	1.582998e+01	5.442195e+00	3.765385e+00	8.663804e-01	-3.908854e-01	8.370742e-01	1.038442e+01
3.325523e+02	-1.514893e-01	-1.528828e+00	1.583937e+01	5.432088e+00	3.748040e+00	8.503350e-01	-3.979700e-01	8.320697e-01	1.034995e+01
3.286821e+02	-1.402642e-01	-1.528747e+00	1.584560e+01	5.424502e+00	3.734186e+00	8.366744e-01	-4.043098e-01	8.275564e-01	1.031436e+01
3.238396e+02	-1.271939e-01	-1.524941e+00	1.584953e+01	5.419353e+00	3.722863e+00	8.260537e-01	-4.102147e-01	8.232910e-01	1.027822e+01
3.174045e+02	-1.096475e-01	-1.517388e+00	1.584956e+01	5.417064e+00	3.715460e+00	8.178194e-01	-4.168552e-01	8.181577e-01	1.024189e+01
3.095672e+02	-9.028992e-02	-1.505742e+00	1.584764e+01	5.416967e+00	3.709967e+00	8.125123e-01	-4.243751e-01	8.120911e-01	1.020500e+01
3.025387e+02	-6.807003e-02	-1.493281e+00	1.584331e+01	5.418322e+00	3.707133e+00	8.076954e-01	-4.309037e-01	8.068268e-01	1.017006e+01
2.967649e+02	-4.619641e-02	-1.482804e+00	1.583963e+01	5.418439e+00	3.703417e+00	8.009635e-01	-4.379353e-01	8.010586e-01	1.013781e+01
2.915538e+02	-2.106605e-02	-1.468478e+00	1.583265e+01	5.421429e+00	3.702960e+00	7.968070e-01	-4.443718e-01	7.957744e-01	1.010554e+01
2.877253e+02	4.050668e-03	-1.453963e+00	1.582622e+01	5.423743e+00	3.701459e+00	7.918986e-01	-4.514312e-01	7.899165e-01	1.007401e+01
2.841422e+02	2.939819e-02	-1.443099e+00	1.581978e+01	5.425111e+00	3.700093e+00	7.840898e-01	-4.577042e-01	7.847164e-01	1.004573e+01
2.790368e+02	5.392033e-02	-1.436036e+00	1.581566e+01	5.423452e+00	3.695738e+00	7.722150e-01	-4.644643e-01	7.790507e-01	1.001970e+01
2.741913e+02	7.884785e-02	-1.428950e+00	1.581049e+01	5.422646e+00	3.692766e+00	7.604910e-01	-4.705379e-01	7.739710e-01	9.994779e+00
2.682620e+02	1.021667e-01	-1.426105e+00	1.580737e+01	5.419087e+00	3.687622e+00	7.445896e-01	-4.757825e-01	7.695888e-01	9.971290e+00
2.634188e+02	1.279220e-01	-1.420681e+00	1.580215e+01	5.417604e+00	3.684287e+00	7.309121e-01	-4.815526e-01	7.647575e-01	9.949022e+00
2.588912e+02	1.533154e-01	-1.417628e+00	1.579803e+01	5.414520e+00	3.679417e+00	7.143475e-01	-4.868672e-01	7.603185e-01	9.927771e+00
2.545643e+02	1.817662e-01	-1.410041e+00	1.579060e+01	5.414775e+00	3.678013e+00	7.020077e-01	-4.922118e-01	7.558676e-01	9.906713e+00
2.507471e+02	2.091552e-01	-1.404483e+00	1.578463e+01	5.413286e+00	3.674919e+00	6.877335e-01	-4.968292e-01	7.520278e-01	9.886773e+00
2.459225e+02	2.410080e-01	-1.393273e+00	1.577388e+01	5.416192e+00	3.676121e+00	6.778965e-01	-5.017739e-01	7.479620e-01	9.866757e+00
2.416684e+02	2.710898e-01	-1.384880e+00	1.576520e+01	5.417078e+00	3.675125e+00	6.658788e-01	-5.070213e-01	7.436708e-01	9.847924e+00
2.370586e+02	3.058411e-01	-1.370577e+00	1.575217e+01	5.422114e+00	3.678161e+00	6.580990e-01	-5.115253e-01	7.399936e-01	9.828871e+00
2.339590e+02	3.447076e-01	-1.354370e+00	1.573527e+01	5.429677e+00	3.684378e+00	6.510679e-01	-5.154607e-01	7.367814e-01	9.810090e+00
2.312935e+02	3.786254e-01	-1.341483e+00	1.572379e+01	5.432916e+00	3.685180e+00	6.417314e-01	-5.197606e-01	7.333269e-01	9.792335e+00
2.262353e+02	4.086434e-01	-1.333868e+00	1.571780e+01	5.430547e+00	3.680147e+00	6.275366e-01	-5.241973e-01	7.298087e-01	9.775953e+00
2.219968e+02	4.412448e-01	-1.324820e+00	1.570893e+01	5.430640e+00	3.677825e+00	6.145589e-01	-5.282487e-01	7.266059e-01	9.760153e+00
2.197607e+02	4.764034e-01	-1.311685e+00	1.569779e+01	5.433115e+00	3.677243e+00	6.048009e-01	-5.324279e-01	7.233331e-01	9.744158e+00
2.132721e+02	5.067558e-01	-1.307441e+00	1.569263e+01	5.429183e+00	3.670733e+00	5.874900e-01	-5.362329e-01	7.203766e-01	9.730121e+00
2.075638e+02	5.401121e-01	-1.301552e+00	1.568494e+01	5.426883e+00	3.665731e+00	5.703875e-01	-5.396027e-01	7.177711e-01	9.716487e+00
2.023098e+02	5.704587e-01	-1.297058e+00	1.568040e+01	5.422228e+00	3.657780e+00	5.531288e-01	-5.432278e-01	7.150107e-01	9.703079e+00
1.980325e+02	6.053028e-01	-1.286765e+00	1.567066e+01	5.422532e+00	3.653945e+00	5.399194e-01	-5.471824e-01	7.120635e-01	9.689174e+00
1.940015e+02	6.378538e-01	-1.278388e+00	1.566375e+01	5.420119e+00	3.647116e+00	5.260396e-01	-5.505256e-01	7.095614e-01	9.676012e+00
1.910395e+02	6.790925e-01	-1.262619e+00	1.564856e+01	5.424984e+00	3.647242e+00	5.175002e-01	-5.540094e-01	7.070075e-01	9.661999e+00
1.874238e+02	7.105662e-01	-1.252776e+00	1.564349e+01	5.422109e+00	3.638774e+00	5.050888e-01	-5.571228e-01	7.047259e-01	9.649035e+00
1.832884e+02	7.381554e-01	-1.243934e+00	1.564315e+01	5.416308e+00	3.625556e+00	4.920487e-01	-5.603816e-01	7.023917e-01	9.635969e+00
1.803240e+02	7.699752e-01	-1.232758e+00	1.563773e+01	5.413796e+00	3.616621e+00	4.811125e-01	-5.633509e-01	7.002744e-01	9.623274e+00
1.796519e+02	8.052322e-01	-1.218140e+00	1.562813e+01	5.415078e+00	3.610661e+00	4.725193e-01	-5.661793e-01	6.982764e-01	9.610743e+00
1.762671e+02	8.330416e-01	-1.209000e+00	1.562663e+01	5.409009e+00	3.597393e+00	4.606985e-01	-5.690632e-01	6.962835e-01	9.598853e+00
1.717729e+02	8.565949e-01	-1.202344e+00	1.562906e+01	5.399673e+00	3.580776e+00	4.477109e-01	-5.717805e-01	6.944198e-01	9.587312e+00
1.679967e+02	8.813504e-01	-1.195275e+00	1.563064e+01	5.390841e+00	3.564301e+00	4.349338e-01	-5.745780e-01	6.925431e-01	9.576106e+00
1.647266e+02	9.013453e-01	-1.188067e+00	1.563748e+01	5.380313e+00	3.544915e+00	4.238298e-01	-5.774647e-01	6.906386e-01	9.565314e+00
1.615788e+02	9.258079e-01	-1.178643e+00	1.563986e+01	5.372450e+00	3.528619e+00	4.138925e-01	-5.801320e-01	6.888833e-01	9.554574e+00
1.536346e+02	9.426652e-01	-1.172072e+00	1.564661e+01	5.359014e+00	3.503912e+00	3.994594e-01	-5.894572e-01	6.821943e-01	9.544880e+00
1.492632e+02	9.627929e-01	-1.160334e+00	1.564900e+01	5.350397e+00	3.483567e+00	3.902365e-01	-5.976620e-01	6.763334e-01	9.535078e+00
1.445254e+02	9.777687e-01	-1.151435e+00	1.565748e+01	5.336576e+00	3.458069e+00	3.791986e-01	-6.047626e-01	6.712487e-01	9.525244e+00
1.409582e+02	9.958495e-01	-1.138461e+00	1.566156e+01	5.327415e+00	3.437373e+00	3.733664e-01	-6.159618e-01	6.633345e-01	9.516433e+00
1.408973e+02	1.016942e+00	-1.123020e+00	1.566224e+01	5.321231e+00	3.419850e+00	3.697476e-01	-6.260612e-01	6.562678e-01	9.507587e+00
1.360332e+02	1.027310e+00	-1.115127e+00	1.567325e+01	5.306239e+00	3.394536e+00	3.627799e-01	-6.389283e-01	6.473471e-01	9.499852e+00
1.267133e+02	1.025553e+00	-1.114159e+00	1.569675e+01	5.281794e+00	3.360393e+00	3.524664e-01	-6.540780e-01	6.368461e-01	9.492907e+00
1.221820e+02	1.031343e+00	-1.110246e+00	1.571258e+01	5.263231e+00	3.332833e+00	3.443452e-01	-6.682963e-01	6.270707e-01	9.486366e+00
1.192041e+02	1.040988e+00	-1.100496e+00	1.572319e+01	5.250299e+00	3.310205e+00	3.419750e-01	-6.831586e-01	6.170221e-01	9.479782e+00
1.152871e+02	1.047838e+00	-1.093518e+00	1.573670e+01	5.234857e+00	3.285841e+00	3.379030e-01	-6.986287e-01	6.078746e-01	9.473788e+00
1.178249e+02	1.064546e+00	-1.078713e+00	1.573817e+01	5.229475e+00	3.271691e+00	3.423231e-01	-7.124344e-01	5.997096e-01	9.468244e+00
1.117822e+02	1.065169e+00	-1.077218e+00	1.575584e+01	5.209453e+00	3.244329e+00	3.365058e-01	-7.279338e-01	5.904005e-01	9.463255e+00
1.073615e+02	1.063488e+00	-1.082376e+00	1.577626e+01	5.185552e+00	3.215020e+00	3.268036e-01	-7.435912e-01	5.809331e-01	9.459794e+00
1.059611e+02	1.065472e+00	-1.078972e+00	1.579094e+01	5.168700e+00	3.191504e+00	3.250019e-01	-7.575074e-01	5.725447e-01	9.455401e+00
1.046584e+02	1.074790e+00	-1.070588e+00	1.579857e+01	5.157947e+00	3.173554e+00	3.264250e-01	-7.703641e-01	5.647774e-01	9.451116e+00
1.044112e+02	1.080136e+00	-1.064176e+00	1.580852e+01	5.145585e+00	3.155107e+00	3.290770e-01	-7.816733e-01	5.579591e-01	9.447274e+00
1.031999e+02	1.080688e+00	-1.067061e+00	1.582536e+01	5.125574e+00	3.130971e+00	3.235969e-01	-7.914238e-01	5.520472e-01	9.443977e+00
1.035606e+02	1.089110e+00	-1.058008e+00	1.583160e+01	5.117293e+00	3.117056e+00	3.301329e-01	-8.001374e-01	5.467750e-01	9.440544e+00
1.024059e+02	1.091987e+00	-1.059341e+00	1.584456e+01	5.101234e+00	3.098301e+00	3.291410e-01	-8.074037e-01	5.423251e-01	9.438414e+00
1.049982e+02	1.101744e+00	-1.051090e+00	1.584871e+01	5.094185e+00	3.086540e+00	3.356717e-01	-8.137812e-01	5.384027e-01	9.435613e+00
1.022373e+02	1.101400e+00	-1.055188e+00	1.586291e+01	5.078028e+00	3.068077e+00	3.350824e-01	-8.190363e-01	5.350815e-01	9.434314e+00
1.026660e+02	1.110150e+00	-1.052711e+00	1.586802e+01	5.068605e+00	3.055892e+00	3.375549e-01	-8.249578e-01	5.312740e-01	9.432422e+00
1.013746e+02	1.115047e+00	-1.054785e+00	1.587668e+01	5.055659e+00	3.041095e+00	3.377741e-01	-8.299596e-01	5.280034e-01	9.431113e+00
1.004451e+02	1.124285e+00	-1.056473e+00	1.588135e+01	5.045201e+00	3.029253e+00	3.367149e-01	-8.349079e-01	5.246583e-01	9.430062e+00
1.002841e+02	1.134480e+00	-1.055671e+00	1.588557e+01	5.035140e+00	3.017339e+00	3.379261e-01	-8.401825e-01	5.210925e-01	9.428765e+00
9.968145e+01	1.145808e+00	-1.057746e+00	1.588784e+01	5.026300e+00	3.007589e+00	3.366035e-01	-8.438817e-01	5.183802e-01	9.428178e+00
1.018174e+02	1.162489e+00	-1.050126e+00	1.588474e+01	5.023277e+00	3.001764e+00	3.421620e-01	-8.460539e-01	5.165037e-01	9.426259e+00
9.964968e+01	1.173581e+00	-1.055210e+00	1.588727e+01	5.013818e+00	2.992348e+00	3.386908e-01	-8.488452e-01	5.142487e-01	9.426143e+00
9.940527e+01	1.183901e+00	-1.062772e+00	1.589121e+01	5.002102e+00	2.981635e+00	3.336472e-01	-8.512220e-01	5.121471e-01	9.426207e+00
9.938936e+01	1.198212e+00	-1.063589e+00	1.588961e+01	4.996485e+00	2.975138e+00	3.333394e-01	-8.529372e-01	5.104589e-01	9.425882e+00
9.874094e+01	1.215827e+00	-1.061093e+00	1.588314e+01	4.995968e+00	2.973624e+00	3.366055e-01	-8.539002e-01	5.091080e-01	9.425986e+00
9.915355e+01	1.234122e+00	-1.056187e+00	1.587728e+01	4.994743e+00	2.970378e+00	3.407011e-01	-8.545177e-01	5.080104e-01	9.425222e+00
9.844575e+01	1.247628e+00	-1.059139e+00	1.587783e+01	4.986326e+00	2.961048e+00	3.390697e-01	-8.555037e-01	5.067156e-01	9.425134e+00
9.967642e+01	1.266048e+00	-1.054223e+00	1.587047e+01	4.985854e+00	2.958721e+00	3.430514e-01	-8.553165e-01	5.060335e-01	9.424427e+00
1.046912e+02	1.290049e+00	-1.046572e+00	1.585823e+01	4.988665e+00	2.958650e+00	3.475680e-01	-8.547277e-01	5.056433e-01	9.423477e+00
1.004394e+02	1.300638e+00	-1.052750e+00	1.585816e+01	4.980216e+00	2.951152e+00	3.442371e-01	-8.543006e-01	5.050466e-01	9.424102e+00
9.771939e+01	1.312412e+00	-1.062712e+00	1.585746e+01	4.971325e+00	2.943777e+00	3.377329e-01	-8.538728e-01	5.043818e-01	9.425771e+00
9.804842e+01	1.322547e+00	-1.067868e+00	1.585751e+01	4.963248e+00	2.936733e+00	3.358336e-01	-8.530057e-01	5.040123e-01	9.426286e+00
9.851810e+01	1.343460e+00	-1.059745e+00	1.584457e+01	4.967057e+00	2.939227e+00	3.445956e-01	-8.512865e-01	5.040768e-01	9.425866e+00
9.787799e+01	1.352943e+00	-1.062428e+00	1.584369e+01	4.959717e+00	2.932528e+00	3.450889e-01	-8.501620e-01	5.038295e-01	9.426080e+00
9.788412e+01	1.354491e+00	-1.072200e+00	1.585245e+01	4.944599e+00	2.918621e+00	3.390722e-01	-8.479671e-01	5.041215e-01	9.426526e+00
9.692673e+01	1.367424e+00	-1.068353e+00	1.584838e+01	4.942017e+00	2.915501e+00	3.449831e-01	-8.465666e-01	5.040340e-01	9.426419e+00
9.694103e+01	1.376444e+00	-1.066778e+00	1.584828e+01	4.935739e+00	2.909602e+00	3.487192e-01	-8.448569e-01	5.041564e-01	9.425805e+00
9.941541e+01	1.391263e+00	-1.061004e+00	1.584152e+01	4.935224e+00	2.908012e+00	3.555739e-01	-8.433130e-01	5.041268e-01	9.425527e+00
1.007366e+02	1.403791e+00	-1.059678e+00	1.583745e+01	4.931382e+00	2.904834e+00	3.582106e-01	-8.410988e-01	5.044527e-01	9.425134e+00
9.836784e+01	1.412911e+00	-1.064046e+00	1.583727e+01	4.923598e+00	2.898411e+00	3.564492e-01	-8.399519e-01	5.041869e-01	9.425705e+00
9.730676e+01	1.410304e+00	-1.078864e+00	1.584896e+01	4.904795e+00	2.883820e+00	3.478439e-01	-8.399477e-01	5.032757e-01	9.427265e+00
9.748423e+01	1.421148e+00	-1.080049e+00	1.584686e+01	4.899253e+00	2.878799e+00	3.475405e-01	-8.384740e-01	5.031559e-01	9.427413e+00
9.600350e+01	1.437915e+00	-1.074364e+00	1.583764e+01	4.901172e+00	2.879608e+00	3.514763e-01	-8.367601e-01	5.030549e-01	9.427226e+00
9.699335e+01	1.452651e+00	-1.067769e+00	1.583116e+01	4.901075e+00	2.878168e+00	3.575495e-01	-8.350049e-01	5.031003e-01	9.426480e+00
1.001324e+02	1.461576e+00	-1.062292e+00	1.583073e+01	4.896819e+00	2.873011e+00	3.634087e-01	-8.325431e-01	5.035393e-01	9.425391e+00
9.957109e+01	1.472565e+00	-1.063410e+00	1.582838e+01	4.891875e+00	2.868797e+00	3.634459e-01	-8.314205e-01	5.032125e-01	9.425325e+00
9.577993e+01	1.480916e+00	-1.070583e+00	1.583075e+01	4.881207e+00	2.860159e+00	3.567297e-01	-8.295388e-01	5.033305e-01	9.424845e+00
9.536714e+01	1.488724e+00	-1.076143e+00	1.583175e+01	4.872693e+00	2.853816e+00	3.532322e-01	-8.287996e-01	5.028143e-01	9.425129e+00
9.555397e+01	1.503376e+00	-1.071568e+00	1.582414e+01	4.872773e+00	2.853060e+00	3.571963e-01	-8.283221e-01	5.020718e-01	9.424708e+00
9.524532e+01	1.512033e+00	-1.073242e+00	1.582335e+01	4.866597e+00	2.848167e+00	3.570102e-01	-8.274456e-01	5.016421e-01	9.424416e+00
9.498593e+01	1.516210e+00	-1.076026e+00	1.582753e+01	4.857100e+00	2.840097e+00	3.577064e-01	-8.264805e-01	5.013292e-01	9.424388e+00
9.504871e+01	1.526788e+00	-1.074361e+00	1.582463e+01	4.853758e+00	2.837283e+00	3.597553e-01	-8.255939e-01	5.008874e-01	9.423692e+00
9.793334e+01	1.542930e+00	-1.067339e+00	1.581482e+01	4.857059e+00	2.840221e+00	3.656794e-01	-8.245024e-01	5.006182e-01	9.422439e+00
9.626903e+01	1.549332e+00	-1.070547e+00	1.581631e+01	4.849350e+00	2.834351e+00	3.641780e-01	-8.240276e-01	4.999207e-01	9.422315e+00
9.765291e+01	1.556034e+00	-1.068658e+00	1.581473e+01	4.846389e+00	2.832839e+00	3.676491e-01	-8.228141e-01	4.996503e-01	9.422141e+00
9.457693e+01	1.559065e+00	-1.078207e+00	1.582053e+01	4.834101e+00	2.824224e+00	3.609533e-01	-8.227684e-01	4.987119e-01	9.422361e+00
9.455771e+01	1.569351e+00	-1.077737e+00	1.581592e+01	4.831663e+00	2.823110e+00	3.616413e-01	-8.225425e-01	4.979578e-01	9.421911e+00
9.475244e+01	1.574475e+00	-1.082286e+00	1.581855e+01	4.822495e+00	2.816564e+00	3.586234e-01	-8.223321e-01	4.970932e-01	9.421584e+00
9.568641e+01	1.579478e+00	-1.085181e+00	1.582145e+01	4.813671e+00	2.809285e+00	3.556811e-01	-8.209403e-01	4.968320e-01	9.420789e+00
9.419836e+01	1.590791e+00	-1.078371e+00	1.581547e+01	4.813317e+00	2.808597e+00	3.619772e-01	-8.204990e-01	4.961079e-01	9.419398e+00
1.010229e+02	1.607582e+00	-1.064245e+00	1.580229e+01	4.820628e+00	2.813974e+00	3.729858e-01	-8.191739e-01	4.958682e-01	9.416967e+00
1.019290e+02	1.612486e+00	-1.063960e+00	1.580443e+01	4.813655e+00	2.808973e+00	3.756909e-01	-8.192837e-01	4.947705e-01	9.416062e+00
9.399958e+01	1.606941e+00	-1.081301e+00	1.581935e+01	4.792244e+00	2.794076e+00	3.648013e-01	-8.199899e-01	4.932101e-01	9.416731e+00
9.667667e+01	1.609659e+00	-1.089868e+00	1.582325e+01	4.780433e+00	2.786624e+00	3.583011e-01	-8.204077e-01	4.919592e-01	9.416533e+00
9.654370e+01	1.617472e+00	-1.091078e+00	1.581933e+01	4.776068e+00	2.785621e+00	3.601130e-01	-8.203149e-01	4.910597e-01	9.416701e+00
9.379874e+01	1.629591e+00	-1.082133e+00	1.581099e+01	4.777417e+00	2.786069e+00	3.670367e-01	-8.199491e-01	4.902214e-01	9.415186e+00
9.652428e+01	1.647420e+00	-1.071734e+00	1.579553e+01	4.783835e+00	2.790994e+00	3.734046e-01	-8.193409e-01	4.896330e-01	9.413766e+00
1.002323e+02	1.655644e+00	-1.066621e+00	1.579075e+01	4.781422e+00	2.789011e+00	3.774183e-01	-8.190528e-01	4.887313e-01	9.412343e+00
9.855686e+01	1.652274e+00	-1.068092e+00	1.579697e+01	4.770307e+00	2.781443e+00	3.774396e-01	-8.184939e-01	4.880541e-01	9.410511e+00
9.366970e+01	1.653093e+00	-1.077782e+00	1.580053e+01	4.758211e+00	2.774103e+00	3.695927e-01	-8.185493e-01	4.869592e-01	9.410261e+00
9.399969e+01	1.659428e+00	-1.085285e+00	1.579763e+01	4.752172e+00	2.771978e+00	3.640736e-01	-8.193260e-01	4.854656e-01	9.410693e+00
9.469873e+01	1.664072e+00	-1.087413e+00	1.579675e+01	4.745839e+00	2.768366e+00	3.620541e-01	-8.189236e-01	4.846151e-01	9.409881e+00
9.387699e+01	1.674921e+00	-1.085002e+00	1.578920e+01	4.745715e+00	2.769196e+00	3.635914e-01	-8.193142e-01	4.833635e-01	9.409495e+00
9.399450e+01	1.684401e+00	-1.076099e+00	1.578224e+01	4.747217e+00	2.770449e+00	3.706460e-01	-8.182264e-01	4.828888e-01	9.407790e+00
1.006024e+02	1.697704e+00	-1.065907e+00	1.577197e+01	4.751485e+00	2.773169e+00	3.787104e-01	-8.161059e-01	4.829619e-01	9.406406e+00
9.892308e+01	1.698003e+00	-1.067487e+00	1.577561e+01	4.743911e+00	2.769144e+00	3.781940e-01	-8.154895e-01	4.821973e-01	9.405326e+00
9.308193e+01	1.691836e+00	-1.081300e+00	1.578779e+01	4.726197e+00	2.758473e+00	3.675324e-01	-8.152879e-01	4.810706e-01	9.405039e+00
9.355827e+01	1.690641e+00	-1.084862e+00	1.579265e+01	4.717311e+00	2.753998e+00	3.659589e-01	-8.148297e-01	4.802316e-01	9.404187e+00
9.324258e+01	1.701967e+00	-1.077777e+00	1.578469e+01	4.720294e+00	2.756646e+00	3.715987e-01	-8.150829e-01	4.790754e-01	9.403421e+00
9.309026e+01	1.702104e+00	-1.078252e+00	1.578823e+01	4.714011e+00	2.754112e+00	3.720449e-01	-8.141058e-01	4.785271e-01	9.402107e+00
9.399672e+01	1.696418e+00	-1.085878e+00	1.579880e+01	4.700243e+00	2.746033e+00	3.651059e-01	-8.129026e-01	4.779540e-01	9.400746e+00
9.277349e+01	1.701634e+00	-1.078674e+00	1.579475e+01	4.700052e+00	2.747545e+00	3.714327e-01	-8.118548e-01	4.774641e-01	9.398978e+00
9.556908e+01	1.712768e+00	-1.070727e+00	1.578386e+01	4.705401e+00	2.754311e+00	3.781850e-01	-8.111866e-01	4.767095e-01	9.398017e+00
9.519533e+01	1.714873e+00	-1.070687e+00	1.578424e+01	4.700031e+00	2.752349e+00	3.775859e-01	-8.101405e-01	4.762344e-01	9.396594e+00
9.421096e+01	1.718408e+00	-1.072430e+00	1.578223e+01	4.696181e+00	2.752536e+00	3.758044e-01	-8.082602e-01	4.762247e-01	9.395875e+00
9.256246e+01	1.717218e+00	-1.079226e+00	1.578671e+01	4.686477e+00	2.748167e+00	3.698569e-01	-8.076355e-01	4.755314e-01	9.395054e+00
9.254437e+01	1.725171e+00	-1.077042e+00	1.578052e+01	4.686834e+00	2.751355e+00	3.689330e-01	-8.058525e-01	4.754345e-01	9.393505e+00
9.257792e+01	1.725798e+00	-1.079868e+00	1.578264e+01	4.680120e+00	2.748833e+00	3.666506e-01	-8.053065e-01	4.746838e-01	9.392617e+00
9.238268e+01	1.728071e+00	-1.077185e+00	1.578293e+01	4.675560e+00	2.746821e+00	3.681599e-01	-8.056322e-01	4.735077e-01	9.390798e+00
9.271244e+01	1.732167e+00	-1.073781e+00	1.577992e+01	4.674040e+00	2.747799e+00	3.712371e-01	-8.047397e-01	4.729178e-01	9.389583e+00
9.466649e+01	1.738906e+00	-1.069774e+00	1.577321e+01	4.675541e+00	2.752449e+00	3.763290e-01	-8.050604e-01	4.717002e-01	9.389327e+00
9.355409e+01	1.739808e+00	-1.072018e+00	1.577479e+01	4.669767e+00	2.750997e+00	3.748813e-01	-8.041808e-01	4.710955e-01	9.388513e+00
9.276339e+01	1.732639e+00	-1.082365e+00	1.578538e+01	4.655516e+00	2.743539e+00	3.679829e-01	-8.022902e-01	4.710376e-01	9.388763e+00
9.289066e+01	1.735364e+00	-1.082834e+00	1.578351e+01	4.651731e+00	2.743491e+00	3.673249e-01	-8.015318e-01	4.703896e-01	9.387862e+00
9.221094e+01	1.747522e+00	-1.078065e+00	1.577285e+01	4.655182e+00	2.747522e+00	3.700379e-01	-8.005495e-01	4.697185e-01	9.387405e+00
9.320367e+01	1.752198e+00	-1.072336e+00	1.576801e+01	4.655731e+00	2.750376e+00	3.745457e-01	-7.995621e-01	4.691965e-01	9.386023e+00
9.393955e+01	1.756328e+00	-1.069959e+00	1.576418e+01	4.654783e+00	2.752448e+00	3.751763e-01	-7.989435e-01	4.683895e-01	9.384594e+00
9.350192e+01	1.757232e+00	-1.070874e+00	1.576375e+01	4.650654e+00	2.752890e+00	3.746946e-01	-7.982297e-01	4.677232e-01	9.383922e+00
9.662550e+01	1.758350e+00	-1.065043e+00	1.576207e+01	4.649880e+00	2.754685e+00	3.789298e-01	-7.987161e-01	4.664254e-01	9.381738e+00
9.206947e+01	1.753634e+00	-1.077857e+00	1.576894e+01	4.637495e+00	2.750780e+00	3.688569e-01	-7.981831e-01	4.656514e-01	9.382325e+00
1.000672e+02	1.743773e+00	-1.092861e+00	1.578095e+01	4.620991e+00	2.744130e+00	3.563492e-01	-7.983497e-01	4.644905e-01	9.382457e+00
9.443174e+01	1.749075e+00	-1.085840e+00	1.577340e+01	4.623487e+00	2.748950e+00	3.631052e-01	-7.974520e-01	4.638791e-01	9.381685e+00
9.463977e+01	1.758853e+00	-1.068661e+00	1.575915e+01	4.635053e+00	2.759636e+00	3.784999e-01	-7.960465e-01	4.633721e-01	9.380555e+00
9.935169e+01	1.763094e+00	-1.062750e+00	1.575406e+01	4.635240e+00	2.762422e+00	3.835860e-01	-7.948060e-01	4.629453e-01	9.379584e+00
9.212014e+01	1.748950e+00	-1.080481e+00	1.576873e+01	4.615868e+00	2.754017e+00	3.719236e-01	-7.953239e-01	4.615769e-01	9.380929e+00
9.232519e+01	1.750297e+00	-1.082210e+00	1.576749e+01	4.611617e+00	2.754701e+00	3.715414e-01	-7.942812e-01	4.609599e-01	9.381068e+00
9.194756e+01	1.758172e+00	-1.078891e+00	1.575970e+01	4.612627e+00	2.757740e+00	3.737816e-01	-7.942155e-01	4.598524e-01	9.380977e+00
9.276086e+01	1.762670e+00	-1.074150e+00	1.575406e+01	4.613261e+00	2.761295e+00	3.783928e-01	-7.929250e-01	4.593633e-01	9.380418e+00
9.784677e+01	1.770992e+00	-1.067116e+00	1.574457e+01	4.617012e+00	2.766278e+00	3.864589e-01	-7.928697e-01	4.582072e-01	9.380521e+00
9.330932e+01	1.768899e+00	-1.074201e+00	1.574728e+01	4.609041e+00	2.765110e+00	3.811858e-01	-7.919468e-01	4.575516e-01	9.380594e+00
9.347798e+01	1.766625e+00	-1.088019e+00	1.575265e+01	4.596585e+00	2.759970e+00	3.701110e-01	-7.910730e-01	4.570205e-01	9.381497e+00
9.387136e+01	1.768549e+00	-1.089358e+00	1.574979e+01	4.593923e+00	2.762056e+00	3.697667e-01	-7.899263e-01	4.564581e-01	9.381411e+00
9.321173e+01	1.772521e+00	-1.088114e+00	1.574580e+01	4.592292e+00	2.763863e+00	3.712089e-01	-7.898216e-01	4.554143e-01	9.381152e+00
9.344769e+01	1.782019e+00	-1.075150e+00	1.573295e+01	4.600627e+00	2.772098e+00	3.822914e-01	-7.882125e-01	4.550845e-01	9.379863e+00
1.008433e+02	1.785705e+00	-1.065231e+00	1.572820e+01	4.602166e+00	2.775011e+00	3.903553e-01	-7.864178e-01	4.549253e-01	9.377639e+00
9.700965e+01	1.787045e+00	-1.069641e+00	1.572621e+01	4.598461e+00	2.776889e+00	3.872717e-01	-7.859023e-01	4.540250e-01	9.377673e+00
9.191659e+01	1.783947e+00	-1.081191e+00	1.572843e+01	4.591160e+00	2.777509e+00	3.770516e-01	-7.854434e-01	4.532489e-01	9.377924e+00
9.372715e+01	1.783235e+00	-1.090273e+00	1.572941e+01	4.584334e+00	2.777833e+00	3.698900e-01	-7.849736e-01	4.523110e-01	9.378374e+00
9.399983e+01	1.784057e+00	-1.091918e+00	1.572950e+01	4.579541e+00	2.777989e+00	3.711512e-01	-7.841008e-01	4.517016e-01	9.378413e+00
9.192198e+01	1.791728e+00	-1.083612e+00	1.571891e+01	4.585141e+00	2.785245e+00	3.775797e-01	-7.832284e-01	4.509555e-01	9.377445e+00
9.221334e+01	1.796297e+00	-1.079888e+00	1.571341e+01	4.585310e+00	2.788640e+00	3.790558e-01	-7.822386e-01	4.504024e-01	9.376426e+00
9.678809e+01	1.803357e+00	-1.070939e+00	1.570314e+01	4.590894e+00	2.795997e+00	3.860765e-01	-7.816559e-01	4.495054e-01	9.375323e+00
1.017933e+02	1.806583e+00	-1.065664e+00	1.569529e+01	4.595025e+00	2.804081e+00	3.892252e-01	-7.819947e-01	4.480177e-01	9.373905e+00
9.344086e+01	1.800757e+00	-1.076056e+00	1.570184e+01	4.584294e+00	2.801797e+00	3.813246e-01	-7.820360e-01	4.468226e-01	9.374487e+00
9.338752e+01	1.797464e+00	-1.089881e+00	1.570887e+01	4.570724e+00	2.796147e+00	3.698400e-01	-7.807257e-01	4.462921e-01	9.375657e+00
9.251881e+01	1.794938e+00	-1.087824e+00	1.571016e+01	4.566854e+00	2.797408e+00	3.730043e-01	-7.807787e-01	4.451591e-01	9.374950e+00
9.240345e+01	1.793512e+00	-1.088484e+00	1.571135e+01	4.561302e+00	2.797942e+00	3.753686e-01	-7.793054e-01	4.447786e-01	9.374821e+00
9.436475e+01	1.797386e+00	-1.075368e+00	1.570401e+01	4.566483e+00	2.804154e+00	3.870720e-01	-7.791432e-01	4.437505e-01	9.372810e+00
1.026420e+02	1.797682e+00	-1.065872e+00	1.570172e+01	4.566350e+00	2.806811e+00	3.954566e-01	-7.804026e-01	4.419738e-01	9.370430e+00
9.527608e+01	1.792979e+00	-1.073385e+00	1.570600e+01	4.558140e+00	2.805786e+00	3.892718e-01	-7.806374e-01	4.407584e-01	9.370464e+00
