# loss | a0 ... a8
3.851772e+03	8.419556e-01	-4.868444e-01	1.600385e+01	9.587407e-01	9.271111e-02	1.798815e-01	9.119407e-01	-8.788148e-02	9.618489e+00
8.021146e+02	9.878634e-01	-6.327523e-01	1.585794e+01	1.104649e+00	2.386189e-01	3.397363e-02	7.660329e-01	5.802637e-02	9.764397e+00
8.410001e+02	1.146158e+00	-7.314077e-01	1.568646e+01	1.269440e+00	4.101872e-01	-6.354208e-02	5.925858e-01	2.247541e-01	9.868305e+00
9.102852e+02	1.295744e+00	-7.809644e-01	1.553095e+01	1.424443e+00	5.578198e-01	-9.894473e-02	4.356962e-01	3.793038e-01	9.931147e+00
9.105261e+02	1.261705e+00	-8.087662e-01	1.537133e+01	1.583839e+00	6.932203e-01	-1.090076e-01	3.093245e-01	5.065850e-01	9.972360e+00
8.580067e+02	1.139553e+00	-8.209770e-01	1.523701e+01	1.709021e+00	8.399375e-01	-1.007504e-01	1.655048e-01	6.515756e-01	9.996167e+00
7.940314e+02	1.202767e+00	-8.240142e-01	1.510373e+01	1.847083e+00	9.764123e-01	-8.163212e-02	6.554906e-02	7.516374e-01	1.001159e+01
7.179651e+02	1.270488e+00	-8.221542e-01	1.496924e+01	1.996829e+00	1.120499e+00	-6.122138e-02	-3.453757e-02	8.438885e-01	1.001871e+01
5.961939e+02	1.400203e+00	-8.131079e-01	1.482062e+01	2.153908e+00	1.268507e+00	-2.729876e-02	-1.444729e-01	8.859971e-01	1.002367e+01
4.821654e+02	1.426350e+00	-8.017837e-01	1.472308e+01	2.314097e+00	1.422195e+00	6.004514e-03	-2.212068e-01	9.133648e-01	1.002484e+01
3.711916e+02	1.526290e+00	-7.872473e-01	1.458534e+01	2.478068e+00	1.583301e+00	4.598621e-02	-3.111701e-01	9.116372e-01	1.002606e+01
2.839594e+02	1.402156e+00	-7.772791e-01	1.468896e+01	2.439475e+00	1.745875e+00	7.855382e-02	-3.740191e-01	9.107637e-01	1.002883e+01
2.197885e+02	1.322962e+00	-7.638238e-01	1.473484e+01	2.478918e+00	1.895001e+00	1.166826e-01	-4.346406e-01	8.934897e-01	1.002916e+01
2.005337e+02	1.275034e+00	-7.529420e-01	1.474311e+01	2.554898e+00	2.030866e+00	1.505998e-01	-4.696447e-01	8.850505e-01	1.003547e+01
2.077565e+02	1.201294e+00	-7.472157e-01	1.478016e+01	2.579297e+00	2.164402e+00	1.747437e-01	-5.056444e-01	8.650466e-01	1.004031e+01
2.186356e+02	1.148533e+00	-7.461488e-01	1.479941e+01	2.603955e+00	2.282530e+00	1.899947e-01	-5.410105e-01	8.383705e-01	1.004551e+01
1.991447e+02	1.090802e+00	-7.556898e-01	1.482627e+01	2.597830e+00	2.388373e+00	1.898602e-01	-5.496134e-01	8.290982e-01	1.006423e+01
1.851345e+02	1.036713e+00	-7.646740e-01	1.484906e+01	2.588369e+00	2.489981e+00	1.884672e-01	-5.509702e-01	8.235947e-01	1.007820e+01
1.689064e+02	1.008073e+00	-7.775752e-01	1.484544e+01	2.604510e+00	2.578786e+00	1.812558e-01	-5.797520e-01	7.826710e-01	1.009986e+01
1.572598e+02	9.871320e-01	-7.866699e-01	1.483100e+01	2.649574e+00	2.669392e+00	1.779067e-01	-5.913678e-01	7.563371e-01	1.011431e+01
1.336615e+02	9.822279e-01	-7.967855e-01	1.479976e+01	2.699471e+00	2.753900e+00	1.731174e-01	-6.883787e-01	6.461898e-01	1.013292e+01
1.276410e+02	9.719699e-01	-8.067394e-01	1.477327e+01	2.746976e+00	2.836643e+00	1.687879e-01	-7.750812e-01	5.490718e-01	1.014925e+01
1.181814e+02	9.857145e-01	-8.087793e-01	1.471784e+01	2.850186e+00	2.935306e+00	1.756281e-01	-8.545628e-01	4.640904e-01	1.016010e+01
1.117930e+02	9.937369e-01	-8.063628e-01	1.465741e+01	2.976436e+00	3.048781e+00	1.885687e-01	-8.985819e-01	4.040418e-01	1.016423e+01
1.086795e+02	9.943648e-01	-8.083667e-01	1.461924e+01	3.039074e+00	3.134037e+00	1.958713e-01	-9.206232e-01	3.623234e-01	1.017189e+01
1.013152e+02	9.919433e-01	-8.138348e-01	1.459014e+01	3.071266e+00	3.206308e+00	1.965516e-01	-9.585961e-01	3.066789e-01	1.018353e+01
9.509576e+01	9.545208e-01	-8.181881e-01	1.459341e+01	3.065910e+00	3.272593e+00	2.005004e-01	-9.634202e-01	2.569121e-01	1.019004e+01
8.838535e+01	8.957249e-01	-8.239791e-01	1.462173e+01	3.035780e+00	3.322409e+00	2.021108e-01	-9.577759e-01	2.165900e-01	1.019790e+01
8.440483e+01	8.720130e-01	-8.277649e-01	1.460848e+01	3.042843e+00	3.389556e+00	2.056983e-01	-9.258261e-01	1.846170e-01	1.020342e+01
1.647592e+02	8.429868e-01	-8.325659e-01	1.459489e+01	3.058407e+00	3.463757e+00	2.078624e-01	-9.727156e-01	8.858602e-02	1.020981e+01
9.758734e+01	8.454484e-01	-8.255111e-01	1.456444e+01	3.112353e+00	3.522911e+00	2.167013e-01	-8.035376e-01	2.058061e-01	1.019778e+01
1.062539e+02	8.412733e-01	-8.232722e-01	1.454983e+01	3.123491e+00	3.564651e+00	2.226906e-01	-6.900715e-01	2.798669e-01	1.019407e+01
1.061563e+02	8.151677e-01	-8.255242e-01	1.455961e+01	3.087974e+00	3.590127e+00	2.219439e-01	-6.158141e-01	3.264821e-01	1.019282e+01
1.054090e+02	7.899091e-01	-8.302180e-01	1.457464e+01	3.035895e+00	3.605819e+00	2.187603e-01	-5.710082e-01	3.535679e-01	1.019360e+01
1.066506e+02	7.730724e-01	-8.343449e-01	1.457038e+01	3.011911e+00	3.639675e+00	2.175144e-01	-5.479271e-01	3.655701e-01	1.019716e+01
1.075540e+02	7.618763e-01	-8.382082e-01	1.455078e+01	3.018374e+00	3.688810e+00	2.169497e-01	-5.357396e-01	3.722789e-01	1.020141e+01
1.053802e+02	7.626917e-01	-8.411654e-01	1.452123e+01	3.028208e+00	3.738730e+00	2.182784e-01	-5.455061e-01	3.592186e-01	1.020520e+01
1.032640e+02	7.711311e-01	-8.422998e-01	1.448963e+01	3.048886e+00	3.783468e+00	2.223513e-01	-5.590415e-01	3.404940e-01	1.020634e+01
1.011627e+02	7.700827e-01	-8.450299e-01	1.446173e+01	3.063841e+00	3.836679e+00	2.243506e-01	-5.794200e-01	3.229114e-01	1.021017e+01
9.904632e+01	7.594851e-01	-8.473946e-01	1.444652e+01	3.057192e+00	3.881191e+00	2.273496e-01	-5.992008e-01	3.037241e-01	1.021380e+01
9.705663e+01	7.536735e-01	-8.502968e-01	1.443093e+01	3.057151e+00	3.919486e+00	2.288321e-01	-6.185930e-01	2.893154e-01	1.021610e+01
9.505387e+01	7.404641e-01	-8.525639e-01	1.441890e+01	3.058728e+00	3.959110e+00	2.317093e-01	-6.431526e-01	2.691228e-01	1.021784e+01
9.318917e+01	7.317641e-01	-8.556879e-01	1.441521e+01	3.037519e+00	3.982641e+00	2.326357e-01	-6.606915e-01	2.541794e-01	1.021968e+01
9.240508e+01	7.292450e-01	-8.585445e-01	1.440268e+01	3.032287e+00	4.010027e+00	2.328674e-01	-6.758563e-01	2.439877e-01	1.022015e+01
9.155223e+01	7.232066e-01	-8.601194e-01	1.439383e+01	3.019764e+00	4.034463e+00	2.359629e-01	-6.884041e-01	2.319707e-01	1.022037e+01
9.077471e+01	7.036088e-01	-8.632014e-01	1.440238e+01	2.985513e+00	4.048024e+00	2.375126e-01	-6.958453e-01	2.216971e-01	1.022139e+01
9.051997e+01	7.105540e-01	-8.628563e-01	1.437792e+01	3.003385e+00	4.083523e+00	2.422652e-01	-7.041719e-01	2.131456e-01	1.021937e+01
9.111309e+01	7.164959e-01	-8.632522e-01	1.435394e+01	3.011523e+00	4.118832e+00	2.462523e-01	-7.132292e-01	2.059025e-01	1.022000e+01
9.007937e+01	7.161814e-01	-8.647250e-01	1.434507e+01	3.003875e+00	4.136949e+00	2.488487e-01	-7.281169e-01	1.986115e-01	1.021766e+01
8.667426e+01	7.105928e-01	-8.674548e-01	1.434348e+01	2.987350e+00	4.148637e+00	2.500267e-01	-7.497291e-01	1.745918e-01	1.021696e+01
8.264317e+01	7.058479e-01	-8.703526e-01	1.434568e+01	2.952236e+00	4.154488e+00	2.496229e-01	-7.650722e-01	1.523670e-01	1.021721e+01
7.722790e+01	7.063095e-01	-8.750411e-01	1.434387e+01	2.913779e+00	4.161283e+00	2.468622e-01	-7.921584e-01	1.103422e-01	1.022030e+01
7.361283e+01	7.164331e-01	-8.752875e-01	1.431448e+01	2.928820e+00	4.190878e+00	2.498402e-01	-8.081989e-01	7.596391e-02	1.021954e+01
7.594755e+01	7.333644e-01	-8.730700e-01	1.425973e+01	3.001832e+00	4.250322e+00	2.567776e-01	-8.246455e-01	4.846848e-02	1.021851e+01
7.985406e+01	7.236533e-01	-8.772774e-01	1.427499e+01	2.944799e+00	4.238166e+00	2.567776e-01	-8.683164e-01	1.142319e-02	1.022554e+01
7.108817e+01	7.045193e-01	-8.790406e-01	1.430410e+01	2.878289e+00	4.213899e+00	2.577517e-01	-8.512833e-01	2.432655e-02	1.022595e+01
7.783743e+01	7.159325e-01	-8.744682e-01	1.428083e+01	2.891657e+00	4.226433e+00	2.623317e-01	-7.748172e-01	8.882767e-02	1.021699e+01
8.558400e+01	7.220930e-01	-8.718763e-01	1.425768e+01	2.905259e+00	4.248006e+00	2.657898e-01	-7.342300e-01	1.175530e-01	1.021066e+01
8.575745e+01	7.219984e-01	-8.743207e-01	1.425665e+01	2.874798e+00	4.246696e+00	2.628844e-01	-7.138332e-01	1.267514e-01	1.021059e+01
8.686269e+01	7.177157e-01	-8.739542e-01	1.424592e+01	2.880752e+00	4.261070e+00	2.647414e-01	-7.050852e-01	1.228759e-01	1.020848e+01
8.364754e+01	7.139001e-01	-8.790067e-01	1.425167e+01	2.836723e+00	4.257421e+00	2.590922e-01	-7.115538e-01	1.076354e-01	1.021198e+01
8.352375e+01	7.228573e-01	-8.845704e-01	1.424449e+01	2.798511e+00	4.259706e+00	2.521203e-01	-7.227762e-01	8.884210e-02	1.021242e+01
7.795659e+01	7.351487e-01	-8.845782e-01	1.420788e+01	2.834285e+00	4.297012e+00	2.556318e-01	-7.481975e-01	5.795063e-02	1.021309e+01
7.713811e+01	7.603794e-01	-8.823522e-01	1.415032e+01	2.905277e+00	4.352473e+00	2.636167e-01	-7.718984e-01	3.008968e-02	1.021457e+01
7.156335e+01	7.407377e-01	-8.842324e-01	1.416750e+01	2.878876e+00	4.350829e+00	2.643682e-01	-7.948193e-01	2.720211e-03	1.021491e+01
6.883359e+01	7.099936e-01	-8.847807e-01	1.418298e+01	2.875613e+00	4.356128e+00	2.672128e-01	-8.241296e-01	-3.284717e-02	1.021465e+01
6.736173e+01	6.949600e-01	-8.852425e-01	1.420254e+01	2.838876e+00	4.344300e+00	2.672518e-01	-8.013049e-01	-2.393486e-02	1.021088e+01
6.908428e+01	6.986139e-01	-8.854290e-01	1.418859e+01	2.847951e+00	4.354288e+00	2.681146e-01	-7.925446e-01	-2.516953e-02	1.021022e+01
6.671968e+01	6.872181e-01	-8.879202e-01	1.419878e+01	2.810150e+00	4.351853e+00	2.654790e-01	-8.085570e-01	-8.015005e-02	1.021011e+01
1.109296e+02	6.749747e-01	-8.919293e-01	1.422085e+01	2.757522e+00	4.334769e+00	2.628235e-01	-8.493644e-01	-1.485137e-01	1.021480e+01
9.461665e+01	7.114378e-01	-8.672327e-01	1.417422e+01	2.822035e+00	4.361076e+00	2.725653e-01	-6.421884e-01	-6.694956e-02	1.016156e+01
1.114640e+02	7.283612e-01	-8.570090e-01	1.417609e+01	2.791064e+00	4.342918e+00	2.722371e-01	-5.148456e-01	-1.121428e-02	1.013147e+01
1.158369e+02	7.146195e-01	-8.564497e-01	1.417954e+01	2.773021e+00	4.347442e+00	2.640990e-01	-4.362706e-01	3.369564e-02	1.011918e+01
1.176194e+02	6.905880e-01	-8.589326e-01	1.419407e+01	2.731643e+00	4.352507e+00	2.560681e-01	-3.916652e-01	7.044528e-02	1.011132e+01
1.179508e+02	6.739155e-01	-8.672344e-01	1.419660e+01	2.708438e+00	4.364172e+00	2.442536e-01	-3.794552e-01	9.973059e-02	1.011732e+01
1.207374e+02	6.491975e-01	-8.771626e-01	1.419264e+01	2.700413e+00	4.391304e+00	2.338151e-01	-3.959203e-01	1.283658e-01	1.012876e+01
1.116442e+02	6.693777e-01	-8.766610e-01	1.412341e+01	2.780513e+00	4.466229e+00	2.399998e-01	-4.113375e-01	1.486019e-01	1.013201e+01
1.076547e+02	6.973673e-01	-8.758884e-01	1.405421e+01	2.846185e+00	4.536677e+00	2.480511e-01	-4.439465e-01	1.598375e-01	1.013401e+01
1.096725e+02	6.775613e-01	-8.756048e-01	1.402614e+01	2.897402e+00	4.587792e+00	2.564645e-01	-4.679767e-01	1.692256e-01	1.013808e+01
1.025361e+02	6.537327e-01	-8.807144e-01	1.403284e+01	2.876026e+00	4.600538e+00	2.593535e-01	-4.988489e-01	1.699057e-01	1.014816e+01
9.528072e+01	5.855789e-01	-8.853157e-01	1.409466e+01	2.817146e+00	4.567896e+00	2.597547e-01	-5.231642e-01	1.705891e-01	1.015207e+01
9.651932e+01	5.363222e-01	-8.918641e-01	1.415248e+01	2.738306e+00	4.532377e+00	2.547839e-01	-5.486894e-01	1.713908e-01	1.015540e+01
9.142331e+01	5.289555e-01	-8.901452e-01	1.413423e+01	2.759377e+00	4.552289e+00	2.636946e-01	-5.688462e-01	1.722045e-01	1.015520e+01
9.153900e+01	5.449573e-01	-8.854196e-01	1.407918e+01	2.824762e+00	4.598091e+00	2.752332e-01	-5.913317e-01	1.670284e-01	1.014955e+01
8.893135e+01	5.467138e-01	-8.893364e-01	1.407092e+01	2.807922e+00	4.600007e+00	2.739471e-01	-6.087644e-01	1.641970e-01	1.015503e+01
