# loss | a0 ... a8
1.432030e+03	-1.850548e+00	-1.697156e+00	1.385511e+01	3.358533e+00	4.973422e+00	1.689185e-01	8.330074e-01	-1.368356e+00	1.011840e+01
1.118272e+03	-1.996456e+00	-1.551248e+00	1.370920e+01	3.504441e+00	5.119330e+00	3.148264e-01	6.870996e-01	-1.222448e+00	9.972492e+00
5.927182e+02	-1.852395e+00	-1.408026e+00	1.355438e+01	3.658779e+00	5.273559e+00	4.542806e-01	5.322048e-01	-1.067541e+00	9.818463e+00
2.964084e+02	-1.692192e+00	-1.250677e+00	1.340220e+01	3.813689e+00	5.428933e+00	6.069611e-01	3.755895e-01	-9.171597e-01	9.660885e+00
4.005484e+02	-1.608720e+00	-1.212336e+00	1.334463e+01	3.866796e+00	5.489677e+00	6.499367e-01	2.722146e-01	-8.416894e-01	9.655771e+00
3.102883e+02	-1.774296e+00	-1.349712e+00	1.344720e+01	3.757958e+00	5.378591e+00	5.534158e-01	1.614941e-01	-7.798190e-01	9.793724e+00
2.721956e+02	-1.794208e+00	-1.332468e+00	1.345771e+01	3.756533e+00	5.368281e+00	5.748791e-01	9.328761e-02	-7.444318e-01	9.766114e+00
2.384383e+02	-1.800836e+00	-1.303223e+00	1.346567e+01	3.754122e+00	5.360873e+00	5.986679e-01	2.014059e-02	-7.038916e-01	9.697924e+00
2.253397e+02	-1.770132e+00	-1.284184e+00	1.345254e+01	3.766026e+00	5.378694e+00	6.130559e-01	-5.315889e-02	-6.679756e-01	9.686691e+00
2.282730e+02	-1.724717e+00	-1.260346e+00	1.343976e+01	3.776226e+00	5.398739e+00	6.217338e-01	-1.296305e-01	-6.347251e-01	9.638408e+00
2.431873e+02	-1.776312e+00	-1.332315e+00	1.349796e+01	3.706152e+00	5.337339e+00	5.563560e-01	-1.971787e-01	-6.087904e-01	9.666760e+00
2.021476e+02	-1.746639e+00	-1.295695e+00	1.349105e+01	3.716151e+00	5.346220e+00	5.878965e-01	-2.546276e-01	-5.873160e-01	9.618738e+00
1.956268e+02	-1.732161e+00	-1.280485e+00	1.350314e+01	3.701579e+00	5.336626e+00	5.929159e-01	-2.954787e-01	-5.694878e-01	9.575537e+00
1.974089e+02	-1.680879e+00	-1.251773e+00	1.349706e+01	3.703679e+00	5.349609e+00	5.995311e-01	-3.240766e-01	-5.561621e-01	9.530645e+00
2.083347e+02	-1.711957e+00	-1.294946e+00	1.355287e+01	3.636740e+00	5.294020e+00	5.491870e-01	-3.573114e-01	-5.455170e-01	9.520929e+00
1.851215e+02	-1.677512e+00	-1.260913e+00	1.355403e+01	3.633001e+00	5.296926e+00	5.644394e-01	-3.806749e-01	-5.373271e-01	9.467235e+00
1.760158e+02	-1.660112e+00	-1.249703e+00	1.357221e+01	3.613752e+00	5.284655e+00	5.680373e-01	-4.620725e-01	-5.243822e-01	9.436991e+00
1.692799e+02	-1.648291e+00	-1.243199e+00	1.359274e+01	3.592638e+00	5.270051e+00	5.632164e-01	-5.272181e-01	-5.147088e-01	9.429505e+00
1.643156e+02	-1.615585e+00	-1.235771e+00	1.360894e+01	3.569764e+00	5.262411e+00	5.479376e-01	-5.567218e-01	-5.129156e-01	9.411272e+00
5.248690e+02	-1.592806e+00	-1.245704e+00	1.362748e+01	3.543966e+00	5.251526e+00	5.250245e-01	-6.769056e-01	-5.093059e-01	9.432274e+00
1.702970e+02	-1.523316e+00	-1.174869e+00	1.363289e+01	3.531300e+00	5.256434e+00	5.293567e-01	-5.005739e-01	-6.037634e-01	9.314870e+00
1.665302e+02	-1.473739e+00	-1.170511e+00	1.364249e+01	3.511163e+00	5.254351e+00	4.986021e-01	-4.445646e-01	-6.276485e-01	9.283263e+00
1.709665e+02	-1.455494e+00	-1.178443e+00	1.367441e+01	3.468983e+00	5.232835e+00	4.703775e-01	-4.549968e-01	-6.101863e-01	9.277306e+00
1.607466e+02	-1.410696e+00	-1.144871e+00	1.366506e+01	3.476955e+00	5.247479e+00	4.983885e-01	-5.126007e-01	-5.501830e-01	9.293726e+00
1.651233e+02	-1.400430e+00	-1.172398e+00	1.369942e+01	3.427401e+00	5.220003e+00	4.543210e-01	-5.397149e-01	-5.220470e-01	9.289912e+00
1.475213e+02	-1.356789e+00	-1.130012e+00	1.368858e+01	3.437403e+00	5.232942e+00	4.836610e-01	-6.108138e-01	-4.907895e-01	9.314546e+00
1.671633e+02	-1.348957e+00	-1.168875e+00	1.373167e+01	3.374637e+00	5.197548e+00	4.292624e-01	-6.420464e-01	-4.764133e-01	9.333407e+00
1.347728e+02	-1.306260e+00	-1.123452e+00	1.373443e+01	3.369223e+00	5.199141e+00	4.670502e-01	-6.644662e-01	-4.661909e-01	9.324621e+00
2.189775e+02	-1.258502e+00	-1.094368e+00	1.372948e+01	3.371249e+00	5.207959e+00	4.974385e-01	-7.815770e-01	-4.291177e-01	9.361529e+00
2.710266e+02	-1.277455e+00	-1.118159e+00	1.385690e+01	3.204605e+00	5.097226e+00	3.267879e-01	-4.663709e-01	-5.300766e-01	9.061118e+00
2.074551e+02	-1.223585e+00	-1.046664e+00	1.385297e+01	3.197941e+00	5.099907e+00	3.261170e-01	-3.698766e-01	-4.953898e-01	8.956726e+00
3.537405e+02	-1.142338e+00	-9.304344e-01	1.381863e+01	3.235682e+00	5.131819e+00	3.898597e-01	-3.336895e-01	-4.811252e-01	8.908021e+00
3.394770e+02	-1.192312e+00	-1.099382e+00	1.388427e+01	3.152491e+00	5.081360e+00	2.724307e-01	-3.531559e-01	-3.714446e-01	8.957399e+00
1.844738e+02	-1.168991e+00	-1.075512e+00	1.384685e+01	3.201925e+00	5.115039e+00	3.371765e-01	-3.974788e-01	-2.197597e-01	8.999874e+00
2.247858e+02	-1.099962e+00	-1.000379e+00	1.379625e+01	3.259651e+00	5.162299e+00	4.321557e-01	-4.380906e-01	-1.304584e-01	9.031784e+00
3.239503e+02	-1.142555e+00	-1.153796e+00	1.387771e+01	3.158560e+00	5.099958e+00	3.094551e-01	-4.624666e-01	-8.976854e-02	9.084242e+00
1.888731e+02	-1.084403e+00	-1.115985e+00	1.385086e+01	3.178766e+00	5.123684e+00	3.617418e-01	-4.844265e-01	-6.288438e-02	9.096907e+00
2.803385e+02	-1.008393e+00	-1.011177e+00	1.379235e+01	3.241293e+00	5.171924e+00	4.763884e-01	-5.047721e-01	-4.972442e-02	9.098567e+00
1.422861e+02	-1.023196e+00	-1.066190e+00	1.385554e+01	3.167707e+00	5.123475e+00	4.493072e-01	-5.182733e-01	-4.425699e-02	9.117569e+00
1.792878e+02	-1.020751e+00	-1.129168e+00	1.391014e+01	3.095914e+00	5.084154e+00	3.948543e-01	-5.255839e-01	-4.077179e-02	9.128564e+00
1.337872e+02	-9.693399e-01	-1.093498e+00	1.390069e+01	3.103508e+00	5.094480e+00	4.216442e-01	-5.310021e-01	-4.153881e-02	9.124432e+00
1.464480e+02	-9.065831e-01	-1.053714e+00	1.388290e+01	3.118247e+00	5.110983e+00	4.503066e-01	-5.344128e-01	-4.104793e-02	9.118335e+00
2.156004e+02	-8.824210e-01	-1.131632e+00	1.391054e+01	3.069454e+00	5.093275e+00	3.598463e-01	-5.491703e-01	-4.683254e-02	9.137084e+00
1.262641e+02	-7.910749e-01	-1.078029e+00	1.386221e+01	3.104707e+00	5.130381e+00	3.950436e-01	-5.516052e-01	-5.125655e-02	9.128940e+00
1.551547e+02	-7.355489e-01	-1.029428e+00	1.383381e+01	3.131211e+00	5.152022e+00	4.352851e-01	-5.612292e-01	-5.225839e-02	9.124749e+00
1.203326e+02	-7.318519e-01	-1.050735e+00	1.387792e+01	3.068841e+00	5.115561e+00	4.111958e-01	-5.819404e-01	-5.550263e-02	9.129106e+00
1.722111e+02	-6.953590e-01	-1.100771e+00	1.389030e+01	3.034115e+00	5.105227e+00	3.569583e-01	-5.884791e-01	-5.767296e-02	9.151194e+00
1.153574e+02	-6.213151e-01	-1.058286e+00	1.385289e+01	3.062062e+00	5.129896e+00	3.903758e-01	-5.939952e-01	-5.723758e-02	9.150745e+00
1.336421e+02	-5.582922e-01	-1.025107e+00	1.382804e+01	3.077683e+00	5.146523e+00	4.159522e-01	-5.952639e-01	-5.770117e-02	9.149750e+00
1.164522e+02	-5.413302e-01	-1.060019e+00	1.386815e+01	3.023729e+00	5.117890e+00	3.814822e-01	-6.058538e-01	-5.977909e-02	9.169774e+00
1.105183e+02	-4.866956e-01	-1.048810e+00	1.385817e+01	3.020970e+00	5.123211e+00	3.851304e-01	-6.111269e-01	-5.862925e-02	9.172494e+00
1.075084e+02	-4.194662e-01	-1.042566e+00	1.383845e+01	3.026336e+00	5.134365e+00	3.787973e-01	-6.136344e-01	-5.772249e-02	9.175524e+00
1.060912e+02	-3.783621e-01	-1.037574e+00	1.384556e+01	3.008684e+00	5.127976e+00	3.778835e-01	-6.195898e-01	-5.685919e-02	9.178944e+00
1.177232e+02	-3.285285e-01	-1.057413e+00	1.385141e+01	2.986598e+00	5.120842e+00	3.577776e-01	-6.286763e-01	-5.421325e-02	9.202395e+00
1.549774e+02	-2.701501e-01	-9.954167e-01	1.382928e+01	3.006195e+00	5.132849e+00	4.112171e-01	-6.297519e-01	-5.519911e-02	9.190246e+00
1.263810e+02	-2.294082e-01	-1.007841e+00	1.383591e+01	2.982393e+00	5.123522e+00	4.025673e-01	-6.334953e-01	-5.294709e-02	9.208797e+00
3.715792e+02	-2.542020e-01	-1.144435e+00	1.392316e+01	2.857105e+00	5.058300e+00	2.705761e-01	-6.413401e-01	-5.376449e-02	9.254787e+00
1.458209e+02	-1.757731e-01	-1.077207e+00	1.386059e+01	2.913686e+00	5.093958e+00	3.414895e-01	-6.494884e-01	-5.155162e-02	9.252409e+00
2.017159e+02	-1.139541e-01	-9.895375e-01	1.381881e+01	2.960047e+00	5.115768e+00	4.366361e-01	-6.476214e-01	-5.780808e-02	9.241192e+00
1.697820e+02	-8.660088e-02	-1.100439e+00	1.381785e+01	2.940416e+00	5.111606e+00	3.359619e-01	-6.489701e-01	-5.807179e-02	9.305849e+00
1.114488e+02	-1.604650e-02	-1.070697e+00	1.377098e+01	2.984781e+00	5.134833e+00	3.588940e-01	-6.501731e-01	-6.040712e-02	9.301131e+00
1.014408e+02	4.543210e-02	-1.034190e+00	1.374643e+01	3.003943e+00	5.141028e+00	3.936237e-01	-6.771503e-01	-7.246004e-02	9.307777e+00
9.492392e+01	6.437253e-02	-1.057248e+00	1.377540e+01	2.966630e+00	5.117763e+00	3.729795e-01	-6.836681e-01	-8.266368e-02	9.333028e+00
9.700679e+01	1.186372e-01	-1.057355e+00	1.377407e+01	2.949411e+00	5.109724e+00	3.623886e-01	-6.873733e-01	-8.716445e-02	9.342789e+00
9.625646e+01	1.424816e-01	-1.028134e+00	1.377966e+01	2.946804e+00	5.098918e+00	3.968111e-01	-7.214566e-01	-1.114645e-01	9.360737e+00
9.191418e+01	1.348292e-01	-1.055768e+00	1.383939e+01	2.875748e+00	5.051047e+00	3.740495e-01	-7.317876e-01	-1.235501e-01	9.387792e+00
8.216880e+01	1.687143e-01	-1.042037e+00	1.383493e+01	2.873014e+00	5.045690e+00	3.793379e-01	-7.696577e-01	-1.633277e-01	9.425839e+00
8.100948e+01	1.898036e-01	-1.036799e+00	1.385616e+01	2.843760e+00	5.025794e+00	3.733168e-01	-7.821006e-01	-1.977953e-01	9.436470e+00
9.185221e+01	2.449488e-01	-1.005547e+00	1.383297e+01	2.857612e+00	5.028820e+00	3.835821e-01	-7.410644e-01	-2.178651e-01	9.409453e+00
1.180542e+02	2.493756e-01	-1.049892e+00	1.387043e+01	2.809801e+00	5.000459e+00	3.266949e-01	-7.450757e-01	-2.203516e-01	9.430679e+00
8.219579e+01	3.045441e-01	-1.020705e+00	1.384204e+01	2.831671e+00	5.009118e+00	3.476443e-01	-7.515840e-01	-2.245973e-01	9.437057e+00
7.508824e+01	3.388039e-01	-1.005219e+00	1.382675e+01	2.844490e+00	5.011034e+00	3.577260e-01	-8.015444e-01	-2.189635e-01	9.444736e+00
7.331819e+01	3.627603e-01	-1.003327e+00	1.384461e+01	2.814501e+00	4.993092e+00	3.537259e-01	-8.099408e-01	-2.299134e-01	9.456393e+00
7.591040e+01	3.776688e-01	-9.995748e-01	1.385554e+01	2.802755e+00	4.979455e+00	3.541067e-01	-8.296919e-01	-2.312773e-01	9.476076e+00
8.749230e+01	3.965344e-01	-1.018290e+00	1.387875e+01	2.761200e+00	4.956649e+00	3.273397e-01	-8.014018e-01	-2.680993e-01	9.496490e+00
1.034692e+02	4.193826e-01	-9.660050e-01	1.388624e+01	2.752305e+00	4.942497e+00	3.751843e-01	-8.657890e-01	-2.769350e-01	9.472635e+00
1.334889e+02	4.501648e-01	-9.454102e-01	1.388841e+01	2.737028e+00	4.930588e+00	3.547726e-01	-6.967239e-01	-3.738550e-01	9.314003e+00
2.423523e+02	4.342025e-01	-1.041957e+00	1.395041e+01	2.637584e+00	4.888649e+00	2.595135e-01	-6.445144e-01	-3.925735e-01	9.312039e+00
9.250635e+01	4.714645e-01	-9.845451e-01	1.388860e+01	2.690082e+00	4.916838e+00	3.494483e-01	-6.734671e-01	-2.294061e-01	9.323425e+00
9.253647e+01	4.836389e-01	-9.866248e-01	1.388137e+01	2.689407e+00	4.916039e+00	3.669706e-01	-6.979809e-01	-1.460060e-01	9.368383e+00
1.059799e+02	5.072339e-01	-1.029387e+00	1.387323e+01	2.682616e+00	4.914173e+00	3.291284e-01	-7.096950e-01	-1.108533e-01	9.409113e+00
9.559042e+01	5.624934e-01	-9.869417e-01	1.382237e+01	2.724334e+00	4.931280e+00	3.766684e-01	-7.273684e-01	-9.821030e-02	9.423987e+00
1.680552e+02	5.179074e-01	-1.062816e+00	1.391112e+01	2.631708e+00	4.881013e+00	3.100410e-01	-7.328730e-01	-9.531088e-02	9.460583e+00
7.798737e+01	5.656094e-01	-1.014703e+00	1.386587e+01	2.670928e+00	4.893391e+00	3.547610e-01	-7.787620e-01	-1.072005e-01	9.568960e+00
1.205653e+02	5.803659e-01	-9.679420e-01	1.385501e+01	2.684784e+00	4.893097e+00	3.970419e-01	-8.013871e-01	-1.219240e-01	9.589948e+00
3.607910e+02	5.332076e-01	-1.036573e+00	1.392794e+01	2.601165e+00	4.846572e+00	3.241508e-01	-8.548524e-01	-1.700178e-01	9.659396e+00
5.420124e+03	6.594526e-01	-5.875471e-01	1.388847e+01	2.650580e+00	4.814300e+00	3.544649e-01	-2.717031e-01	-1.394797e-01	9.079228e+00
1.395634e+03	1.274027e-01	-1.125161e+00	1.443669e+01	2.082653e+00	4.360604e+00	-2.278006e-01	-5.197203e-02	-1.548790e-01	9.179315e+00
1.521086e+03	-6.678753e-02	-1.313831e+00	1.461898e+01	1.886957e+00	4.212620e+00	-4.243371e-01	2.387948e-02	-4.680700e-02	9.216198e+00
