# loss | a0 ... a8
4.243560e+02	5.174519e-01	-1.611644e+00	1.701244e+01	1.525526e+00	3.131644e+00	9.604444e-01	7.891556e-01	-3.159111e-01	9.193126e+00
5.829432e+02	3.715441e-01	-1.465737e+00	1.686654e+01	1.671434e+00	3.277552e+00	1.106352e+00	6.432477e-01	-1.700033e-01	9.047218e+00
3.769525e+02	2.132234e-01	-1.585254e+00	1.670851e+01	1.821619e+00	3.435029e+00	9.882867e-01	5.280454e-01	-9.505517e-02	9.133700e+00
3.649069e+02	2.402411e-01	-1.581176e+00	1.654973e+01	1.979081e+00	3.572505e+00	9.908723e-01	3.790786e-01	-1.367134e-01	9.164222e+00
3.932278e+02	3.782785e-01	-1.629191e+00	1.639036e+01	2.137110e+00	3.720839e+00	9.292608e-01	2.998606e-01	-1.552258e-01	9.210656e+00
3.570998e+02	5.469456e-01	-1.598567e+00	1.621794e+01	2.309696e+00	3.887264e+00	9.452296e-01	2.353608e-01	-1.634954e-01	9.157450e+00
3.342328e+02	7.153175e-01	-1.533533e+00	1.604710e+01	2.477248e+00	4.051958e+00	9.995031e-01	1.420605e-01	-2.278584e-01	9.105190e+00
3.159478e+02	9.024846e-01	-1.584344e+00	1.586860e+01	2.638763e+00	4.225894e+00	9.313147e-01	3.373619e-02	-3.062021e-01	9.172366e+00
2.851146e+02	1.092991e+00	-1.545863e+00	1.567993e+01	2.824142e+00	4.413772e+00	9.545065e-01	-5.014844e-02	-3.682635e-01	9.168854e+00
2.843069e+02	1.301396e+00	-1.569908e+00	1.547390e+01	3.021574e+00	4.618169e+00	9.062442e-01	-9.735102e-02	-3.960462e-01	9.226150e+00
2.499686e+02	1.499395e+00	-1.504390e+00	1.527497e+01	3.215893e+00	4.807154e+00	9.449276e-01	-1.199599e-01	-4.045715e-01	9.141574e+00
2.152463e+02	1.719091e+00	-1.519471e+00	1.506119e+01	3.394615e+00	4.999633e+00	8.895048e-01	-1.483633e-01	-4.128481e-01	9.132875e+00
1.921686e+02	1.920873e+00	-1.513912e+00	1.487410e+01	3.556762e+00	5.173029e+00	8.635335e-01	-1.694901e-01	-4.100183e-01	9.122287e+00
1.987341e+02	2.097688e+00	-1.535915e+00	1.476507e+01	3.567051e+00	5.154767e+00	8.077369e-01	-1.915349e-01	-4.009365e-01	9.113969e+00
2.018132e+02	2.313329e+00	-1.477259e+00	1.455470e+01	3.752063e+00	5.329844e+00	8.257333e-01	-1.978194e-01	-3.965054e-01	9.032596e+00
2.394274e+02	2.263637e+00	-1.551895e+00	1.463744e+01	3.628829e+00	5.186012e+00	7.267777e-01	-2.228811e-01	-3.938884e-01	9.047429e+00
1.831789e+02	2.354795e+00	-1.504833e+00	1.455957e+01	3.689060e+00	5.207100e+00	7.462269e-01	-2.328517e-01	-3.869993e-01	8.968022e+00
2.294988e+02	2.398959e+00	-1.429784e+00	1.450611e+01	3.754767e+00	5.241526e+00	7.985812e-01	-2.531642e-01	-3.691989e-01	8.878952e+00
2.069255e+02	2.260585e+00	-1.505312e+00	1.464940e+01	3.612617e+00	5.067104e+00	7.112773e-01	-2.929709e-01	-3.623177e-01	8.892860e+00
1.678214e+02	2.292848e+00	-1.462972e+00	1.462397e+01	3.629241e+00	5.048472e+00	7.266915e-01	-3.173643e-01	-3.513837e-01	8.843978e+00
1.728591e+02	2.336987e+00	-1.411732e+00	1.457850e+01	3.673973e+00	5.064642e+00	7.533265e-01	-3.149413e-01	-3.520040e-01	8.800258e+00
2.214531e+02	2.374277e+00	-1.378009e+00	1.454028e+01	3.715016e+00	5.075600e+00	7.589092e-01	-3.278818e-01	-3.476756e-01	8.768857e+00
3.661607e+02	2.182397e+00	-1.529106e+00	1.472359e+01	3.527022e+00	4.887244e+00	6.037176e-01	-3.724050e-01	-3.307667e-01	8.823773e+00
1.963540e+02	2.188372e+00	-1.460647e+00	1.470151e+01	3.551791e+00	4.891261e+00	6.826274e-01	-3.369848e-01	-3.849671e-01	8.775590e+00
1.749980e+02	2.254207e+00	-1.378307e+00	1.463709e+01	3.615251e+00	4.937723e+00	7.534190e-01	-3.292735e-01	-3.959999e-01	8.710889e+00
1.653172e+02	2.255466e+00	-1.375623e+00	1.463413e+01	3.617387e+00	4.933654e+00	7.380994e-01	-3.688193e-01	-3.631522e-01	8.694921e+00
1.705848e+02	2.224064e+00	-1.427784e+00	1.468566e+01	3.562037e+00	4.863879e+00	6.721270e-01	-3.880724e-01	-3.472938e-01	8.701592e+00
1.607575e+02	2.247259e+00	-1.410526e+00	1.467951e+01	3.562098e+00	4.843832e+00	6.701590e-01	-3.754450e-01	-3.580807e-01	8.659155e+00
1.835598e+02	2.320289e+00	-1.339544e+00	1.460607e+01	3.630874e+00	4.896148e+00	7.181805e-01	-3.761695e-01	-3.506944e-01	8.609866e+00
1.820952e+02	2.326580e+00	-1.332550e+00	1.460202e+01	3.632960e+00	4.888226e+00	7.096010e-01	-4.271344e-01	-3.062887e-01	8.603812e+00
2.489357e+02	2.197559e+00	-1.435139e+00	1.473076e+01	3.519255e+00	4.768178e+00	5.936624e-01	-4.471908e-01	-2.876225e-01	8.630744e+00
1.828359e+02	2.214464e+00	-1.401835e+00	1.470743e+01	3.545021e+00	4.783266e+00	6.146037e-01	-5.020416e-01	-2.809293e-01	8.644205e+00
1.878496e+02	2.286731e+00	-1.304137e+00	1.463943e+01	3.622146e+00	4.841937e+00	6.963065e-01	-4.601611e-01	-3.357962e-01	8.582553e+00
1.437684e+02	2.208817e+00	-1.315557e+00	1.471316e+01	3.551909e+00	4.756429e+00	6.774963e-01	-4.465112e-01	-3.497773e-01	8.553866e+00
1.587140e+02	2.191912e+00	-1.361295e+00	1.473408e+01	3.522281e+00	4.718531e+00	6.104756e-01	-4.435342e-01	-3.518602e-01	8.556749e+00
1.317693e+02	2.213674e+00	-1.324789e+00	1.470802e+01	3.550042e+00	4.734739e+00	6.257576e-01	-4.429979e-01	-3.436180e-01	8.519591e+00
1.497258e+02	2.264802e+00	-1.284502e+00	1.466077e+01	3.596914e+00	4.770019e+00	6.429810e-01	-4.416410e-01	-3.412821e-01	8.491695e+00
1.438606e+02	2.210571e+00	-1.329531e+00	1.470195e+01	3.563750e+00	4.743182e+00	5.841339e-01	-4.720476e-01	-2.948413e-01	8.497363e+00
1.287315e+02	2.238163e+00	-1.299987e+00	1.467523e+01	3.597876e+00	4.766286e+00	5.900941e-01	-4.645714e-01	-2.976279e-01	8.472625e+00
1.261010e+02	2.209601e+00	-1.291972e+00	1.469567e+01	3.586649e+00	4.744805e+00	5.824326e-01	-4.766285e-01	-2.724515e-01	8.455085e+00
1.553164e+02	2.230561e+00	-1.244975e+00	1.466255e+01	3.626390e+00	4.775477e+00	6.079535e-01	-4.881681e-01	-2.539540e-01	8.433880e+00
1.642103e+02	2.182796e+00	-1.230875e+00	1.468216e+01	3.627912e+00	4.776998e+00	6.078745e-01	-5.058148e-01	-2.363335e-01	8.421566e+00
3.193235e+02	2.050082e+00	-1.361090e+00	1.481666e+01	3.497988e+00	4.641532e+00	4.693887e-01	-5.344103e-01	-2.060546e-01	8.458181e+00
1.684115e+02	2.082399e+00	-1.306871e+00	1.478461e+01	3.544518e+00	4.682250e+00	5.236473e-01	-5.351751e-01	-2.134364e-01	8.440728e+00
1.733111e+02	2.144123e+00	-1.214586e+00	1.472369e+01	3.612628e+00	4.739406e+00	6.129608e-01	-6.391151e-01	-2.429118e-01	8.499368e+00
1.052592e+03	2.064577e+00	-1.255557e+00	1.479276e+01	3.541632e+00	4.661575e+00	5.789125e-01	-8.227570e-01	-3.190465e-01	8.603603e+00
3.969547e+03	2.379651e+00	-8.717635e-01	1.456556e+01	3.815376e+00	4.471957e+00	5.664027e-01	-4.238967e-01	-1.326225e-01	8.204756e+00
3.875611e+02	2.019288e+00	-1.050445e+00	1.493286e+01	3.465806e+00	4.057177e+00	1.843053e-01	-2.501405e-01	-7.593479e-02	8.050477e+00
7.230012e+02	1.864103e+00	-1.112509e+00	1.507593e+01	3.335745e+00	3.928516e+00	8.959546e-02	-1.833742e-01	3.243441e-01	7.993251e+00
6.826805e+02	1.802729e+00	-1.117360e+00	1.512295e+01	3.297020e+00	3.899107e+00	1.175519e-01	-1.555175e-01	5.344300e-01	7.968522e+00
5.309322e+02	1.786856e+00	-1.102251e+00	1.512660e+01	3.297873e+00	3.907865e+00	1.750869e-01	-1.451906e-01	6.325507e-01	7.958117e+00
3.260100e+02	1.787517e+00	-1.075373e+00	1.511589e+01	3.315104e+00	3.932337e+00	2.515694e-01	-1.433232e-01	6.556773e-01	7.953672e+00
1.737206e+02	1.797861e+00	-1.042163e+00	1.509530e+01	3.338954e+00	3.964672e+00	3.385015e-01	-1.425327e-01	6.654637e-01	7.951561e+00
1.664219e+02	1.809571e+00	-1.021321e+00	1.507779e+01	3.357643e+00	3.990757e+00	3.945225e-01	-1.457935e-01	5.685758e-01	7.951037e+00
1.720536e+02	1.811521e+00	-1.018567e+00	1.507193e+01	3.363870e+00	4.001894e+00	4.025537e-01	-1.483463e-01	5.118627e-01	7.950983e+00
1.521323e+02	1.808092e+00	-1.030537e+00	1.507692e+01	3.356458e+00	3.994290e+00	3.790423e-01	-1.536477e-01	4.090901e-01	7.951588e+00
1.506355e+02	1.810773e+00	-1.034092e+00	1.507074e+01	3.361125e+00	4.004927e+00	3.740886e-01	-1.562813e-01	3.679343e-01	7.952098e+00
1.501759e+02	1.817176e+00	-1.035971e+00	1.506359e+01	3.366271e+00	4.012764e+00	3.739323e-01	-1.574223e-01	3.501203e-01	7.952612e+00
1.495331e+02	1.819072e+00	-1.036369e+00	1.505683e+01	3.372552e+00	4.027208e+00	3.753890e-01	-1.616216e-01	3.425350e-01	7.953443e+00
1.509992e+02	1.819684e+00	-1.032906e+00	1.504981e+01	3.380279e+00	4.043923e+00	3.849360e-01	-1.645674e-01	3.456698e-01	7.953912e+00
1.484149e+02	1.822954e+00	-1.038716e+00	1.504440e+01	3.383087e+00	4.051888e+00	3.759533e-01	-1.684267e-01	3.377237e-01	7.954829e+00
1.484220e+02	1.828604e+00	-1.042618e+00	1.503635e+01	3.387817e+00	4.062464e+00	3.687869e-01	-1.726046e-01	3.299715e-01	7.955685e+00
1.473536e+02	1.830969e+00	-1.041077e+00	1.502939e+01	3.394496e+00	4.075551e+00	3.758561e-01	-1.755087e-01	3.336448e-01	7.956312e+00
1.470576e+02	1.832710e+00	-1.040693e+00	1.502283e+01	3.401174e+00	4.091049e+00	3.790613e-01	-1.792247e-01	3.305693e-01	7.957069e+00
1.470931e+02	1.835240e+00	-1.040871e+00	1.501764e+01	3.405925e+00	4.100553e+00	3.823792e-01	-1.819280e-01	3.343080e-01	7.957776e+00
1.461799e+02	1.834262e+00	-1.045776e+00	1.501743e+01	3.405462e+00	4.102746e+00	3.766442e-01	-1.842249e-01	3.404121e-01	7.958462e+00
1.460045e+02	1.837904e+00	-1.044327e+00	1.500931e+01	3.412597e+00	4.116827e+00	3.817637e-01	-1.875514e-01	3.362893e-01	7.959141e+00
1.453513e+02	1.841347e+00	-1.048781e+00	1.500387e+01	3.415625e+00	4.124976e+00	3.768516e-01	-1.917160e-01	3.315010e-01	7.960074e+00
1.456382e+02	1.843195e+00	-1.045741e+00	1.499744e+01	3.422751e+00	4.139040e+00	3.850604e-01	-1.942143e-01	3.300486e-01	7.960515e+00
1.449646e+02	1.841239e+00	-1.049479e+00	1.499596e+01	3.423767e+00	4.146706e+00	3.758347e-01	-1.956399e-01	3.328112e-01	7.960795e+00
1.451055e+02	1.844182e+00	-1.047226e+00	1.498891e+01	3.430580e+00	4.159113e+00	3.852815e-01	-1.993151e-01	3.278485e-01	7.961604e+00
1.478581e+02	1.842083e+00	-1.045704e+00	1.498545e+01	3.435078e+00	4.171669e+00	3.967325e-01	-2.040103e-01	3.187222e-01	7.962636e+00
1.438424e+02	1.843339e+00	-1.051944e+00	1.498275e+01	3.435933e+00	4.176011e+00	3.844174e-01	-2.063411e-01	3.180248e-01	7.963288e+00
1.459701e+02	1.839367e+00	-1.058369e+00	1.498439e+01	3.434034e+00	4.176809e+00	3.693388e-01	-2.081363e-01	3.174261e-01	7.963713e+00
1.437607e+02	1.844830e+00	-1.052329e+00	1.497513e+01	3.443713e+00	4.193782e+00	3.875121e-01	-2.113163e-01	3.193138e-01	7.964289e+00
1.435188e+02	1.852023e+00	-1.054059e+00	1.496745e+01	3.449443e+00	4.202271e+00	3.865576e-01	-2.126880e-01	3.201330e-01	7.964873e+00
1.445051e+02	1.849713e+00	-1.052699e+00	1.496506e+01	3.453036e+00	4.213352e+00	3.931534e-01	-2.165417e-01	3.162300e-01	7.965539e+00
1.434214e+02	1.846480e+00	-1.055611e+00	1.496753e+01	3.450180e+00	4.211580e+00	3.925302e-01	-2.185152e-01	3.174308e-01	7.966095e+00
1.424492e+02	1.845829e+00	-1.058263e+00	1.496389e+01	3.453860e+00	4.223020e+00	3.879351e-01	-2.222240e-01	3.100508e-01	7.966769e+00
1.427459e+02	1.845091e+00	-1.061718e+00	1.496349e+01	3.452675e+00	4.224843e+00	3.795414e-01	-2.245789e-01	3.066119e-01	7.967183e+00
1.427710e+02	1.846387e+00	-1.057383e+00	1.495715e+01	3.461039e+00	4.240443e+00	3.925243e-01	-2.278760e-01	3.068076e-01	7.967811e+00
1.445153e+02	1.841355e+00	-1.055523e+00	1.495643e+01	3.464366e+00	4.250982e+00	3.990899e-01	-2.300857e-01	3.059373e-01	7.968150e+00
1.416343e+02	1.842490e+00	-1.061357e+00	1.495398e+01	3.465320e+00	4.255574e+00	3.890541e-01	-2.333735e-01	3.018785e-01	7.969000e+00
1.412875e+02	1.840796e+00	-1.063746e+00	1.494970e+01	3.469515e+00	4.269495e+00	3.869289e-01	-2.378220e-01	2.995499e-01	7.969803e+00
1.412063e+02	1.842710e+00	-1.064014e+00	1.494647e+01	3.471991e+00	4.273513e+00	3.875274e-01	-2.397158e-01	2.985630e-01	7.970257e+00
1.409111e+02	1.837599e+00	-1.066160e+00	1.494694e+01	3.472941e+00	4.280034e+00	3.882576e-01	-2.431916e-01	2.955022e-01	7.971103e+00
1.414969e+02	1.842132e+00	-1.063037e+00	1.494080e+01	3.478666e+00	4.288656e+00	3.945357e-01	-2.449296e-01	2.968525e-01	7.971389e+00
1.415630e+02	1.842057e+00	-1.062372e+00	1.494003e+01	3.478769e+00	4.290557e+00	3.955931e-01	-2.486036e-01	2.947793e-01	7.971844e+00
1.409127e+02	1.842190e+00	-1.064660e+00	1.493709e+01	3.481837e+00	4.298429e+00	3.927046e-01	-2.501689e-01	2.938995e-01	7.972323e+00
1.409930e+02	1.838632e+00	-1.068868e+00	1.493599e+01	3.483264e+00	4.307223e+00	3.833268e-01	-2.518405e-01	2.951197e-01	7.972660e+00
1.408685e+02	1.841061e+00	-1.065385e+00	1.493060e+01	3.489097e+00	4.316256e+00	3.931629e-01	-2.543596e-01	2.942424e-01	7.973183e+00
1.501150e+02	1.848133e+00	-1.057502e+00	1.491961e+01	3.500261e+00	4.330619e+00	4.108507e-01	-2.554448e-01	2.938723e-01	7.973466e+00
1.399708e+02	1.837934e+00	-1.070506e+00	1.492843e+01	3.489417e+00	4.321470e+00	3.862471e-01	-2.588888e-01	2.856766e-01	7.974298e+00
1.412412e+02	1.836779e+00	-1.074353e+00	1.492822e+01	3.488219e+00	4.322792e+00	3.775002e-01	-2.634400e-01	2.532885e-01	7.975283e+00
1.386207e+02	1.834021e+00	-1.072050e+00	1.492627e+01	3.491624e+00	4.332445e+00	3.886966e-01	-2.678137e-01	2.471986e-01	7.976240e+00
1.378339e+02	1.823970e+00	-1.072562e+00	1.493118e+01	3.489116e+00	4.335329e+00	3.926650e-01	-2.721418e-01	2.509615e-01	7.977024e+00
1.390254e+02	1.828428e+00	-1.069430e+00	1.492352e+01	3.496629e+00	4.348819e+00	4.033965e-01	-2.767290e-01	2.355223e-01	7.978250e+00
1.440231e+02	1.831507e+00	-1.065700e+00	1.491730e+01	3.503714e+00	4.359319e+00	4.135419e-01	-2.796647e-01	2.332643e-01	7.979012e+00
1.361746e+02	1.825660e+00	-1.076594e+00	1.492198e+01	3.496674e+00	4.356775e+00	3.956973e-01	-2.851578e-01	2.126058e-01	7.980407e+00
1.365124e+02	1.828740e+00	-1.074331e+00	1.491500e+01	3.504018e+00	4.371213e+00	4.035390e-01	-2.912568e-01	1.842112e-01	7.981855e+00
1.350454e+02	1.821951e+00	-1.081842e+00	1.492128e+01	3.497673e+00	4.368182e+00	3.946530e-01	-2.963358e-01	1.909840e-01	7.983282e+00
1.345272e+02	1.826621e+00	-1.080734e+00	1.491386e+01	3.503331e+00	4.378102e+00	3.957446e-01	-3.007451e-01	1.930081e-01	7.984406e+00
1.333610e+02	1.822084e+00	-1.081241e+00	1.491446e+01	3.503209e+00	4.383629e+00	4.033652e-01	-3.060451e-01	2.022069e-01	7.985765e+00
1.313877e+02	1.817959e+00	-1.087149e+00	1.492072e+01	3.493845e+00	4.372364e+00	3.957762e-01	-3.117022e-01	2.088666e-01	7.987016e+00
1.319980e+02	1.820343e+00	-1.081189e+00	1.491211e+01	3.504615e+00	4.391975e+00	4.131267e-01	-3.160779e-01	2.065849e-01	7.988116e+00
1.306686e+02	1.825763e+00	-1.082621e+00	1.490555e+01	3.508480e+00	4.399671e+00	4.143995e-01	-3.211209e-01	2.006102e-01	7.989618e+00
1.281001e+02	1.821236e+00	-1.085020e+00	1.490629e+01	3.508782e+00	4.405475e+00	4.115532e-01	-3.252923e-01	1.931385e-01	7.990586e+00
1.267120e+02	1.820245e+00	-1.091404e+00	1.490950e+01	3.503275e+00	4.396588e+00	3.969157e-01	-3.294608e-01	1.847177e-01	7.991492e+00
1.255932e+02	1.820136e+00	-1.086948e+00	1.490260e+01	3.510789e+00	4.412803e+00	4.104631e-01	-3.336057e-01	1.889551e-01	7.992490e+00
1.238790e+02	1.817477e+00	-1.088285e+00	1.490303e+01	3.509859e+00	4.415320e+00	4.113790e-01	-3.400341e-01	1.896281e-01	7.993857e+00
1.247437e+02	1.819045e+00	-1.086692e+00	1.489700e+01	3.515338e+00	4.426720e+00	4.164444e-01	-3.427708e-01	1.899284e-01	7.994537e+00
1.266357e+02	1.825844e+00	-1.084797e+00	1.489011e+01	3.520394e+00	4.432254e+00	4.210671e-01	-3.451129e-01	1.853324e-01	7.995160e+00
1.215326e+02	1.818817e+00	-1.091835e+00	1.489394e+01	3.515942e+00	4.432792e+00	4.082700e-01	-3.494336e-01	1.827660e-01	7.996247e+00
1.218178e+02	1.815974e+00	-1.089418e+00	1.488939e+01	3.522984e+00	4.449772e+00	4.144225e-01	-3.534108e-01	1.813368e-01	7.997024e+00
1.202695e+02	1.814119e+00	-1.095335e+00	1.489217e+01	3.517739e+00	4.444276e+00	4.033835e-01	-3.571471e-01	1.819491e-01	7.998041e+00
1.210148e+02	1.820862e+00	-1.089643e+00	1.488278e+01	3.526908e+00	4.458221e+00	4.154393e-01	-3.606748e-01	1.860244e-01	7.998774e+00
1.190114e+02	1.816248e+00	-1.092759e+00	1.488690e+01	3.521771e+00	4.453465e+00	4.125337e-01	-3.642212e-01	1.846797e-01	7.999683e+00
1.179064e+02	1.813201e+00	-1.096217e+00	1.488773e+01	3.520385e+00	4.455533e+00	4.066561e-01	-3.672068e-01	1.810256e-01	8.000539e+00
1.165127e+02	1.813620e+00	-1.094533e+00	1.488517e+01	3.522419e+00	4.460534e+00	4.148813e-01	-3.734865e-01	1.598174e-01	8.002156e+00
1.151479e+02	1.815474e+00	-1.096220e+00	1.488266e+01	3.522950e+00	4.463844e+00	4.198974e-01	-3.806007e-01	1.502817e-01	8.004188e+00
1.139158e+02	1.813782e+00	-1.097059e+00	1.488156e+01	3.523751e+00	4.468121e+00	4.182803e-01	-3.853374e-01	1.363324e-01	8.005454e+00
1.217045e+02	1.820910e+00	-1.089833e+00	1.486843e+01	3.536838e+00	4.487151e+00	4.340455e-01	-3.874498e-01	1.317825e-01	8.006062e+00
1.138575e+02	1.810250e+00	-1.105552e+00	1.488027e+01	3.520320e+00	4.470117e+00	4.038602e-01	-3.942553e-01	1.216208e-01	8.007872e+00
1.137345e+02	1.813784e+00	-1.106377e+00	1.487618e+01	3.521659e+00	4.474001e+00	4.019212e-01	-3.995673e-01	1.196586e-01	8.009261e+00
1.104340e+02	1.813525e+00	-1.100843e+00	1.487225e+01	3.526769e+00	4.483487e+00	4.177473e-01	-4.043987e-01	1.341460e-01	8.010414e+00
1.099181e+02	1.810465e+00	-1.100391e+00	1.486916e+01	3.531285e+00	4.495878e+00	4.194813e-01	-4.098112e-01	1.424202e-01	8.011752e+00
1.110555e+02	1.812437e+00	-1.098014e+00	1.486695e+01	3.532837e+00	4.497671e+00	4.272117e-01	-4.136310e-01	1.444745e-01	8.012782e+00
1.105211e+02	1.805037e+00	-1.097118e+00	1.487446e+01	3.526014e+00	4.487902e+00	4.279283e-01	-4.157507e-01	1.467625e-01	8.013122e+00
1.079383e+02	1.807512e+00	-1.103057e+00	1.487063e+01	3.526662e+00	4.491367e+00	4.178622e-01	-4.208142e-01	1.376272e-01	8.014501e+00
1.065532e+02	1.809378e+00	-1.104008e+00	1.486451e+01	3.531625e+00	4.502167e+00	4.188570e-01	-4.286859e-01	1.224695e-01	8.015805e+00
1.058708e+02	1.811228e+00	-1.103355e+00	1.486184e+01	3.533089e+00	4.504213e+00	4.191730e-01	-4.339491e-01	1.275768e-01	8.016583e+00
1.229119e+02	1.822808e+00	-1.089125e+00	1.484659e+01	3.549987e+00	4.524226e+00	4.447461e-01	-4.383608e-01	1.368244e-01	8.017061e+00
1.095908e+02	1.805985e+00	-1.113556e+00	1.487036e+01	3.524501e+00	4.494564e+00	3.992570e-01	-4.432827e-01	1.286583e-01	8.018313e+00
1.034271e+02	1.804581e+00	-1.111521e+00	1.486584e+01	3.529885e+00	4.507771e+00	4.159859e-01	-4.503387e-01	1.187723e-01	8.020127e+00
1.023494e+02	1.805279e+00	-1.109692e+00	1.486548e+01	3.528962e+00	4.505861e+00	4.197193e-01	-4.543560e-01	1.165136e-01	8.020961e+00
1.014034e+02	1.799555e+00	-1.110519e+00	1.486967e+01	3.525210e+00	4.502583e+00	4.231666e-01	-4.593400e-01	1.007708e-01	8.022419e+00
1.027592e+02	1.807225e+00	-1.104657e+00	1.486051e+01	3.533624e+00	4.513757e+00	4.335438e-01	-4.637536e-01	1.029669e-01	8.023484e+00
1.168779e+02	1.819616e+00	-1.094906e+00	1.484523e+01	3.549103e+00	4.533178e+00	4.509440e-01	-4.684866e-01	9.024488e-02	8.024559e+00
1.094119e+02	1.805422e+00	-1.121362e+00	1.486352e+01	3.525669e+00	4.506513e+00	3.995570e-01	-4.733618e-01	8.726370e-02	8.026390e+00
1.230887e+02	1.803190e+00	-1.127676e+00	1.486652e+01	3.519748e+00	4.499555e+00	3.840597e-01	-4.775882e-01	1.022841e-01	8.027560e+00
1.019724e+02	1.813851e+00	-1.105851e+00	1.484919e+01	3.541248e+00	4.527492e+00	4.365619e-01	-4.812933e-01	1.097517e-01	8.028402e+00
1.047036e+02	1.808131e+00	-1.103265e+00	1.485513e+01	3.538456e+00	4.523668e+00	4.451231e-01	-4.861637e-01	1.019256e-01	8.029596e+00
1.011754e+02	1.811385e+00	-1.106644e+00	1.485163e+01	3.540775e+00	4.528528e+00	4.382726e-01	-4.895935e-01	9.660511e-02	8.030667e+00
9.828719e+01	1.811862e+00	-1.111401e+00	1.485679e+01	3.531999e+00	4.512885e+00	4.265135e-01	-4.925871e-01	9.857705e-02	8.031363e+00
9.815011e+01	1.812797e+00	-1.111635e+00	1.485235e+01	3.536419e+00	4.522845e+00	4.266870e-01	-4.963465e-01	9.243324e-02	8.032562e+00
9.847626e+01	1.812257e+00	-1.109263e+00	1.484905e+01	3.540000e+00	4.530901e+00	4.297088e-01	-4.982587e-01	9.046656e-02	8.033071e+00
9.809886e+01	1.814311e+00	-1.109979e+00	1.484627e+01	3.541713e+00	4.533615e+00	4.283143e-01	-5.026020e-01	8.942653e-02	8.034366e+00
9.790076e+01	1.820038e+00	-1.113486e+00	1.484136e+01	3.543798e+00	4.536069e+00	4.210142e-01	-5.079599e-01	9.117573e-02	8.035898e+00
9.777925e+01	1.818883e+00	-1.109997e+00	1.484011e+01	3.546196e+00	4.540123e+00	4.266892e-01	-5.103607e-01	9.144868e-02	8.036437e+00
1.013252e+02	1.824052e+00	-1.104300e+00	1.483140e+01	3.554339e+00	4.551726e+00	4.362781e-01	-5.135621e-01	8.715321e-02	8.037212e+00
9.774330e+01	1.815828e+00	-1.113567e+00	1.484157e+01	3.543645e+00	4.539036e+00	4.170407e-01	-5.161608e-01	9.022537e-02	8.038083e+00
9.991842e+01	1.813514e+00	-1.115745e+00	1.484238e+01	3.542872e+00	4.540574e+00	4.077159e-01	-5.185131e-01	9.845979e-02	8.038629e+00
9.767291e+01	1.816735e+00	-1.107089e+00	1.483679e+01	3.549533e+00	4.547776e+00	4.274634e-01	-5.211567e-01	1.002412e-01	8.039240e+00
9.670157e+01	1.810198e+00	-1.110174e+00	1.484133e+01	3.544802e+00	4.544607e+00	4.221483e-01	-5.234265e-01	1.048715e-01	8.039909e+00
9.872607e+01	1.814176e+00	-1.104604e+00	1.483655e+01	3.550150e+00	4.548933e+00	4.322937e-01	-5.261840e-01	1.011563e-01	8.040475e+00
1.007016e+02	1.809364e+00	-1.102656e+00	1.483849e+01	3.549713e+00	4.550317e+00	4.382917e-01	-5.292842e-01	9.576982e-02	8.041217e+00
9.667290e+01	1.807611e+00	-1.111536e+00	1.484336e+01	3.542682e+00	4.539411e+00	4.159970e-01	-5.316666e-01	9.298675e-02	8.041891e+00
9.631478e+01	1.807426e+00	-1.109378e+00	1.483869e+01	3.549023e+00	4.552487e+00	4.198584e-01	-5.335577e-01	9.301013e-02	8.042488e+00
9.617519e+01	1.809636e+00	-1.107678e+00	1.483849e+01	3.548279e+00	4.547375e+00	4.199140e-01	-5.360282e-01	9.467000e-02	8.043026e+00
9.714773e+01	1.802374e+00	-1.111646e+00	1.484748e+01	3.538648e+00	4.532690e+00	4.107984e-01	-5.377193e-01	1.001408e-01	8.043536e+00
1.000905e+02	1.810141e+00	-1.099202e+00	1.483727e+01	3.550215e+00	4.546077e+00	4.340607e-01	-5.401303e-01	1.010160e-01	8.043919e+00
1.004609e+02	1.813144e+00	-1.099738e+00	1.483645e+01	3.549272e+00	4.543403e+00	4.361519e-01	-5.432941e-01	9.253595e-02	8.044851e+00
9.555495e+01	1.806693e+00	-1.107021e+00	1.484359e+01	3.542061e+00	4.535346e+00	4.167489e-01	-5.452318e-01	9.390169e-02	8.045347e+00
9.631099e+01	1.807180e+00	-1.109223e+00	1.484015e+01	3.544407e+00	4.541679e+00	4.112897e-01	-5.472136e-01	9.121428e-02	8.046030e+00
9.587668e+01	1.807523e+00	-1.102640e+00	1.483847e+01	3.547328e+00	4.543354e+00	4.213339e-01	-5.490921e-01	9.716472e-02	8.046259e+00
9.502433e+01	1.801425e+00	-1.102429e+00	1.484651e+01	3.538043e+00	4.529295e+00	4.162686e-01	-5.504778e-01	1.047344e-01	8.046336e+00
9.656082e+01	1.804215e+00	-1.098227e+00	1.484111e+01	3.544650e+00	4.537705e+00	4.240126e-01	-5.527097e-01	1.038624e-01	8.047003e+00
9.629558e+01	1.807954e+00	-1.100371e+00	1.483329e+01	3.552484e+00	4.549412e+00	4.212060e-01	-5.553749e-01	9.844683e-02	8.048158e+00
9.510157e+01	1.802812e+00	-1.102272e+00	1.484011e+01	3.545535e+00	4.539887e+00	4.139318e-01	-5.570610e-01	1.000552e-01	8.048535e+00
9.634744e+01	1.809574e+00	-1.096831e+00	1.483150e+01	3.553951e+00	4.551609e+00	4.169475e-01	-5.579367e-01	1.014654e-01	8.048636e+00
9.486433e+01	1.800948e+00	-1.100433e+00	1.484102e+01	3.544201e+00	4.538707e+00	4.109357e-01	-5.603515e-01	1.021971e-01	8.049394e+00
9.471998e+01	1.795259e+00	-1.101432e+00	1.484520e+01	3.540946e+00	4.535560e+00	4.081132e-01	-5.620480e-01	1.036372e-01	8.050013e+00
9.552884e+01	1.796977e+00	-1.095801e+00	1.484193e+01	3.544075e+00	4.538462e+00	4.186432e-01	-5.640089e-01	1.055397e-01	8.050449e+00
1.053587e+02	1.798850e+00	-1.086504e+00	1.483511e+01	3.553606e+00	4.551394e+00	4.335104e-01	-5.651710e-01	1.064531e-01	8.050575e+00
9.486498e+01	1.789652e+00	-1.102073e+00	1.485025e+01	3.536766e+00	4.528954e+00	4.033973e-01	-5.676087e-01	1.024783e-01	8.051638e+00
9.440326e+01	1.793834e+00	-1.100794e+00	1.484167e+01	3.544984e+00	4.541619e+00	4.064265e-01	-5.700640e-01	1.041276e-01	8.052477e+00
9.392386e+01	1.791565e+00	-1.098115e+00	1.484538e+01	3.541502e+00	4.534757e+00	4.097166e-01	-5.713404e-01	1.050512e-01	8.052726e+00
1.045895e+02	1.792183e+00	-1.085566e+00	1.483762e+01	3.553063e+00	4.550543e+00	4.322699e-01	-5.734494e-01	1.076243e-01	8.052927e+00
1.018183e+02	1.782763e+00	-1.107909e+00	1.485554e+01	3.530604e+00	4.520880e+00	3.868416e-01	-5.744709e-01	1.081889e-01	8.053680e+00
9.629547e+01	1.785854e+00	-1.104770e+00	1.485403e+01	3.529666e+00	4.518432e+00	3.981427e-01	-5.757547e-01	1.088642e-01	8.054203e+00
9.544502e+01	1.792635e+00	-1.092344e+00	1.484317e+01	3.542959e+00	4.534349e+00	4.189256e-01	-5.767078e-01	1.130921e-01	8.054261e+00
1.019111e+02	1.796214e+00	-1.085682e+00	1.483628e+01	3.550080e+00	4.544050e+00	4.274908e-01	-5.770699e-01	1.139182e-01	8.054217e+00
9.373810e+01	1.788308e+00	-1.097806e+00	1.484753e+01	3.538532e+00	4.528646e+00	4.030725e-01	-5.792506e-01	1.110514e-01	8.055015e+00
9.664922e+01	1.790026e+00	-1.102252e+00	1.484753e+01	3.536785e+00	4.524469e+00	3.930074e-01	-5.805394e-01	1.101746e-01	8.055615e+00
9.743402e+01	1.792437e+00	-1.088091e+00	1.484077e+01	3.546875e+00	4.537246e+00	4.212534e-01	-5.820545e-01	1.126063e-01	8.055738e+00
9.774883e+01	1.798201e+00	-1.087529e+00	1.483545e+01	3.551317e+00	4.539759e+00	4.195672e-01	-5.827063e-01	1.136555e-01	8.056235e+00
9.313120e+01	1.786733e+00	-1.094038e+00	1.484739e+01	3.540456e+00	4.528552e+00	4.065711e-01	-5.847264e-01	1.118570e-01	8.056757e+00
9.575970e+01	1.786112e+00	-1.099749e+00	1.484943e+01	3.536915e+00	4.522795e+00	3.924209e-01	-5.862020e-01	1.079484e-01	8.057452e+00
9.613433e+01	1.786865e+00	-1.087367e+00	1.484345e+01	3.545192e+00	4.534582e+00	4.182778e-01	-5.875266e-01	1.118992e-01	8.057606e+00
9.694708e+01	1.790159e+00	-1.086702e+00	1.484183e+01	3.544523e+00	4.532076e+00	4.202110e-01	-5.889714e-01	1.104356e-01	8.058137e+00
9.270508e+01	1.780854e+00	-1.092770e+00	1.484932e+01	3.537533e+00	4.525017e+00	4.063302e-01	-5.902549e-01	1.118388e-01	8.058530e+00
9.542240e+01	1.767533e+00	-1.097852e+00	1.486272e+01	3.525995e+00	4.511168e+00	3.912061e-01	-5.919248e-01	1.142768e-01	8.058824e+00
9.514567e+01	1.776309e+00	-1.085493e+00	1.485107e+01	3.539398e+00	4.528353e+00	4.164038e-01	-5.927226e-01	1.147797e-01	8.059039e+00
9.476015e+01	1.778405e+00	-1.085703e+00	1.484942e+01	3.541280e+00	4.527515e+00	4.144446e-01	-5.932743e-01	1.173572e-01	8.059431e+00
9.260831e+01	1.775859e+00	-1.089002e+00	1.485165e+01	3.538051e+00	4.525288e+00	4.062506e-01	-5.947170e-01	1.151622e-01	8.059931e+00
9.252367e+01	1.780298e+00	-1.090014e+00	1.484900e+01	3.538197e+00	4.524598e+00	4.005590e-01	-5.962179e-01	1.147771e-01	8.060518e+00
9.265019e+01	1.777313e+00	-1.087653e+00	1.484925e+01	3.539432e+00	4.527141e+00	4.048877e-01	-5.971816e-01	1.150989e-01	8.060812e+00
9.213349e+01	1.766461e+00	-1.090130e+00	1.485491e+01	3.536544e+00	4.528604e+00	4.013111e-01	-5.984015e-01	1.120179e-01	8.061194e+00
9.348779e+01	1.772324e+00	-1.084800e+00	1.484848e+01	3.541562e+00	4.532312e+00	4.087102e-01	-5.992928e-01	1.150917e-01	8.061453e+00
9.444550e+01	1.770605e+00	-1.094410e+00	1.485442e+01	3.530915e+00	4.516792e+00	3.895009e-01	-6.008019e-01	1.173272e-01	8.062148e+00
9.535230e+01	1.775067e+00	-1.081858e+00	1.484440e+01	3.541970e+00	4.530160e+00	4.128476e-01	-6.014650e-01	1.176822e-01	8.062184e+00
