# loss | a0 ... a8
9.445384e+02	1.306785e+00	-9.144000e-01	1.606963e+01	7.416741e-01	2.287496e+00	6.805926e-02	-1.894578e+00	-2.569896e+00	9.723733e+00
6.320091e+02	1.452692e+00	-7.684922e-01	1.592372e+01	8.875819e-01	2.433402e+00	2.139671e-01	-2.040486e+00	-2.423988e+00	9.577825e+00
1.181534e+03	1.306787e+00	-7.039554e-01	1.577780e+01	7.433165e-01	2.579311e+00	2.926961e-01	-2.187442e+00	-2.277291e+00	9.564531e+00
5.074811e+02	1.243245e+00	-8.162120e-01	1.571407e+01	6.953493e-01	2.642890e+00	2.400092e-01	-2.278808e+00	-2.203355e+00	9.703273e+00
5.392832e+02	1.183606e+00	-9.032991e-01	1.559948e+01	8.356287e-01	2.700950e+00	1.885983e-01	-2.418894e+00	-2.070752e+00	9.794008e+00
5.055698e+02	1.131515e+00	-9.038238e-01	1.548275e+01	9.917723e-01	2.751236e+00	2.464445e-01	-2.569955e+00	-1.921268e+00	9.814252e+00
1.367496e+03	1.108550e+00	-8.931195e-01	1.542920e+01	1.069559e+00	2.773873e+00	3.099321e-01	-2.719741e+00	-1.774715e+00	9.806627e+00
4.436991e+02	1.096945e+00	-8.159032e-01	1.540008e+01	1.121315e+00	2.785759e+00	2.304896e-01	-2.568696e+00	-1.920593e+00	9.782989e+00
4.301751e+02	1.076657e+00	-8.052951e-01	1.534559e+01	1.225413e+00	2.807056e+00	1.809218e-01	-2.513536e+00	-1.968348e+00	9.778342e+00
4.267083e+02	1.042433e+00	-7.850566e-01	1.525901e+01	1.364081e+00	2.842933e+00	1.837085e-01	-2.499986e+00	-1.973296e+00	9.754928e+00
4.269766e+02	1.030060e+00	-8.150680e-01	1.521396e+01	1.449307e+00	2.859897e+00	1.729942e-01	-2.504105e+00	-1.962314e+00	9.798570e+00
4.153349e+02	1.029702e+00	-8.183920e-01	1.518083e+01	1.524973e+00	2.869874e+00	1.874195e-01	-2.504451e+00	-1.957822e+00	9.827474e+00
4.066391e+02	1.003953e+00	-8.200891e-01	1.510360e+01	1.650530e+00	2.904007e+00	2.200955e-01	-2.531124e+00	-1.921782e+00	9.828752e+00
4.365539e+02	9.742793e-01	-8.254185e-01	1.500681e+01	1.798496e+00	2.947892e+00	2.529539e-01	-2.556095e+00	-1.888307e+00	9.843952e+00
4.353844e+02	9.761600e-01	-8.502212e-01	1.492726e+01	1.930655e+00	2.975310e+00	2.362917e-01	-2.563189e+00	-1.870996e+00	9.841227e+00
4.210021e+02	9.815191e-01	-8.321562e-01	1.482116e+01	2.090736e+00	3.015645e+00	2.470392e-01	-2.557947e+00	-1.865818e+00	9.809541e+00
4.087941e+02	1.001062e+00	-8.621918e-01	1.473329e+01	2.237098e+00	3.048729e+00	2.134378e-01	-2.549948e+00	-1.862620e+00	9.823031e+00
5.396350e+02	1.008585e+00	-8.629267e-01	1.461244e+01	2.423208e+00	3.108940e+00	2.595468e-01	-2.596113e+00	-1.805192e+00	9.802605e+00
3.143430e+02	1.061818e+00	-8.052643e-01	1.450288e+01	2.568675e+00	3.149632e+00	1.855328e-01	-2.484253e+00	-1.909009e+00	9.773258e+00
3.414839e+02	1.070746e+00	-7.640896e-01	1.441330e+01	2.706860e+00	3.188753e+00	1.759810e-01	-2.437923e+00	-1.951383e+00	9.752826e+00
3.270623e+02	1.017504e+00	-8.310826e-01	1.430746e+01	2.825044e+00	3.267610e+00	1.368658e-01	-2.438384e+00	-1.943892e+00	9.841212e+00
2.904452e+02	9.885997e-01	-8.570565e-01	1.413924e+01	3.009251e+00	3.382813e+00	1.638225e-01	-2.469226e+00	-1.904721e+00	9.883201e+00
2.619886e+02	8.224729e-01	-8.365605e-01	1.408620e+01	3.125656e+00	3.452080e+00	2.013409e-01	-2.470141e+00	-1.899169e+00	9.872000e+00
2.494603e+02	6.307964e-01	-8.320303e-01	1.411736e+01	3.142798e+00	3.471182e+00	1.968530e-01	-2.448206e+00	-1.917784e+00	9.875427e+00
2.579390e+02	4.748476e-01	-8.647749e-01	1.403337e+01	3.248005e+00	3.573259e+00	2.178621e-01	-2.480711e+00	-1.876248e+00	9.909180e+00
2.681801e+02	3.408060e-01	-8.748144e-01	1.391740e+01	3.363474e+00	3.691381e+00	2.174875e-01	-2.483691e+00	-1.863551e+00	9.917076e+00
3.103339e+02	2.316062e-01	-9.013180e-01	1.389379e+01	3.386097e+00	3.731589e+00	2.175738e-01	-2.499091e+00	-1.843180e+00	9.941134e+00
5.599000e+02	1.172386e-01	-9.395216e-01	1.384288e+01	3.432260e+00	3.793248e+00	2.354647e-01	-2.541734e+00	-1.793604e+00	9.966267e+00
2.465027e+02	2.026292e-01	-8.345769e-01	1.382788e+01	3.394253e+00	3.793475e+00	1.238757e-01	-2.383230e+00	-1.948033e+00	9.911795e+00
3.124783e+02	1.812107e-01	-7.714405e-01	1.373181e+01	3.466201e+00	3.867085e+00	1.223509e-01	-2.335212e+00	-1.987765e+00	9.868923e+00
2.668447e+02	2.226908e-02	-8.098667e-01	1.375580e+01	3.428587e+00	3.882536e+00	9.806953e-02	-2.322948e+00	-1.995549e+00	9.964292e+00
2.523000e+02	-2.121689e-02	-7.918631e-01	1.374294e+01	3.465031e+00	3.901135e+00	1.379151e-01	-2.320473e+00	-1.995370e+00	9.993181e+00
2.130971e+02	-1.627867e-01	-8.288401e-01	1.367046e+01	3.512639e+00	3.980254e+00	1.579474e-01	-2.354236e+00	-1.953579e+00	1.005657e+01
2.122851e+02	-2.779224e-01	-8.372101e-01	1.365548e+01	3.539036e+00	4.010715e+00	1.868862e-01	-2.375785e+00	-1.926585e+00	1.006939e+01
2.257298e+02	-3.619769e-01	-8.862280e-01	1.361820e+01	3.535878e+00	4.055419e+00	1.767157e-01	-2.404621e+00	-1.891722e+00	1.012426e+01
2.400725e+02	-3.571929e-01	-8.955272e-01	1.358856e+01	3.537633e+00	4.082842e+00	1.675991e-01	-2.411173e+00	-1.880828e+00	1.011366e+01
3.018401e+02	-3.312869e-01	-8.634375e-01	1.349834e+01	3.634074e+00	4.150816e+00	2.167239e-01	-2.425039e+00	-1.862129e+00	1.006798e+01
2.401578e+02	-4.134431e-01	-8.934185e-01	1.357652e+01	3.529615e+00	4.113048e+00	1.738671e-01	-2.412591e+00	-1.869363e+00	1.009280e+01
2.232924e+02	-4.267683e-01	-8.764656e-01	1.358532e+01	3.525008e+00	4.112803e+00	1.781872e-01	-2.404899e+00	-1.872665e+00	1.005044e+01
2.797800e+02	-3.986142e-01	-8.474856e-01	1.352535e+01	3.588952e+00	4.162118e+00	2.110859e-01	-2.406136e+00	-1.866562e+00	1.001943e+01
2.145366e+02	-5.062388e-01	-8.669471e-01	1.361915e+01	3.491630e+00	4.106517e+00	1.829815e-01	-2.393761e+00	-1.875030e+00	1.002262e+01
2.413008e+02	-5.423244e-01	-8.666960e-01	1.359308e+01	3.513959e+00	4.136964e+00	2.020182e-01	-2.411431e+00	-1.852490e+00	9.993894e+00
2.281617e+02	-5.559324e-01	-8.799866e-01	1.363360e+01	3.452195e+00	4.115644e+00	1.575710e-01	-2.383842e+00	-1.877500e+00	1.001093e+01
2.084511e+02	-5.246792e-01	-8.563797e-01	1.357600e+01	3.497837e+00	4.164443e+00	1.700892e-01	-2.377722e+00	-1.878950e+00	9.982856e+00
2.184706e+02	-4.749647e-01	-8.550486e-01	1.353243e+01	3.525653e+00	4.201387e+00	1.742397e-01	-2.382803e+00	-1.869126e+00	9.976222e+00
2.318930e+02	-5.222441e-01	-8.840598e-01	1.352504e+01	3.503204e+00	4.214656e+00	1.584790e-01	-2.391359e+00	-1.854767e+00	9.990779e+00
2.301102e+02	-4.801241e-01	-8.672406e-01	1.349305e+01	3.531279e+00	4.238338e+00	1.749413e-01	-2.390364e+00	-1.851707e+00	9.970748e+00
2.142509e+02	-4.352380e-01	-8.432378e-01	1.351587e+01	3.504142e+00	4.222245e+00	1.632131e-01	-2.359489e+00	-1.879088e+00	9.950957e+00
2.174475e+02	-5.121313e-01	-8.713560e-01	1.352252e+01	3.490261e+00	4.232536e+00	1.620103e-01	-2.373056e+00	-1.860238e+00	9.974124e+00
2.235850e+02	-5.478994e-01	-8.705006e-01	1.351458e+01	3.489894e+00	4.246198e+00	1.799234e-01	-2.378267e+00	-1.849697e+00	9.977701e+00
2.408174e+02	-5.465523e-01	-8.656144e-01	1.348692e+01	3.512036e+00	4.271862e+00	1.921230e-01	-2.382399e+00	-1.841069e+00	9.963174e+00
2.630128e+02	-5.594384e-01	-8.804969e-01	1.347477e+01	3.515515e+00	4.285084e+00	2.018478e-01	-2.392572e+00	-1.827799e+00	9.985569e+00
2.238271e+02	-5.968259e-01	-8.827577e-01	1.353148e+01	3.441725e+00	4.251604e+00	1.560034e-01	-2.355827e+00	-1.861469e+00	9.970660e+00
2.497222e+02	-5.989688e-01	-8.636515e-01	1.345525e+01	3.515523e+00	4.313220e+00	1.965770e-01	-2.375802e+00	-1.836567e+00	9.934733e+00
2.040709e+02	-6.262149e-01	-8.559169e-01	1.351215e+01	3.438688e+00	4.270483e+00	1.643032e-01	-2.334906e+00	-1.871057e+00	9.916737e+00
2.031095e+02	-6.237820e-01	-8.426386e-01	1.353039e+01	3.412794e+00	4.257431e+00	1.694789e-01	-2.324246e+00	-1.876786e+00	9.902351e+00
2.049149e+02	-6.305988e-01	-8.570025e-01	1.349655e+01	3.429085e+00	4.288203e+00	1.725099e-01	-2.330963e+00	-1.863599e+00	9.922405e+00
2.569682e+02	-6.263174e-01	-8.564741e-01	1.343157e+01	3.481154e+00	4.346171e+00	2.061194e-01	-2.355883e+00	-1.833083e+00	9.929131e+00
2.619455e+02	-7.039406e-01	-9.085289e-01	1.348895e+01	3.408062e+00	4.312408e+00	1.441204e-01	-2.335418e+00	-1.848837e+00	9.969125e+00
2.012904e+02	-6.534781e-01	-8.591229e-01	1.347500e+01	3.427139e+00	4.324990e+00	1.707433e-01	-2.307503e+00	-1.872882e+00	9.943337e+00
2.636258e+02	-6.214606e-01	-8.462076e-01	1.339444e+01	3.501942e+00	4.390293e+00	2.072711e-01	-2.323395e+00	-1.851142e+00	9.936973e+00
2.131130e+02	-7.808957e-01	-8.817396e-01	1.349837e+01	3.382747e+00	4.313039e+00	1.689937e-01	-2.309071e+00	-1.859946e+00	9.951446e+00
2.218662e+02	-7.663135e-01	-8.575733e-01	1.347775e+01	3.404510e+00	4.327101e+00	2.095037e-01	-2.319122e+00	-1.844574e+00	9.928019e+00
2.387185e+02	-6.971387e-01	-8.567126e-01	1.344750e+01	3.422261e+00	4.351550e+00	2.153122e-01	-2.320224e+00	-1.838631e+00	9.926151e+00
2.514353e+02	-7.724306e-01	-9.110610e-01	1.351388e+01	3.344241e+00	4.309959e+00	1.681763e-01	-2.317155e+00	-1.837152e+00	9.959785e+00
2.045822e+02	-7.338471e-01	-8.741810e-01	1.348278e+01	3.371644e+00	4.336258e+00	1.855120e-01	-2.301889e+00	-1.847578e+00	9.910120e+00
2.319706e+02	-6.970663e-01	-8.621100e-01	1.343977e+01	3.402347e+00	4.372300e+00	2.115339e-01	-2.313929e+00	-1.831070e+00	9.901467e+00
2.242470e+02	-6.859369e-01	-8.682521e-01	1.342471e+01	3.401962e+00	4.386036e+00	2.032493e-01	-2.311883e+00	-1.829097e+00	9.896857e+00
2.346399e+02	-7.068361e-01	-9.052807e-01	1.345343e+01	3.355991e+00	4.370573e+00	1.721366e-01	-2.309654e+00	-1.826154e+00	9.916920e+00
2.417836e+02	-6.499275e-01	-8.988872e-01	1.343097e+01	3.343906e+00	4.394764e+00	1.401122e-01	-2.280531e+00	-1.849245e+00	9.899240e+00
3.708565e+02	-5.721274e-01	-8.264473e-01	1.334772e+01	3.445139e+00	4.455456e+00	2.301934e-01	-2.292610e+00	-1.831004e+00	9.838819e+00
4.522432e+02	-7.850949e-01	-9.847756e-01	1.355169e+01	3.241138e+00	4.306793e+00	1.286915e-01	-2.300401e+00	-1.819976e+00	9.955981e+00
4.809342e+02	-8.010174e-01	-9.973195e-01	1.353024e+01	3.252488e+00	4.333650e+00	1.242317e-01	-2.295353e+00	-1.817433e+00	9.952860e+00
3.531308e+02	-7.343586e-01	-9.694690e-01	1.344781e+01	3.329945e+00	4.406475e+00	1.591365e-01	-2.305630e+00	-1.799924e+00	9.909995e+00
4.886682e+02	-5.943704e-01	-8.409344e-01	1.331759e+01	3.472028e+00	4.513743e+00	2.700607e-01	-2.286789e+00	-1.814283e+00	9.808787e+00
2.200841e+02	-7.785101e-01	-9.209266e-01	1.349885e+01	3.300053e+00	4.373727e+00	2.063092e-01	-2.259046e+00	-1.838374e+00	9.839914e+00
2.058010e+02	-7.982920e-01	-9.093428e-01	1.351054e+01	3.287990e+00	4.371511e+00	2.239758e-01	-2.249319e+00	-1.842082e+00	9.811127e+00
2.381031e+02	-7.751029e-01	-8.747344e-01	1.347415e+01	3.318525e+00	4.410224e+00	2.534800e-01	-2.244416e+00	-1.840207e+00	9.764159e+00
2.102314e+02	-7.688662e-01	-9.106347e-01	1.347421e+01	3.304649e+00	4.417280e+00	2.354698e-01	-2.247462e+00	-1.830825e+00	9.791046e+00
2.304893e+02	-7.141849e-01	-9.088888e-01	1.341701e+01	3.347220e+00	4.473506e+00	2.442171e-01	-2.255132e+00	-1.814644e+00	9.768588e+00
2.365367e+02	-7.253483e-01	-9.440666e-01	1.345193e+01	3.300577e+00	4.451893e+00	2.014694e-01	-2.240345e+00	-1.823429e+00	9.778571e+00
2.123901e+02	-6.784912e-01	-9.093409e-01	1.343116e+01	3.321332e+00	4.473212e+00	2.352395e-01	-2.237759e+00	-1.820090e+00	9.747997e+00
2.250787e+02	-6.418929e-01	-8.988168e-01	1.339970e+01	3.345167e+00	4.503071e+00	2.439329e-01	-2.228671e+00	-1.822036e+00	9.720098e+00
2.790512e+02	-6.075989e-01	-8.940353e-01	1.334456e+01	3.390875e+00	4.553297e+00	2.594647e-01	-2.233944e+00	-1.809357e+00	9.701585e+00
3.365380e+02	-7.159017e-01	-9.873540e-01	1.346508e+01	3.263252e+00	4.462110e+00	1.632015e-01	-2.211814e+00	-1.823605e+00	9.727671e+00
2.669572e+02	-7.033301e-01	-9.686857e-01	1.341874e+01	3.313794e+00	4.508034e+00	2.180066e-01	-2.240282e+00	-1.787023e+00	9.715109e+00
2.023888e+02	-6.474239e-01	-9.034673e-01	1.339203e+01	3.336671e+00	4.532181e+00	2.345374e-01	-2.188239e+00	-1.828676e+00	9.620165e+00
