# lsum ldiff l2 l3 asum adiff log10_fesc10 alpha_esc log10Mcrit
7.321973225656468187e-02 8.845333677130225516e-03 -5.088647864019059386e-02 -1.285466940983741313e-01 -4.275356434964345045e-03 3.957300834977479486e-04 1.773337628466481117e-02 5.097248569210204028e-02 1.083206350751664965e-01
8.845333677130225516e-03 2.908916418473947007e-03 -2.435139676990075511e-02 -3.725559649208681767e-02 -8.495417373830147292e-03 -5.570052484916043116e-04 4.007743446732565246e-03 1.381317574249890309e-02 2.761884787357393387e-02
-5.088647864019059386e-02 -2.435139676990075511e-02 4.055587254849721823e-01 3.430518522879196230e-01 2.433002218977878550e-01 8.931113638482677392e-03 -3.926371974337850707e-02 -1.230362133378457151e-01 -2.552269925633161574e-01
-1.285466940983741313e-01 -3.725559649208681767e-02 3.430518522879196230e-01 6.624027685398826693e-01 -3.188975208526224903e-02 -1.643557654108897389e-03 -6.584618871849136357e-02 -2.154385859401025949e-01 -4.143014643468608815e-01
-4.275356434964345045e-03 -8.495417373830147292e-03 2.433002218977878550e-01 -3.188975208526224903e-02 7.138719365264896144e-01 1.140536510703264034e-02 -7.842950274201154412e-03 -1.594396429866766843e-02 -6.037729394935185956e-02
3.957300834977479486e-04 -5.570052484916043116e-04 8.931113638482677392e-03 -1.643557654108897389e-03 1.140536510703264034e-02 1.114063880288981455e-03 1.807801227827971543e-04 -4.810752218843518456e-04 -1.282421627457391118e-03
1.773337628466481464e-02 4.007743446732565246e-03 -3.926371974337851400e-02 -6.584618871849136357e-02 -7.842950274201154412e-03 1.807801227827971543e-04 8.436023608715856326e-03 2.398871017435667483e-02 4.934149636961338709e-02
5.097248569210204028e-02 1.381317574249890309e-02 -1.230362133378457151e-01 -2.154385859401025949e-01 -1.594396429866766843e-02 -4.810752218843518456e-04 2.398871017435667483e-02 8.328062459855233024e-02 1.520339367027030986e-01
1.083206350751664965e-01 2.761884787357393387e-02 -2.552269925633161574e-01 -4.143014643468608260e-01 -6.037729394935185956e-02 -1.282421627457391118e-03 4.934149636961338709e-02 1.520339367027030431e-01 3.171715292969523037e-01
