# loss | a0 ... a8
2.449966e+02	1.363518e+00	-1.125902e+00	1.449000e+01	3.630826e+00	2.687286e+00	3.071071e-01	-6.109500e-01	-9.508929e-03	1.018531e+01
5.212037e+02	1.544743e+00	-9.592046e-01	1.425043e+01	3.820831e+00	2.887951e+00	4.342836e-01	-8.161489e-01	-1.621885e-01	9.995973e+00
1.674980e+03	1.326382e+00	-1.076627e+00	1.445677e+01	3.596600e+00	2.712394e+00	2.626228e-01	-9.481153e-01	-3.093078e-01	1.015607e+01
2.762325e+02	1.333499e+00	-9.531752e-01	1.448376e+01	3.602866e+00	2.522272e+00	1.465628e-01	-7.691631e-01	-4.362504e-01	9.997164e+00
2.049313e+02	1.297950e+00	-8.960779e-01	1.448942e+01	3.620644e+00	2.490448e+00	1.721847e-01	-7.196145e-01	-4.856357e-01	9.910522e+00
1.732343e+02	1.240342e+00	-8.772438e-01	1.449403e+01	3.626056e+00	2.520593e+00	2.196905e-01	-7.198807e-01	-4.944103e-01	9.870343e+00
1.670679e+02	1.161661e+00	-8.785963e-01	1.451960e+01	3.606826e+00	2.553812e+00	2.591385e-01	-7.359835e-01	-4.856090e-01	9.852063e+00
1.533296e+02	1.072238e+00	-8.885882e-01	1.455121e+01	3.578846e+00	2.593991e+00	2.848805e-01	-7.538921e-01	-4.683189e-01	9.845309e+00
1.088568e+02	1.000305e+00	-9.132723e-01	1.458984e+01	3.517285e+00	2.600875e+00	2.716789e-01	-7.696166e-01	-4.465544e-01	9.855935e+00
9.653729e+01	9.610055e-01	-9.275867e-01	1.459488e+01	3.483759e+00	2.625252e+00	2.776472e-01	-7.819194e-01	-4.227845e-01	9.863654e+00
8.683757e+01	9.281045e-01	-9.376095e-01	1.459213e+01	3.456783e+00	2.653244e+00	2.896068e-01	-7.913592e-01	-3.993605e-01	9.872839e+00
7.970398e+01	9.128855e-01	-9.449163e-01	1.457394e+01	3.438587e+00	2.682263e+00	2.966751e-01	-7.975706e-01	-3.780717e-01	9.884538e+00
7.523538e+01	9.028128e-01	-9.465986e-01	1.454684e+01	3.432410e+00	2.719449e+00	3.110788e-01	-8.021936e-01	-3.569480e-01	9.890567e+00
7.227915e+01	9.032493e-01	-9.502265e-01	1.451430e+01	3.426753e+00	2.754201e+00	3.131146e-01	-8.044172e-01	-3.375605e-01	9.899058e+00
7.230709e+01	8.984839e-01	-9.488262e-01	1.448761e+01	3.420101e+00	2.781869e+00	3.159975e-01	-8.036129e-01	-3.212473e-01	9.895807e+00
7.117778e+01	8.875124e-01	-9.497024e-01	1.447040e+01	3.402843e+00	2.801239e+00	3.147854e-01	-8.037420e-01	-3.061941e-01	9.895857e+00
7.107043e+01	8.900660e-01	-9.487788e-01	1.444043e+01	3.398360e+00	2.825862e+00	3.123817e-01	-8.018407e-01	-2.928668e-01	9.891423e+00
7.075990e+01	8.927537e-01	-9.487899e-01	1.441263e+01	3.389218e+00	2.846804e+00	3.114831e-01	-8.021490e-01	-2.794616e-01	9.887849e+00
7.035920e+01	8.893851e-01	-9.492024e-01	1.438899e+01	3.380237e+00	2.867472e+00	3.084186e-01	-8.007389e-01	-2.685173e-01	9.885975e+00
6.956853e+01	8.928411e-01	-9.508215e-01	1.435717e+01	3.374321e+00	2.892105e+00	3.062380e-01	-8.006911e-01	-2.578720e-01	9.889012e+00
6.987331e+01	8.839801e-01	-9.495062e-01	1.433909e+01	3.362072e+00	2.907708e+00	3.074565e-01	-7.996613e-01	-2.483977e-01	9.884317e+00
6.960844e+01	8.743486e-01	-9.494061e-01	1.431793e+01	3.352476e+00	2.928798e+00	3.058180e-01	-7.996808e-01	-2.396831e-01	9.880325e+00
6.967412e+01	8.670700e-01	-9.492511e-01	1.430085e+01	3.338193e+00	2.941010e+00	3.084879e-01	-7.998425e-01	-2.313940e-01	9.880199e+00
7.410756e+01	8.715369e-01	-9.451939e-01	1.427032e+01	3.338656e+00	2.962484e+00	3.169421e-01	-8.005249e-01	-2.236313e-01	9.876511e+00
6.867090e+01	8.504846e-01	-9.541761e-01	1.427316e+01	3.303789e+00	2.962084e+00	2.991336e-01	-8.015535e-01	-2.169308e-01	9.885536e+00
6.841099e+01	8.532420e-01	-9.537330e-01	1.423989e+01	3.304631e+00	2.986916e+00	3.025103e-01	-8.019078e-01	-2.108856e-01	9.891452e+00
6.847602e+01	8.375479e-01	-9.511572e-01	1.423221e+01	3.284825e+00	2.992136e+00	3.064987e-01	-7.989301e-01	-2.044699e-01	9.885568e+00
6.842918e+01	8.314488e-01	-9.497823e-01	1.421899e+01	3.267389e+00	2.995819e+00	3.056212e-01	-7.971442e-01	-1.983998e-01	9.881098e+00
6.937361e+01	8.204764e-01	-9.479758e-01	1.420397e+01	3.256999e+00	3.010386e+00	3.112116e-01	-7.976540e-01	-1.931807e-01	9.879453e+00
7.739608e+01	8.212350e-01	-9.426577e-01	1.417345e+01	3.264424e+00	3.036753e+00	3.225129e-01	-7.989641e-01	-1.881546e-01	9.875625e+00
6.836254e+01	7.968776e-01	-9.533361e-01	1.418584e+01	3.222434e+00	3.027530e+00	3.001417e-01	-8.003963e-01	-1.844557e-01	9.884792e+00
6.798879e+01	7.837997e-01	-9.535369e-01	1.416946e+01	3.213698e+00	3.046616e+00	3.060321e-01	-8.011733e-01	-1.805712e-01	9.891913e+00
6.791087e+01	7.818384e-01	-9.494380e-01	1.415235e+01	3.202627e+00	3.053320e+00	3.088524e-01	-7.978447e-01	-1.764254e-01	9.885209e+00
6.782108e+01	7.676770e-01	-9.522601e-01	1.414590e+01	3.181993e+00	3.056825e+00	3.014258e-01	-7.978947e-01	-1.727446e-01	9.887552e+00
7.109980e+01	7.750393e-01	-9.447145e-01	1.411589e+01	3.186567e+00	3.075913e+00	3.156951e-01	-7.965083e-01	-1.691856e-01	9.880038e+00
7.317758e+01	7.803608e-01	-9.432171e-01	1.409615e+01	3.174440e+00	3.081768e+00	3.191312e-01	-7.977708e-01	-1.663891e-01	9.879547e+00
6.788959e+01	7.640767e-01	-9.522210e-01	1.409153e+01	3.151342e+00	3.087501e+00	3.015363e-01	-8.016624e-01	-1.651864e-01	9.887605e+00
6.761228e+01	7.536467e-01	-9.514540e-01	1.407612e+01	3.142771e+00	3.103876e+00	3.012492e-01	-7.998180e-01	-1.624961e-01	9.885785e+00
6.824332e+01	7.526674e-01	-9.479247e-01	1.405332e+01	3.142075e+00	3.118607e+00	3.103742e-01	-7.992920e-01	-1.602604e-01	9.884167e+00
6.874722e+01	7.382259e-01	-9.544201e-01	1.405536e+01	3.115436e+00	3.112337e+00	2.981331e-01	-7.994965e-01	-1.586353e-01	9.893007e+00
7.052758e+01	7.432263e-01	-9.466342e-01	1.401813e+01	3.128286e+00	3.140175e+00	3.183134e-01	-8.000660e-01	-1.567240e-01	9.890894e+00
6.835703e+01	7.231675e-01	-9.481030e-01	1.402084e+01	3.106121e+00	3.137134e+00	3.153640e-01	-8.007167e-01	-1.548728e-01	9.893750e+00
6.847659e+01	7.244635e-01	-9.472323e-01	1.399821e+01	3.103652e+00	3.153236e+00	3.131838e-01	-7.997052e-01	-1.533310e-01	9.893959e+00
6.746021e+01	7.241649e-01	-9.490275e-01	1.397920e+01	3.094344e+00	3.164788e+00	3.056541e-01	-7.995805e-01	-1.520546e-01	9.893658e+00
6.824519e+01	7.163096e-01	-9.469660e-01	1.396556e+01	3.087853e+00	3.173842e+00	3.105120e-01	-7.985457e-01	-1.503563e-01	9.893657e+00
6.706526e+01	7.045912e-01	-9.499765e-01	1.396849e+01	3.063454e+00	3.163783e+00	3.056625e-01	-7.992987e-01	-1.493367e-01	9.899592e+00
6.856459e+01	6.984067e-01	-9.465401e-01	1.395045e+01	3.064081e+00	3.180648e+00	3.151316e-01	-7.996994e-01	-1.482795e-01	9.900157e+00
6.835798e+01	7.096410e-01	-9.465961e-01	1.391808e+01	3.067398e+00	3.197997e+00	3.087959e-01	-7.998853e-01	-1.476661e-01	9.901648e+00
6.765881e+01	6.852621e-01	-9.473334e-01	1.392299e+01	3.048699e+00	3.198451e+00	3.111332e-01	-7.995238e-01	-1.464884e-01	9.903154e+00
7.449395e+01	6.772556e-01	-9.415750e-01	1.389706e+01	3.067254e+00	3.225169e+00	3.209559e-01	-7.986123e-01	-1.449248e-01	9.897483e+00
6.725949e+01	6.496956e-01	-9.511936e-01	1.392135e+01	3.016527e+00	3.200397e+00	3.025111e-01	-7.989154e-01	-1.444124e-01	9.904734e+00
6.694392e+01	6.203062e-01	-9.485491e-01	1.393958e+01	2.985616e+00	3.184388e+00	3.154705e-01	-7.990470e-01	-1.444153e-01	9.907388e+00
6.652534e+01	6.315631e-01	-9.475859e-01	1.391152e+01	2.987254e+00	3.199604e+00	3.097587e-01	-7.972144e-01	-1.426421e-01	9.906310e+00
6.799345e+01	6.415804e-01	-9.438862e-01	1.387696e+01	3.002710e+00	3.222820e+00	3.128871e-01	-7.960427e-01	-1.413951e-01	9.907677e+00
6.673373e+01	6.438399e-01	-9.464669e-01	1.386140e+01	2.991983e+00	3.228576e+00	3.051331e-01	-7.969150e-01	-1.404014e-01	9.907639e+00
6.888168e+01	6.316731e-01	-9.513023e-01	1.386885e+01	2.964924e+00	3.215560e+00	2.951264e-01	-7.975581e-01	-1.397555e-01	9.912214e+00
7.060486e+01	6.416264e-01	-9.425755e-01	1.382950e+01	2.983430e+00	3.241599e+00	3.193992e-01	-7.984015e-01	-1.390801e-01	9.908898e+00
7.515647e+01	6.531099e-01	-9.427156e-01	1.379542e+01	2.991864e+00	3.260961e+00	3.266828e-01	-8.011537e-01	-1.401695e-01	9.919190e+00
6.927964e+01	6.194601e-01	-9.537788e-01	1.382204e+01	2.948216e+00	3.240871e+00	2.974294e-01	-8.017964e-01	-1.405457e-01	9.924296e+00
6.748315e+01	6.122210e-01	-9.444058e-01	1.380321e+01	2.959828e+00	3.257650e+00	3.098000e-01	-7.928576e-01	-1.372724e-01	9.909008e+00
6.679965e+01	6.021122e-01	-9.444048e-01	1.380886e+01	2.937256e+00	3.246976e+00	3.036626e-01	-7.921967e-01	-1.361832e-01	9.901721e+00
6.694181e+01	6.041319e-01	-9.446421e-01	1.379466e+01	2.934318e+00	3.250033e+00	3.115716e-01	-7.973467e-01	-1.373726e-01	9.911461e+00
6.644649e+01	5.933684e-01	-9.471523e-01	1.379135e+01	2.920022e+00	3.252177e+00	3.073148e-01	-7.996411e-01	-1.378784e-01	9.914880e+00
6.738743e+01	5.915493e-01	-9.432658e-01	1.378340e+01	2.910912e+00	3.250179e+00	3.150463e-01	-8.004394e-01	-1.376773e-01	9.909749e+00
6.649123e+01	5.863517e-01	-9.461121e-01	1.376759e+01	2.907491e+00	3.260750e+00	3.092241e-01	-8.002341e-01	-1.379439e-01	9.915617e+00
7.037417e+01	6.071151e-01	-9.416431e-01	1.373062e+01	2.917625e+00	3.279419e+00	3.186961e-01	-8.003676e-01	-1.377093e-01	9.913964e+00
6.741609e+01	5.777696e-01	-9.495352e-01	1.374235e+01	2.897988e+00	3.276007e+00	3.035704e-01	-8.008993e-01	-1.385225e-01	9.926188e+00
6.970392e+01	5.983300e-01	-9.457663e-01	1.368566e+01	2.932331e+00	3.315353e+00	3.139457e-01	-8.007082e-01	-1.388950e-01	9.935443e+00
6.633216e+01	5.565194e-01	-9.460463e-01	1.371573e+01	2.895253e+00	3.287552e+00	3.079666e-01	-7.961508e-01	-1.372294e-01	9.928735e+00
6.613727e+01	5.256325e-01	-9.448998e-01	1.373665e+01	2.862318e+00	3.267527e+00	3.029857e-01	-7.928177e-01	-1.357848e-01	9.917865e+00
6.780294e+01	5.259775e-01	-9.404985e-01	1.371598e+01	2.867349e+00	3.275434e+00	3.154199e-01	-7.938783e-01	-1.347340e-01	9.916047e+00
6.906170e+01	5.173626e-01	-9.500164e-01	1.372067e+01	2.841847e+00	3.258318e+00	2.971867e-01	-7.987345e-01	-1.369216e-01	9.927770e+00
7.248226e+01	5.323156e-01	-9.399566e-01	1.367724e+01	2.872467e+00	3.290641e+00	3.274808e-01	-8.006673e-01	-1.372170e-01	9.930622e+00
6.718442e+01	5.305228e-01	-9.478471e-01	1.366404e+01	2.860768e+00	3.297823e+00	3.025163e-01	-8.007666e-01	-1.385517e-01	9.938407e+00
6.882944e+01	5.301872e-01	-9.431885e-01	1.364811e+01	2.865532e+00	3.304337e+00	3.192815e-01	-8.009071e-01	-1.384221e-01	9.942083e+00
7.679778e+01	5.151397e-01	-9.374816e-01	1.363551e+01	2.878713e+00	3.316423e+00	3.295927e-01	-7.970581e-01	-1.356783e-01	9.934921e+00
7.101369e+01	4.988501e-01	-9.512355e-01	1.366432e+01	2.828543e+00	3.282952e+00	2.907467e-01	-7.964288e-01	-1.357121e-01	9.943362e+00
6.745455e+01	4.970476e-01	-9.436376e-01	1.366237e+01	2.816048e+00	3.276149e+00	2.935147e-01	-7.881349e-01	-1.322072e-01	9.922886e+00
7.548192e+01	5.116234e-01	-9.324610e-01	1.363244e+01	2.836591e+00	3.291559e+00	3.192954e-01	-7.878538e-01	-1.306775e-01	9.913410e+00
7.543412e+01	4.995372e-01	-9.336023e-01	1.363356e+01	2.826334e+00	3.290850e+00	3.236884e-01	-7.916702e-01	-1.312267e-01	9.915836e+00
7.686010e+01	4.865188e-01	-9.561769e-01	1.364322e+01	2.795023e+00	3.279078e+00	2.875163e-01	-7.975106e-01	-1.379568e-01	9.951833e+00
6.646791e+01	5.082990e-01	-9.437344e-01	1.361217e+01	2.804746e+00	3.286295e+00	2.993898e-01	-7.862677e-01	-1.366187e-01	9.932013e+00
7.338264e+01	5.117477e-01	-9.359425e-01	1.357994e+01	2.828286e+00	3.306722e+00	3.175746e-01	-7.853977e-01	-1.359464e-01	9.927439e+00
6.822365e+01	4.825320e-01	-9.391908e-01	1.357839e+01	2.825472e+00	3.314826e+00	3.154765e-01	-7.978515e-01	-1.421756e-01	9.959396e+00
6.749106e+01	4.668896e-01	-9.454079e-01	1.358728e+01	2.799982e+00	3.301213e+00	3.013157e-01	-8.025650e-01	-1.450141e-01	9.973028e+00
6.901732e+01	4.765584e-01	-9.463832e-01	1.355868e+01	2.801203e+00	3.314920e+00	2.981457e-01	-8.033053e-01	-1.465685e-01	9.979685e+00
8.597938e+01	4.736095e-01	-9.250266e-01	1.354717e+01	2.814142e+00	3.312088e+00	3.278294e-01	-7.881785e-01	-1.418746e-01	9.945929e+00
6.627399e+01	4.168093e-01	-9.377082e-01	1.360177e+01	2.758062e+00	3.264075e+00	2.962571e-01	-7.887206e-01	-1.397047e-01	9.939738e+00
6.578815e+01	4.243369e-01	-9.400800e-01	1.358418e+01	2.755609e+00	3.270564e+00	2.997424e-01	-7.928604e-01	-1.401114e-01	9.945046e+00
6.917286e+01	4.270124e-01	-9.341860e-01	1.355959e+01	2.771950e+00	3.284689e+00	3.184322e-01	-7.944783e-01	-1.386123e-01	9.938316e+00
6.698794e+01	4.409166e-01	-9.376356e-01	1.353816e+01	2.768939e+00	3.290962e+00	3.145024e-01	-7.965586e-01	-1.390031e-01	9.947743e+00
7.383326e+01	4.490552e-01	-9.356412e-01	1.349807e+01	2.795259e+00	3.322612e+00	3.252797e-01	-7.971433e-01	-1.385690e-01	9.959861e+00
7.488820e+01	4.292743e-01	-9.513360e-01	1.352717e+01	2.742798e+00	3.281824e+00	2.861053e-01	-7.979609e-01	-1.390855e-01	9.968312e+00
7.501723e+01	4.574318e-01	-9.298447e-01	1.348750e+01	2.772280e+00	3.297266e+00	3.144512e-01	-7.834190e-01	-1.354010e-01	9.934117e+00
6.911322e+01	4.223661e-01	-9.324809e-01	1.352596e+01	2.733719e+00	3.263616e+00	3.048236e-01	-7.826488e-01	-1.330022e-01	9.921328e+00
7.023960e+01	3.794202e-01	-9.396375e-01	1.357053e+01	2.691797e+00	3.228630e+00	2.889434e-01	-7.859979e-01	-1.323811e-01	9.912710e+00
6.671504e+01	3.949823e-01	-9.379425e-01	1.352822e+01	2.718900e+00	3.256363e+00	3.174664e-01	-7.973784e-01	-1.338858e-01	9.929144e+00
7.005182e+01	4.113769e-01	-9.363815e-01	1.348929e+01	2.735197e+00	3.281621e+00	3.236171e-01	-8.020512e-01	-1.356145e-01	9.932997e+00
6.880367e+01	4.079840e-01	-9.491975e-01	1.348534e+01	2.722670e+00	3.273115e+00	3.003203e-01	-8.037103e-01	-1.367818e-01	9.951579e+00
8.399801e+01	4.311936e-01	-9.278772e-01	1.343217e+01	2.773351e+00	3.310441e+00	3.242341e-01	-7.875997e-01	-1.332333e-01	9.922216e+00
6.894745e+01	3.969709e-01	-9.353247e-01	1.347152e+01	2.727669e+00	3.265350e+00	3.112577e-01	-7.856825e-01	-1.313587e-01	9.921397e+00
8.559064e+01	3.795883e-01	-9.537207e-01	1.351115e+01	2.661407e+00	3.213472e+00	2.744379e-01	-7.875704e-01	-1.309995e-01	9.935509e+00
8.001866e+01	3.953568e-01	-9.301517e-01	1.346898e+01	2.698045e+00	3.232538e+00	3.321700e-01	-7.839761e-01	-1.277565e-01	9.915615e+00
6.738398e+01	3.706398e-01	-9.383532e-01	1.349574e+01	2.655502e+00	3.195505e+00	3.192891e-01	-7.862713e-01	-1.258146e-01	9.936791e+00
6.657555e+01	3.861777e-01	-9.380587e-01	1.346395e+01	2.673158e+00	3.211463e+00	3.189172e-01	-7.909306e-01	-1.265764e-01	9.948152e+00
6.646966e+01	3.864777e-01	-9.450100e-01	1.344006e+01	2.693738e+00	3.226325e+00	3.060067e-01	-7.988970e-01	-1.301016e-01	9.969893e+00
6.724430e+01	4.045161e-01	-9.425038e-01	1.340933e+01	2.707488e+00	3.243263e+00	3.162792e-01	-8.014517e-01	-1.320525e-01	9.977936e+00
6.811768e+01	4.219145e-01	-9.355352e-01	1.340503e+01	2.690671e+00	3.226757e+00	3.171034e-01	-7.915764e-01	-1.283188e-01	9.965006e+00
6.631491e+01	4.022170e-01	-9.363685e-01	1.340491e+01	2.695154e+00	3.227823e+00	3.097536e-01	-7.906370e-01	-1.273585e-01	9.960311e+00
6.570727e+01	4.026638e-01	-9.385890e-01	1.339754e+01	2.692384e+00	3.225784e+00	3.031233e-01	-7.923647e-01	-1.269896e-01	9.954127e+00
6.586865e+01	3.768932e-01	-9.381929e-01	1.340102e+01	2.695190e+00	3.224862e+00	3.115952e-01	-7.948912e-01	-1.276523e-01	9.958913e+00
6.754890e+01	3.856037e-01	-9.356098e-01	1.339078e+01	2.689299e+00	3.220467e+00	3.162674e-01	-7.955185e-01	-1.286419e-01	9.954855e+00
6.605150e+01	3.540381e-01	-9.428708e-01	1.340394e+01	2.679801e+00	3.210713e+00	3.044929e-01	-7.967479e-01	-1.289987e-01	9.965807e+00
6.775872e+01	3.262639e-01	-9.443121e-01	1.343969e+01	2.649111e+00	3.171468e+00	2.988392e-01	-7.897087e-01	-1.261133e-01	9.960154e+00
8.136138e+01	3.528246e-01	-9.272738e-01	1.338680e+01	2.701514e+00	3.213576e+00	3.308044e-01	-7.896167e-01	-1.248372e-01	9.947354e+00
6.584089e+01	3.453671e-01	-9.359148e-01	1.338850e+01	2.700413e+00	3.200880e+00	3.081252e-01	-7.919478e-01	-1.255234e-01	9.952416e+00
6.674131e+01	3.430733e-01	-9.439662e-01	1.338094e+01	2.691632e+00	3.202960e+00	3.006717e-01	-7.979628e-01	-1.277876e-01	9.968170e+00
6.635906e+01	3.446104e-01	-9.402712e-01	1.336069e+01	2.707486e+00	3.215374e+00	3.100599e-01	-7.990252e-01	-1.304408e-01	9.970793e+00
6.759070e+01	3.495010e-01	-9.355639e-01	1.335268e+01	2.705132e+00	3.210621e+00	3.140590e-01	-7.928453e-01	-1.274745e-01	9.961455e+00
6.622493e+01	2.916254e-01	-9.422770e-01	1.342340e+01	2.650869e+00	3.149608e+00	3.072499e-01	-7.959536e-01	-1.274342e-01	9.963140e+00
6.531020e+01	3.205816e-01	-9.404276e-01	1.339085e+01	2.667833e+00	3.170234e+00	3.086436e-01	-7.967011e-01	-1.286663e-01	9.966022e+00
6.621288e+01	3.355511e-01	-9.361653e-01	1.335981e+01	2.690716e+00	3.187821e+00	3.125663e-01	-7.915372e-01	-1.271835e-01	9.965128e+00
6.645229e+01	3.551368e-01	-9.353520e-01	1.334057e+01	2.691807e+00	3.191278e+00	3.077824e-01	-7.914855e-01	-1.265990e-01	9.958994e+00
7.302041e+01	3.915981e-01	-9.338436e-01	1.327655e+01	2.729321e+00	3.235879e+00	3.114076e-01	-7.926881e-01	-1.268872e-01	9.964353e+00
7.349330e+01	3.219745e-01	-9.494662e-01	1.335829e+01	2.664829e+00	3.169551e+00	2.885860e-01	-7.993928e-01	-1.300845e-01	9.973647e+00
7.478464e+01	3.154417e-01	-9.274995e-01	1.336850e+01	2.662474e+00	3.150926e+00	3.223672e-01	-7.836398e-01	-1.254206e-01	9.936163e+00
6.856311e+01	3.055651e-01	-9.311731e-01	1.337053e+01	2.663270e+00	3.142698e+00	3.040856e-01	-7.821109e-01	-1.239532e-01	9.925426e+00
6.925862e+01	3.091705e-01	-9.307583e-01	1.336412e+01	2.666994e+00	3.141082e+00	3.161363e-01	-7.966945e-01	-1.243027e-01	9.924041e+00
6.771990e+01	3.085696e-01	-9.417913e-01	1.335697e+01	2.661284e+00	3.137673e+00	2.931856e-01	-8.016948e-01	-1.254366e-01	9.936781e+00
6.985335e+01	3.172820e-01	-9.299906e-01	1.334207e+01	2.669847e+00	3.136600e+00	3.127736e-01	-7.953015e-01	-1.221041e-01	9.916517e+00
7.973912e+01	3.305560e-01	-9.279532e-01	1.331152e+01	2.694961e+00	3.157431e+00	3.259893e-01	-7.959139e-01	-1.226889e-01	9.925090e+00
6.913102e+01	3.175482e-01	-9.356700e-01	1.331240e+01	2.675818e+00	3.162455e+00	3.212694e-01	-8.009400e-01	-1.347662e-01	9.942835e+00
7.857428e+01	2.969284e-01	-9.520849e-01	1.333523e+01	2.644169e+00	3.135575e+00	2.845253e-01	-8.026118e-01	-1.406866e-01	9.959022e+00
7.214563e+01	3.265017e-01	-9.272342e-01	1.328758e+01	2.685535e+00	3.153790e+00	3.030824e-01	-7.812998e-01	-1.382971e-01	9.911227e+00
6.937583e+01	3.159190e-01	-9.315280e-01	1.329862e+01	2.665073e+00	3.138178e+00	2.933052e-01	-7.801325e-01	-1.365999e-01	9.902074e+00
7.069861e+01	3.167343e-01	-9.310843e-01	1.328904e+01	2.671032e+00	3.134301e+00	3.070398e-01	-7.838502e-01	-1.349230e-01	9.906583e+00
6.516245e+01	2.968152e-01	-9.402380e-01	1.330314e+01	2.652286e+00	3.124574e+00	3.018577e-01	-7.918653e-01	-1.354244e-01	9.941742e+00
6.597142e+01	2.825831e-01	-9.438921e-01	1.330292e+01	2.637990e+00	3.134334e+00	3.054235e-01	-7.968138e-01	-1.347805e-01	9.955874e+00
7.759421e+01	3.004753e-01	-9.288845e-01	1.327592e+01	2.663922e+00	3.141229e+00	3.272820e-01	-7.891497e-01	-1.318504e-01	9.945603e+00
6.955474e+01	2.902935e-01	-9.432671e-01	1.330789e+01	2.611308e+00	3.103073e+00	2.886022e-01	-7.882868e-01	-1.310886e-01	9.944904e+00
6.620617e+01	3.017223e-01	-9.402876e-01	1.329297e+01	2.623782e+00	3.103728e+00	2.957734e-01	-7.892319e-01	-1.297244e-01	9.944936e+00
6.562590e+01	2.945402e-01	-9.410211e-01	1.330608e+01	2.607006e+00	3.076029e+00	3.021119e-01	-7.924014e-01	-1.298342e-01	9.950583e+00
8.582873e+01	3.262996e-01	-9.272284e-01	1.324940e+01	2.662726e+00	3.120532e+00	3.360199e-01	-7.953988e-01	-1.299116e-01	9.948364e+00
8.653340e+01	2.782440e-01	-9.560199e-01	1.331244e+01	2.604777e+00	3.064044e+00	2.858067e-01	-8.031141e-01	-1.394515e-01	9.980178e+00
6.652153e+01	2.879686e-01	-9.412319e-01	1.327924e+01	2.636523e+00	3.086681e+00	3.199856e-01	-8.021925e-01	-1.442727e-01	9.974171e+00
7.344459e+01	2.749509e-01	-9.340466e-01	1.326547e+01	2.654155e+00	3.098092e+00	3.331321e-01	-8.002140e-01	-1.473085e-01	9.977820e+00
6.514061e+01	2.820397e-01	-9.392140e-01	1.326434e+01	2.638615e+00	3.082648e+00	3.062522e-01	-7.941890e-01	-1.456977e-01	9.971598e+00
6.797397e+01	3.223458e-01	-9.434097e-01	1.322433e+01	2.647738e+00	3.098739e+00	2.934672e-01	-7.939447e-01	-1.438656e-01	9.974568e+00
8.218521e+01	2.983845e-01	-9.240818e-01	1.322893e+01	2.660491e+00	3.088674e+00	3.256833e-01	-7.839046e-01	-1.395117e-01	9.943148e+00
7.182438e+01	2.890194e-01	-9.449916e-01	1.325412e+01	2.614337e+00	3.047668e+00	2.852938e-01	-7.894892e-01	-1.396868e-01	9.979051e+00
7.028771e+01	2.720462e-01	-9.458798e-01	1.324856e+01	2.618939e+00	3.048487e+00	2.911691e-01	-7.937181e-01	-1.383350e-01	9.990166e+00
7.329852e+01	2.779952e-01	-9.277634e-01	1.320892e+01	2.653954e+00	3.078590e+00	3.152949e-01	-7.809162e-01	-1.321962e-01	9.963697e+00
8.155777e+01	2.610037e-01	-9.208958e-01	1.321964e+01	2.648674e+00	3.052078e+00	3.229583e-01	-7.811371e-01	-1.292633e-01	9.943867e+00
6.509887e+01	2.800134e-01	-9.349944e-01	1.321473e+01	2.627817e+00	3.033537e+00	2.998737e-01	-7.880414e-01	-1.297860e-01	9.977057e+00
6.580660e+01	2.396895e-01	-9.395923e-01	1.324405e+01	2.609659e+00	3.006957e+00	3.011835e-01	-7.936008e-01	-1.301198e-01	9.986416e+00
6.971260e+01	1.947222e-01	-9.282055e-01	1.327897e+01	2.596147e+00	2.976503e+00	3.212311e-01	-7.878631e-01	-1.272630e-01	9.963934e+00
6.635165e+01	2.331437e-01	-9.388165e-01	1.323864e+01	2.617893e+00	3.002184e+00	2.945250e-01	-7.908741e-01	-1.265517e-01	9.979696e+00
8.518898e+01	2.807031e-01	-9.267822e-01	1.316510e+01	2.678437e+00	3.060870e+00	3.337594e-01	-7.944085e-01	-1.255975e-01	9.987899e+00
8.570756e+01	2.435672e-01	-9.541678e-01	1.321805e+01	2.626176e+00	3.006066e+00	2.875378e-01	-8.052796e-01	-1.337989e-01	1.001050e+01
7.775066e+01	2.364708e-01	-9.511546e-01	1.321683e+01	2.631037e+00	3.006733e+00	2.997213e-01	-8.059300e-01	-1.400295e-01	1.001649e+01
1.388150e+02	2.794378e-01	-9.057452e-01	1.317283e+01	2.682609e+00	3.022169e+00	3.485885e-01	-7.733830e-01	-1.316167e-01	9.937960e+00
7.168530e+01	2.723748e-01	-9.249079e-01	1.318961e+01	2.654356e+00	2.989312e+00	3.013182e-01	-7.710846e-01	-1.288844e-01	9.945869e+00
8.457626e+01	2.164919e-01	-9.463275e-01	1.324827e+01	2.599992e+00	2.937225e+00	2.675781e-01	-7.796776e-01	-1.288563e-01	9.967189e+00
6.845303e+01	2.429742e-01	-9.299469e-01	1.320303e+01	2.649571e+00	2.972970e+00	3.092325e-01	-7.836044e-01	-1.262434e-01	9.959871e+00
7.438017e+01	2.360879e-01	-9.279652e-01	1.320470e+01	2.643196e+00	2.968790e+00	3.251872e-01	-7.888909e-01	-1.263141e-01	9.962505e+00
7.609657e+01	1.881939e-01	-9.487132e-01	1.324206e+01	2.609518e+00	2.934733e+00	2.855626e-01	-7.938850e-01	-1.285119e-01	9.982920e+00
6.789520e+01	2.411452e-01	-9.313692e-01	1.318094e+01	2.642954e+00	2.968722e+00	3.017950e-01	-7.809166e-01	-1.229173e-01	9.952055e+00
6.893857e+01	2.887333e-01	-9.324235e-01	1.314046e+01	2.651860e+00	2.982024e+00	2.996742e-01	-7.828252e-01	-1.221428e-01	9.953997e+00
6.588528e+01	2.497749e-01	-9.366376e-01	1.315363e+01	2.642540e+00	2.974880e+00	3.061754e-01	-8.007394e-01	-1.293069e-01	9.956248e+00
6.632285e+01	2.066570e-01	-9.383400e-01	1.318970e+01	2.617808e+00	2.932375e+00	3.160230e-01	-8.057223e-01	-1.337390e-01	9.957692e+00
6.804811e+01	2.124112e-01	-9.306129e-01	1.317622e+01	2.625480e+00	2.936361e+00	3.144988e-01	-7.940695e-01	-1.306474e-01	9.937312e+00
7.258633e+01	2.066938e-01	-9.266571e-01	1.316039e+01	2.642890e+00	2.944798e+00	3.145771e-01	-7.914651e-01	-1.292374e-01	9.926751e+00
9.325947e+01	1.987676e-01	-9.591090e-01	1.318396e+01	2.598769e+00	2.919062e+00	2.760687e-01	-7.969220e-01	-1.405119e-01	9.981427e+00
8.803371e+01	2.340934e-01	-9.271717e-01	1.315971e+01	2.628672e+00	2.917659e+00	3.403565e-01	-7.752911e-01	-1.403577e-01	9.936414e+00
6.830965e+01	2.400150e-01	-9.377368e-01	1.315926e+01	2.612992e+00	2.907967e+00	3.109547e-01	-7.732849e-01	-1.402392e-01	9.930375e+00
7.837615e+01	2.252003e-01	-9.321897e-01	1.314395e+01	2.648360e+00	2.926120e+00	3.348536e-01	-7.822376e-01	-1.409808e-01	9.968993e+00
9.279773e+01	2.082668e-01	-9.592864e-01	1.318672e+01	2.576160e+00	2.868059e+00	2.773449e-01	-7.880237e-01	-1.414172e-01	1.000300e+01
8.927423e+01	2.535927e-01	-9.293953e-01	1.311796e+01	2.630049e+00	2.907065e+00	3.485405e-01	-7.898142e-01	-1.417741e-01	9.996501e+00
8.391890e+01	2.363774e-01	-9.336490e-01	1.313310e+01	2.604601e+00	2.889914e+00	3.515563e-01	-8.009017e-01	-1.479026e-01	1.001037e+01
1.052059e+02	2.003534e-01	-9.619087e-01	1.322267e+01	2.488271e+00	2.795860e+00	2.941069e-01	-8.035964e-01	-1.515445e-01	1.002824e+01
1.367329e+02	2.482911e-01	-8.966256e-01	1.317946e+01	2.538745e+00	2.813235e+00	3.479817e-01	-7.505502e-01	-1.377628e-01	9.912990e+00
1.147297e+02	2.734207e-01	-9.002382e-01	1.317013e+01	2.522229e+00	2.807964e+00	3.340892e-01	-7.452019e-01	-1.305183e-01	9.896158e+00
1.525651e+02	2.055219e-01	-9.524296e-01	1.324729e+01	2.447017e+00	2.746647e+00	2.248625e-01	-7.585997e-01	-1.278056e-01	9.915021e+00
1.518421e+02	2.236488e-01	-9.623351e-01	1.320249e+01	2.485637e+00	2.797414e+00	2.283187e-01	-7.760373e-01	-1.228705e-01	9.929262e+00
2.700079e+02	2.946837e-01	-8.947318e-01	1.307422e+01	2.614925e+00	2.905076e+00	3.932416e-01	-7.775027e-01	-1.185377e-01	9.891681e+00
3.535360e+02	2.023259e-01	-1.006448e+00	1.319036e+01	2.447892e+00	2.784019e+00	1.896537e-01	-7.858753e-01	-1.204781e-01	9.979258e+00
2.146737e+02	2.354620e-01	-9.727048e-01	1.314034e+01	2.481502e+00	2.806940e+00	1.974256e-01	-7.395828e-01	-1.316765e-01	9.898172e+00
8.640280e+01	3.042128e-01	-9.416571e-01	1.302063e+01	2.583104e+00	2.918044e+00	2.640957e-01	-7.494663e-01	-1.334868e-01	9.864098e+00
1.742171e+02	2.983310e-01	-9.079505e-01	1.295715e+01	2.679487e+00	2.986134e+00	3.477575e-01	-7.649295e-01	-1.352432e-01	9.841120e+00
7.818611e+01	9.007624e-02	-9.344827e-01	1.310838e+01	2.592631e+00	2.877044e+00	3.333025e-01	-7.777073e-01	-1.367195e-01	9.868360e+00
9.418849e+01	1.968939e-02	-9.641581e-01	1.317586e+01	2.525922e+00	2.819607e+00	2.834476e-01	-7.877532e-01	-1.371932e-01	9.892100e+00
8.251175e+01	7.069982e-02	-9.307147e-01	1.313338e+01	2.557705e+00	2.852633e+00	3.372922e-01	-7.781767e-01	-1.351977e-01	9.859288e+00
7.415923e+01	9.853689e-02	-9.517675e-01	1.313023e+01	2.529700e+00	2.839229e+00	2.935996e-01	-7.804563e-01	-1.335120e-01	9.873817e+00
6.600659e+01	1.468177e-01	-9.450920e-01	1.308011e+01	2.556764e+00	2.867700e+00	3.146048e-01	-7.865235e-01	-1.317917e-01	9.886400e+00
6.660574e+01	2.073690e-01	-9.493279e-01	1.302298e+01	2.585470e+00	2.906525e+00	3.158384e-01	-8.031416e-01	-1.386390e-01	9.902594e+00
7.098940e+01	2.567244e-01	-9.545916e-01	1.297723e+01	2.601786e+00	2.933557e+00	3.053081e-01	-8.062510e-01	-1.442225e-01	9.921542e+00
8.530625e+01	2.219366e-01	-9.290225e-01	1.299792e+01	2.615825e+00	2.908102e+00	3.257370e-01	-7.823685e-01	-1.380882e-01	9.876268e+00
7.271727e+01	1.163740e-01	-9.300797e-01	1.308009e+01	2.577597e+00	2.830480e+00	3.140645e-01	-7.797791e-01	-1.343145e-01	9.854882e+00
7.629922e+01	8.713116e-02	-9.506680e-01	1.311622e+01	2.543141e+00	2.789266e+00	2.860728e-01	-7.878727e-01	-1.353135e-01	9.879760e+00
6.908419e+01	1.045700e-01	-9.482149e-01	1.310305e+01	2.548659e+00	2.794339e+00	2.981104e-01	-7.950275e-01	-1.363860e-01	9.885067e+00
8.879981e+01	1.739196e-01	-9.296414e-01	1.302278e+01	2.606658e+00	2.854091e+00	3.404542e-01	-7.985540e-01	-1.365019e-01	9.894646e+00
1.520066e+02	1.480863e-01	-9.785953e-01	1.306211e+01	2.525748e+00	2.810248e+00	2.755339e-01	-8.210659e-01	-1.511543e-01	9.931992e+00
1.076193e+02	2.272978e-01	-9.139868e-01	1.297702e+01	2.604672e+00	2.859339e+00	3.218770e-01	-7.580329e-01	-1.336397e-01	9.792057e+00
8.550653e+01	2.587528e-01	-9.250109e-01	1.294688e+01	2.612530e+00	2.877156e+00	2.780585e-01	-7.500644e-01	-1.243305e-01	9.752272e+00
9.459141e+01	1.351995e-01	-9.466472e-01	1.304102e+01	2.557445e+00	2.799594e+00	2.565667e-01	-7.601662e-01	-1.195213e-01	9.746854e+00
7.346218e+01	9.089921e-02	-9.376810e-01	1.304422e+01	2.582761e+00	2.809441e+00	3.002616e-01	-7.743655e-01	-1.163672e-01	9.745236e+00
9.356855e+01	1.127436e-01	-9.291598e-01	1.301144e+01	2.613478e+00	2.833449e+00	3.345338e-01	-7.861472e-01	-1.150145e-01	9.753588e+00
8.296295e+01	8.392855e-02	-9.559897e-01	1.305493e+01	2.570901e+00	2.776378e+00	2.762453e-01	-7.918654e-01	-1.153629e-01	9.767610e+00
8.415609e+01	1.242250e-01	-9.633720e-01	1.302449e+01	2.584647e+00	2.794980e+00	2.760281e-01	-7.983896e-01	-1.164892e-01	9.790549e+00
8.111158e+01	1.698329e-01	-9.381918e-01	1.298032e+01	2.630765e+00	2.820168e+00	3.281931e-01	-7.972537e-01	-1.183645e-01	9.787183e+00
8.022891e+01	1.850121e-01	-9.408840e-01	1.297640e+01	2.619816e+00	2.817791e+00	3.317261e-01	-7.973400e-01	-1.197085e-01	9.805143e+00
6.666450e+01	2.090492e-01	-9.488510e-01	1.299045e+01	2.577907e+00	2.779884e+00	3.168489e-01	-8.013634e-01	-1.232250e-01	9.840048e+00
7.302422e+01	1.565552e-01	-9.607538e-01	1.303184e+01	2.547960e+00	2.742815e+00	2.993672e-01	-8.017720e-01	-1.261883e-01	9.871772e+00
7.119788e+01	1.394041e-01	-9.387231e-01	1.302835e+01	2.563989e+00	2.739311e+00	3.209199e-01	-7.830868e-01	-1.209931e-01	9.845534e+00
8.444518e+01	1.697605e-01	-9.296140e-01	1.299836e+01	2.582572e+00	2.753072e+00	3.314812e-01	-7.803538e-01	-1.202793e-01	9.848416e+00
7.085573e+01	1.530485e-01	-9.528426e-01	1.303175e+01	2.524626e+00	2.710989e+00	2.955880e-01	-7.855876e-01	-1.203029e-01	9.882612e+00
6.819123e+01	1.690842e-01	-9.521209e-01	1.301308e+01	2.535620e+00	2.714978e+00	3.007657e-01	-7.950508e-01	-1.244258e-01	9.899970e+00
7.755272e+01	2.073695e-01	-9.340338e-01	1.297335e+01	2.563097e+00	2.740280e+00	3.296459e-01	-7.928013e-01	-1.230614e-01	9.887469e+00
7.706091e+01	1.860050e-01	-9.341367e-01	1.297120e+01	2.578061e+00	2.740389e+00	3.303176e-01	-7.938016e-01	-1.244213e-01	9.901885e+00
