# loss | a0 ... a8
7.864560e+02	1.576732e+00	-1.033509e+00	1.351987e+01	5.392188e-01	-7.810000e-01	3.938143e-01	-8.426429e-01	4.302455e-01	8.799420e+00
1.218381e+03	1.352292e+00	-8.872210e-01	1.374362e+01	3.505131e-01	-5.695542e-01	4.889364e-01	-8.260057e-01	3.977691e-01	8.644768e+00
2.795698e+02	1.132058e+00	-1.021263e+00	1.385497e+01	4.126431e-01	-3.586552e-01	2.982915e-01	-9.473006e-01	5.131167e-01	8.848281e+00
3.503002e+02	9.847532e-01	-1.044216e+00	1.395167e+01	6.298016e-01	-2.188678e-01	2.685969e-01	-9.838212e-01	5.691973e-01	8.967999e+00
3.039901e+02	9.015559e-01	-1.027151e+00	1.399297e+01	7.702378e-01	-1.383327e-01	2.822494e-01	-9.545440e-01	5.804672e-01	9.034351e+00
2.220298e+02	8.523472e-01	-9.914196e-01	1.400568e+01	8.765844e-01	-8.890365e-02	3.148174e-01	-9.527850e-01	5.478212e-01	9.079427e+00
1.882354e+02	8.250286e-01	-9.581341e-01	1.394678e+01	1.035288e+00	-5.772892e-02	3.393347e-01	-9.133678e-01	5.164685e-01	9.109544e+00
1.835147e+02	8.099157e-01	-9.424590e-01	1.384334e+01	1.210418e+00	-3.540555e-02	3.470048e-01	-8.830634e-01	4.820268e-01	9.160149e+00
1.764354e+02	8.014178e-01	-9.365605e-01	1.374909e+01	1.396463e+00	-1.851734e-02	3.397508e-01	-8.500031e-01	4.505140e-01	9.203662e+00
1.735278e+02	8.007844e-01	-9.413182e-01	1.360778e+01	1.597613e+00	-3.666561e-03	3.322653e-01	-8.233731e-01	4.204763e-01	9.283616e+00
1.680814e+02	7.285696e-01	-9.453693e-01	1.380465e+01	1.590762e+00	1.313737e-02	3.254059e-01	-8.184945e-01	3.881835e-01	9.339337e+00
1.680201e+02	6.805995e-01	-9.445148e-01	1.392841e+01	1.648035e+00	2.833441e-02	3.271304e-01	-8.138927e-01	3.585904e-01	9.416831e+00
1.642131e+02	6.625940e-01	-9.418691e-01	1.395815e+01	1.772868e+00	4.226599e-02	3.259139e-01	-8.067198e-01	3.303494e-01	9.470551e+00
1.573038e+02	6.558219e-01	-9.355133e-01	1.395389e+01	1.943679e+00	5.561228e-02	3.289491e-01	-8.061864e-01	3.026909e-01	9.544589e+00
1.493766e+02	6.618188e-01	-9.347239e-01	1.392431e+01	2.098242e+00	6.945603e-02	3.264331e-01	-7.988745e-01	2.786787e-01	9.618917e+00
1.430975e+02	6.624722e-01	-9.321284e-01	1.390347e+01	2.233943e+00	8.417996e-02	3.248284e-01	-8.023680e-01	2.554433e-01	9.664700e+00
1.347465e+02	6.743732e-01	-9.322918e-01	1.386030e+01	2.412071e+00	9.966717e-02	3.244985e-01	-7.944862e-01	2.344098e-01	9.767360e+00
1.273163e+02	6.541755e-01	-9.379994e-01	1.387768e+01	2.530517e+00	1.155206e-01	3.230933e-01	-7.963709e-01	2.133394e-01	9.911210e+00
1.172593e+02	6.547007e-01	-9.323390e-01	1.385809e+01	2.686062e+00	1.342804e-01	3.280159e-01	-8.285917e-01	1.853421e-01	9.974608e+00
1.088833e+02	6.608262e-01	-9.308653e-01	1.382857e+01	2.836239e+00	1.539418e-01	3.280806e-01	-8.874691e-01	1.592028e-01	1.008404e+01
1.101710e+02	6.089702e-01	-9.284921e-01	1.388478e+01	2.921259e+00	1.750598e-01	3.305632e-01	-9.050111e-01	1.325831e-01	1.013658e+01
1.058443e+02	5.897820e-01	-9.256869e-01	1.389437e+01	3.049409e+00	1.958860e-01	3.352387e-01	-8.065469e-01	1.383515e-01	1.011606e+01
1.054507e+02	5.479663e-01	-9.306507e-01	1.393261e+01	3.114979e+00	2.174407e-01	3.307175e-01	-7.858550e-01	1.283911e-01	1.012869e+01
1.049334e+02	5.202263e-01	-9.235056e-01	1.394688e+01	3.235845e+00	2.434645e-01	3.373734e-01	-7.887172e-01	1.149809e-01	1.011185e+01
9.821624e+01	5.061164e-01	-9.317363e-01	1.394967e+01	3.273258e+00	2.627370e-01	3.254622e-01	-8.116321e-01	9.797080e-02	1.017564e+01
9.948143e+01	5.173744e-01	-9.270337e-01	1.392171e+01	3.361957e+00	2.858762e-01	3.279113e-01	-8.812999e-01	6.372945e-02	1.014610e+01
3.609139e+02	5.013665e-01	-9.370395e-01	1.392218e+01	3.388190e+00	3.056974e-01	3.180587e-01	-9.316010e-01	1.159549e-02	1.020916e+01
9.615101e+01	4.932068e-01	-9.231755e-01	1.390734e+01	3.493795e+00	3.256652e-01	3.219866e-01	-7.674121e-01	5.282887e-03	1.013905e+01
1.024245e+02	4.924943e-01	-9.185333e-01	1.388825e+01	3.567701e+00	3.527982e-01	3.253804e-01	-7.456978e-01	5.711621e-03	1.009116e+01
1.009519e+02	5.102933e-01	-9.206236e-01	1.385137e+01	3.636734e+00	3.853612e-01	3.235793e-01	-7.615775e-01	1.444187e-02	1.006701e+01
9.291779e+01	4.474192e-01	-9.409996e-01	1.389744e+01	3.571824e+00	4.055599e-01	3.101181e-01	-7.912240e-01	7.013739e-03	1.018675e+01
9.592610e+01	4.219170e-01	-9.432566e-01	1.390113e+01	3.598682e+00	4.320385e-01	3.149392e-01	-8.159790e-01	-4.213501e-03	1.024223e+01
8.913185e+01	4.253007e-01	-9.264533e-01	1.387746e+01	3.676231e+00	4.586907e-01	3.324919e-01	-8.143097e-01	-4.390213e-03	1.015047e+01
8.934010e+01	3.867527e-01	-9.297212e-01	1.390478e+01	3.640164e+00	4.737297e-01	3.294999e-01	-8.092050e-01	-8.332386e-03	1.011842e+01
8.520431e+01	4.024452e-01	-9.334543e-01	1.387169e+01	3.673386e+00	4.985060e-01	3.223081e-01	-8.296669e-01	-1.801700e-02	1.013595e+01
8.371365e+01	4.241725e-01	-9.299026e-01	1.382612e+01	3.739327e+00	5.271386e-01	3.217767e-01	-8.180860e-01	-2.200550e-02	1.011782e+01
8.358646e+01	4.256770e-01	-9.380802e-01	1.381113e+01	3.727251e+00	5.467242e-01	3.155450e-01	-8.221581e-01	-2.897263e-02	1.015337e+01
8.200763e+01	4.023849e-01	-9.371544e-01	1.381438e+01	3.738232e+00	5.670992e-01	3.177976e-01	-8.036723e-01	-2.909128e-02	1.013292e+01
8.075300e+01	4.136517e-01	-9.372928e-01	1.378533e+01	3.756957e+00	5.908282e-01	3.196296e-01	-8.119394e-01	-3.495018e-02	1.014061e+01
8.663725e+01	4.038706e-01	-9.432621e-01	1.377469e+01	3.750153e+00	6.152825e-01	3.138364e-01	-8.235027e-01	-3.589696e-02	1.019440e+01
9.047184e+01	4.142497e-01	-9.285714e-01	1.374101e+01	3.813400e+00	6.400254e-01	3.289706e-01	-7.746118e-01	-3.138387e-02	1.014741e+01
9.083029e+01	3.913124e-01	-9.462332e-01	1.375771e+01	3.711449e+00	6.508343e-01	3.138152e-01	-8.224245e-01	-5.479398e-02	1.018901e+01
8.628297e+01	3.844069e-01	-9.388584e-01	1.374059e+01	3.729034e+00	6.740778e-01	3.252174e-01	-8.317895e-01	-6.743302e-02	1.015639e+01
9.431679e+01	3.776969e-01	-9.305634e-01	1.373175e+01	3.721928e+00	6.912271e-01	3.284175e-01	-7.533122e-01	-4.859141e-02	1.003920e+01
8.207060e+01	3.617156e-01	-9.493183e-01	1.373029e+01	3.678331e+00	7.104826e-01	3.103794e-01	-7.854464e-01	-5.659725e-02	1.012277e+01
8.379900e+01	3.550118e-01	-9.485405e-01	1.371233e+01	3.696545e+00	7.372416e-01	3.191928e-01	-8.149050e-01	-5.708704e-02	1.016863e+01
7.994642e+01	3.723323e-01	-9.393748e-01	1.367525e+01	3.744382e+00	7.613447e-01	3.256046e-01	-8.167582e-01	-5.953768e-02	1.013593e+01
9.498264e+01	3.766895e-01	-9.584075e-01	1.366564e+01	3.701544e+00	7.738983e-01	3.138515e-01	-7.949056e-01	-6.314015e-02	1.026641e+01
8.334715e+01	3.811331e-01	-9.449833e-01	1.363207e+01	3.766584e+00	7.993565e-01	3.306330e-01	-7.812796e-01	-5.509964e-02	1.035462e+01
1.128658e+02	4.339219e-01	-9.270974e-01	1.354830e+01	3.893768e+00	8.357352e-01	3.457598e-01	-8.297573e-01	-7.849821e-02	1.034197e+01
1.158881e+03	2.756625e-01	-9.652439e-01	1.370672e+01	3.642621e+00	8.218426e-01	3.039799e-01	-9.549251e-01	-9.567879e-02	1.037660e+01
4.145097e+02	3.178794e-01	-8.175160e-01	1.362195e+01	3.867324e+00	8.259362e-01	3.314400e-01	-6.161001e-01	-1.693970e-02	1.000269e+01
1.609450e+02	1.833539e-01	-8.987417e-01	1.377879e+01	3.639534e+00	7.764747e-01	2.081434e-01	-5.367983e-01	1.336603e-02	1.001705e+01
2.234625e+02	1.234741e-01	-9.344324e-01	1.383848e+01	3.531581e+00	7.737492e-01	1.962056e-01	-5.635996e-01	5.384879e-02	1.002559e+01
1.123205e+02	1.518446e-01	-8.980543e-01	1.379182e+01	3.583068e+00	8.059299e-01	2.908920e-01	-6.192651e-01	8.759363e-02	9.985110e+00
1.189338e+02	1.713188e-01	-8.999441e-01	1.376579e+01	3.584611e+00	8.264909e-01	3.181864e-01	-6.711801e-01	1.008268e-01	1.000255e+01
1.038491e+02	2.058798e-01	-9.145664e-01	1.372942e+01	3.569741e+00	8.495020e-01	3.147113e-01	-7.145554e-01	1.034042e-01	1.002057e+01
9.211867e+01	2.539617e-01	-9.311328e-01	1.367954e+01	3.563550e+00	8.755753e-01	3.056882e-01	-7.447228e-01	1.012261e-01	1.005235e+01
9.257997e+01	2.729829e-01	-9.480016e-01	1.365847e+01	3.529571e+00	8.924615e-01	2.946144e-01	-7.701163e-01	8.048809e-02	1.007766e+01
8.353744e+01	3.176200e-01	-9.379088e-01	1.359710e+01	3.550411e+00	9.192356e-01	3.192976e-01	-7.866295e-01	6.339577e-02	1.007154e+01
8.021176e+01	3.332172e-01	-9.395283e-01	1.355934e+01	3.558121e+00	9.438581e-01	3.221720e-01	-8.008998e-01	2.969592e-02	1.008781e+01
7.652451e+01	3.059140e-01	-9.479201e-01	1.356870e+01	3.529095e+00	9.598333e-01	3.141981e-01	-8.066258e-01	1.657959e-03	1.010010e+01
7.658653e+01	3.223797e-01	-9.413109e-01	1.353027e+01	3.538263e+00	9.834392e-01	3.258170e-01	-8.096527e-01	-1.984771e-02	1.009526e+01
7.811895e+01	3.140622e-01	-9.385701e-01	1.351472e+01	3.532739e+00	1.004836e+00	3.293882e-01	-8.095341e-01	-3.524765e-02	1.008874e+01
7.626566e+01	3.070397e-01	-9.498913e-01	1.351384e+01	3.490989e+00	1.017826e+00	3.140426e-01	-8.073790e-01	-5.021171e-02	1.009944e+01
8.924975e+01	2.820877e-01	-9.601504e-01	1.353287e+01	3.434257e+00	1.027981e+00	3.014132e-01	-8.029528e-01	-5.546646e-02	1.011030e+01
8.725922e+01	3.165025e-01	-9.319481e-01	1.346451e+01	3.490040e+00	1.055955e+00	3.364556e-01	-7.978454e-01	-5.674914e-02	1.006889e+01
7.483664e+01	2.830737e-01	-9.405411e-01	1.349400e+01	3.427132e+00	1.058194e+00	3.226739e-01	-8.017789e-01	-7.017631e-02	1.005492e+01
7.375662e+01	2.858023e-01	-9.448248e-01	1.347441e+01	3.410238e+00	1.077319e+00	3.185540e-01	-8.017620e-01	-7.887300e-02	1.005991e+01
7.553800e+01	2.802034e-01	-9.505528e-01	1.346293e+01	3.387595e+00	1.095363e+00	3.133692e-01	-8.021916e-01	-8.149034e-02	1.006671e+01
8.594676e+01	2.940042e-01	-9.500551e-01	1.342789e+01	3.392019e+00	1.118809e+00	3.221873e-01	-8.276138e-01	-1.381170e-01	1.005681e+01
7.528017e+01	2.991464e-01	-9.451753e-01	1.340584e+01	3.396917e+00	1.135824e+00	3.240938e-01	-8.165908e-01	-1.585819e-01	9.998651e+00
7.430633e+01	2.989292e-01	-9.428826e-01	1.338653e+01	3.389668e+00	1.155421e+00	3.204729e-01	-8.052598e-01	-1.637924e-01	9.961761e+00
7.356114e+01	2.704573e-01	-9.454867e-01	1.338100e+01	3.393675e+00	1.179207e+00	3.187686e-01	-8.089977e-01	-1.604830e-01	9.954706e+00
7.329696e+01	2.623849e-01	-9.527612e-01	1.338053e+01	3.354134e+00	1.193179e+00	3.102293e-01	-8.092514e-01	-1.559291e-01	9.953784e+00
7.239233e+01	2.757565e-01	-9.470529e-01	1.336589e+01	3.329663e+00	1.204346e+00	3.163691e-01	-8.044310e-01	-1.509648e-01	9.940429e+00
7.254215e+01	2.669783e-01	-9.462846e-01	1.334664e+01	3.333866e+00	1.227563e+00	3.203774e-01	-8.033165e-01	-1.421715e-01	9.945323e+00
7.188930e+01	2.528486e-01	-9.517403e-01	1.333880e+01	3.321659e+00	1.248736e+00	3.201007e-01	-8.041372e-01	-1.332334e-01	9.968648e+00
7.202938e+01	2.503197e-01	-9.528372e-01	1.332087e+01	3.309936e+00	1.266536e+00	3.163651e-01	-8.032337e-01	-1.288769e-01	1.002269e+01
8.499117e+01	2.361981e-01	-9.571614e-01	1.331582e+01	3.283249e+00	1.284557e+00	3.156654e-01	-8.157584e-01	-1.393040e-01	1.006005e+01
7.413978e+01	2.550523e-01	-9.419108e-01	1.326785e+01	3.311453e+00	1.305727e+00	3.281433e-01	-8.055342e-01	-1.445577e-01	1.005225e+01
7.956948e+01	2.601497e-01	-9.474639e-01	1.325500e+01	3.278523e+00	1.318501e+00	3.202996e-01	-8.166341e-01	-1.694149e-01	1.006575e+01
1.342229e+02	2.313314e-01	-9.544258e-01	1.326599e+01	3.236467e+00	1.333351e+00	3.098404e-01	-8.247506e-01	-2.287083e-01	1.013047e+01
1.431897e+02	2.294877e-01	-8.864443e-01	1.326564e+01	3.253840e+00	1.333605e+00	3.112609e-01	-6.558945e-01	-1.394949e-01	9.887541e+00
1.070349e+02	2.093238e-01	-8.997813e-01	1.327144e+01	3.218517e+00	1.344082e+00	2.684890e-01	-6.286215e-01	-8.084367e-02	9.789412e+00
1.048145e+02	2.043502e-01	-9.242005e-01	1.327513e+01	3.150854e+00	1.356149e+00	2.555884e-01	-6.523934e-01	-4.364585e-02	9.758650e+00
9.417087e+01	1.858157e-01	-9.324783e-01	1.325865e+01	3.158382e+00	1.379481e+00	2.756787e-01	-6.916956e-01	-9.635550e-03	9.758235e+00
8.799904e+01	1.675043e-01	-9.413184e-01	1.325043e+01	3.151253e+00	1.399675e+00	2.912255e-01	-7.252880e-01	1.021047e-02	9.764709e+00
9.596643e+01	1.931179e-01	-9.323987e-01	1.318649e+01	3.205358e+00	1.428635e+00	3.221958e-01	-7.512911e-01	1.770607e-02	9.777655e+00
7.763164e+01	2.151976e-01	-9.578420e-01	1.315574e+01	3.165846e+00	1.446513e+00	3.021763e-01	-7.741443e-01	7.903576e-03	9.815497e+00
7.864190e+01	1.911592e-01	-9.673616e-01	1.316611e+01	3.132165e+00	1.458852e+00	3.018414e-01	-7.867276e-01	-1.819298e-03	9.842161e+00
7.646915e+01	2.096379e-01	-9.540993e-01	1.310369e+01	3.200676e+00	1.486270e+00	3.246433e-01	-7.938818e-01	-1.156743e-02	9.861582e+00
7.746138e+01	1.810092e-01	-9.720444e-01	1.313719e+01	3.116191e+00	1.490618e+00	3.030114e-01	-8.080157e-01	-5.323575e-02	9.886413e+00
7.849362e+01	2.185316e-01	-9.514470e-01	1.307956e+01	3.149737e+00	1.510548e+00	3.361765e-01	-8.077379e-01	-7.512033e-02	9.875674e+00
7.082422e+01	1.663153e-01	-9.653826e-01	1.312643e+01	3.080956e+00	1.515993e+00	3.245441e-01	-8.092183e-01	-9.697437e-02	9.901558e+00
7.755659e+01	1.146148e-01	-9.671073e-01	1.318029e+01	3.007306e+00	1.518581e+00	3.174791e-01	-8.022061e-01	-1.072685e-01	9.939673e+00
7.335086e+01	1.488607e-01	-9.467325e-01	1.311635e+01	3.063901e+00	1.541480e+00	3.380532e-01	-7.983733e-01	-1.120985e-01	9.965410e+00
7.920269e+01	1.440510e-01	-9.630498e-01	1.314233e+01	2.982307e+00	1.540113e+00	3.119551e-01	-7.988021e-01	-1.198947e-01	1.001434e+01
6.924112e+01	1.821999e-01	-9.444757e-01	1.306313e+01	3.036614e+00	1.562445e+00	3.271963e-01	-7.938689e-01	-1.214673e-01	1.001520e+01
6.781441e+01	1.917348e-01	-9.425592e-01	1.303249e+01	3.023419e+00	1.577676e+00	3.182925e-01	-7.904637e-01	-1.269761e-01	1.002712e+01
6.761347e+01	1.776024e-01	-9.456070e-01	1.302817e+01	3.010111e+00	1.589021e+00	3.159571e-01	-7.932081e-01	-1.250749e-01	1.005653e+01
7.151453e+01	1.787477e-01	-9.515700e-01	1.303921e+01	2.947176e+00	1.590925e+00	3.055755e-01	-7.920362e-01	-1.227644e-01	1.006186e+01
6.970280e+01	1.655246e-01	-9.390849e-01	1.300617e+01	2.983663e+00	1.611230e+00	3.253878e-01	-7.987197e-01	-1.273813e-01	1.006859e+01
7.451056e+01	1.852764e-01	-9.346559e-01	1.295355e+01	3.008765e+00	1.631590e+00	3.272533e-01	-8.000031e-01	-1.305090e-01	1.006456e+01
1.344819e+02	1.068902e-01	-9.640562e-01	1.303912e+01	2.921670e+00	1.630740e+00	3.062885e-01	-8.280032e-01	-1.321936e-01	1.007328e+01
1.151576e+02	1.069543e-01	-9.085057e-01	1.303059e+01	2.962376e+00	1.638450e+00	3.335996e-01	-7.256592e-01	-3.819412e-02	9.928001e+00
8.638371e+01	7.418780e-02	-9.324588e-01	1.308665e+01	2.863521e+00	1.632304e+00	2.860020e-01	-7.107752e-01	-1.517200e-03	9.883557e+00
8.321890e+01	7.496929e-02	-9.334662e-01	1.308763e+01	2.834844e+00	1.637327e+00	2.985485e-01	-7.298973e-01	1.176233e-02	9.873680e+00
7.954520e+01	1.043270e-01	-9.336044e-01	1.303009e+01	2.853411e+00	1.655381e+00	3.073449e-01	-7.492077e-01	1.297524e-02	9.871011e+00
7.587089e+01	1.008603e-01	-9.483098e-01	1.300347e+01	2.845831e+00	1.673433e+00	3.030837e-01	-7.672986e-01	6.399998e-04	9.890553e+00
7.846702e+01	1.428995e-01	-9.372011e-01	1.292904e+01	2.890305e+00	1.693509e+00	3.235867e-01	-7.814957e-01	-6.953678e-03	9.899759e+00
7.123550e+01	1.475767e-01	-9.460541e-01	1.289597e+01	2.901295e+00	1.709744e+00	3.207399e-01	-7.962933e-01	-2.959807e-02	9.932117e+00
6.902951e+01	1.257309e-01	-9.588192e-01	1.291691e+01	2.843103e+00	1.714745e+00	3.088901e-01	-8.014591e-01	-4.691042e-02	9.951742e+00
6.953532e+01	1.111155e-01	-9.471607e-01	1.287560e+01	2.882990e+00	1.737532e+00	3.248752e-01	-8.010502e-01	-5.187661e-02	9.946488e+00
6.983840e+01	9.821279e-02	-9.588344e-01	1.290148e+01	2.806839e+00	1.736372e+00	3.087925e-01	-7.979601e-01	-6.321276e-02	9.963625e+00
6.644353e+01	1.028579e-01	-9.480956e-01	1.287787e+01	2.817223e+00	1.748814e+00	3.201807e-01	-7.920890e-01	-6.652587e-02	9.979203e+00
6.565105e+01	1.068783e-01	-9.486614e-01	1.287164e+01	2.786837e+00	1.755604e+00	3.186864e-01	-7.911617e-01	-7.332754e-02	1.000171e+01
6.585346e+01	7.898860e-02	-9.481171e-01	1.287769e+01	2.768374e+00	1.765946e+00	3.184814e-01	-7.912824e-01	-7.918879e-02	1.001418e+01
6.793044e+01	9.777566e-02	-9.394823e-01	1.284158e+01	2.775616e+00	1.778271e+00	3.267971e-01	-7.918916e-01	-8.352494e-02	1.001608e+01
6.611715e+01	9.689739e-02	-9.436098e-01	1.281764e+01	2.767657e+00	1.792839e+00	3.233893e-01	-7.949455e-01	-9.582946e-02	1.003546e+01
6.582418e+01	8.646214e-02	-9.453637e-01	1.282633e+01	2.731583e+00	1.797315e+00	3.172061e-01	-7.942948e-01	-9.903883e-02	1.003215e+01
7.186111e+01	6.540379e-02	-9.351590e-01	1.281331e+01	2.745326e+00	1.811308e+00	3.307221e-01	-8.173158e-01	-1.008694e-01	1.001780e+01
6.958056e+01	5.959314e-02	-9.433648e-01	1.282946e+01	2.685730e+00	1.812149e+00	3.139310e-01	-8.145694e-01	-1.011762e-01	1.001935e+01
6.954346e+01	6.913087e-02	-9.448456e-01	1.281121e+01	2.668649e+00	1.821813e+00	3.075612e-01	-8.095471e-01	-1.050382e-01	1.001909e+01
7.503580e+01	8.271253e-02	-9.261459e-01	1.277659e+01	2.692821e+00	1.834564e+00	3.294529e-01	-7.969784e-01	-1.008244e-01	1.000131e+01
6.541901e+01	1.071342e-01	-9.399691e-01	1.276416e+01	2.644241e+00	1.840083e+00	3.123538e-01	-7.970407e-01	-1.042603e-01	1.002552e+01
7.842526e+01	5.931985e-02	-9.414188e-01	1.279195e+01	2.626009e+00	1.847981e+00	3.144225e-01	-8.208899e-01	-1.100568e-01	1.007017e+01
7.783108e+01	7.949865e-02	-9.316933e-01	1.274600e+01	2.674789e+00	1.862447e+00	3.387226e-01	-8.298831e-01	-4.278530e-02	1.010615e+01
6.842814e+01	2.310846e-02	-9.380327e-01	1.279902e+01	2.636539e+00	1.864856e+00	3.297040e-01	-8.154721e-01	-7.255144e-03	1.011722e+01
7.140640e+01	-7.864834e-03	-9.458672e-01	1.284512e+01	2.574321e+00	1.864109e+00	3.173678e-01	-7.986717e-01	1.385824e-02	1.014082e+01
7.129210e+01	1.272167e-02	-9.299760e-01	1.280384e+01	2.605768e+00	1.878273e+00	3.301447e-01	-7.932086e-01	2.340443e-02	1.013204e+01
9.514167e+01	4.696115e-02	-9.155387e-01	1.272783e+01	2.673322e+00	1.902188e+00	3.435527e-01	-7.904935e-01	2.198242e-02	1.011040e+01
1.381772e+02	7.646733e-03	-9.661633e-01	1.284863e+01	2.487546e+00	1.883583e+00	2.796240e-01	-8.030708e-01	-4.815849e-03	1.017587e+01
1.350565e+02	4.803483e-02	-9.526619e-01	1.279187e+01	2.506356e+00	1.894795e+00	3.207146e-01	-8.226047e-01	-1.255284e-01	1.016896e+01
2.260123e+02	7.510389e-02	-8.727803e-01	1.272390e+01	2.587364e+00	1.908515e+00	3.623453e-01	-6.920659e-01	-4.530306e-02	9.966562e+00
2.564519e+02	-4.998274e-04	-9.807400e-01	1.294139e+01	2.277356e+00	1.865608e+00	2.109744e-01	-6.648254e-01	-1.523431e-02	1.000106e+01
2.400314e+02	9.570930e-05	-9.861780e-01	1.296388e+01	2.224086e+00	1.863670e+00	2.260788e-01	-6.968169e-01	2.969113e-03	9.991694e+00
9.870977e+01	5.242027e-02	-9.508324e-01	1.287137e+01	2.316232e+00	1.882371e+00	2.881464e-01	-7.401284e-01	3.987646e-03	9.979547e+00
1.325418e+02	1.004240e-01	-9.032765e-01	1.276001e+01	2.444345e+00	1.909237e+00	3.604294e-01	-7.749670e-01	-1.317700e-02	9.957229e+00
8.843592e+01	4.874849e-02	-9.575705e-01	1.282708e+01	2.340533e+00	1.905539e+00	2.988209e-01	-7.881399e-01	-2.916307e-02	1.001673e+01
6.908528e+01	6.258252e-02	-9.414892e-01	1.277388e+01	2.385212e+00	1.922356e+00	3.271921e-01	-7.893100e-01	-3.446440e-02	1.002460e+01
8.123757e+01	1.189735e-01	-9.265510e-01	1.266268e+01	2.480140e+00	1.947876e+00	3.419858e-01	-7.921428e-01	-4.917278e-02	1.003444e+01
7.050773e+01	1.946165e-02	-9.478851e-01	1.274985e+01	2.405058e+00	1.948428e+00	3.174948e-01	-7.951640e-01	-6.138747e-02	1.005069e+01
7.000986e+01	-5.382000e-03	-9.333642e-01	1.275855e+01	2.389749e+00	1.955978e+00	3.346210e-01	-7.934468e-01	-6.080331e-02	1.002402e+01
6.738366e+01	-8.537945e-03	-9.327389e-01	1.272519e+01	2.415512e+00	1.971889e+00	3.280256e-01	-7.912407e-01	-6.568203e-02	1.003204e+01
7.504543e+01	-3.445992e-02	-9.478509e-01	1.273832e+01	2.382539e+00	1.977986e+00	3.078154e-01	-7.908728e-01	-7.377987e-02	1.005657e+01
7.098791e+01	1.362216e-02	-9.277827e-01	1.264429e+01	2.457066e+00	2.003448e+00	3.217966e-01	-8.216288e-01	-1.396588e-01	1.004313e+01
7.196670e+01	2.383249e-02	-9.225691e-01	1.262564e+01	2.458130e+00	2.011707e+00	3.206155e-01	-8.235733e-01	-1.731848e-01	1.003022e+01
6.614482e+01	2.642009e-02	-9.212318e-01	1.259619e+01	2.472483e+00	2.025657e+00	3.119697e-01	-7.967086e-01	-1.715719e-01	1.000531e+01
6.446972e+01	7.859265e-03	-9.362821e-01	1.258410e+01	2.469630e+00	2.038887e+00	2.996106e-01	-7.903103e-01	-1.717631e-01	1.002433e+01
7.256779e+01	-7.457425e-03	-9.432494e-01	1.258135e+01	2.460609e+00	2.048612e+00	3.035055e-01	-8.066708e-01	-1.851189e-01	1.002549e+01
1.719274e+02	-4.929081e-02	-9.446554e-01	1.261059e+01	2.420619e+00	2.053359e+00	3.003908e-01	-8.484864e-01	-2.542505e-01	1.007820e+01
1.927558e+02	-6.553723e-04	-8.671297e-01	1.253107e+01	2.500018e+00	2.072315e+00	3.348708e-01	-7.386754e-01	-3.127405e-01	9.933465e+00
1.648432e+02	-8.506792e-02	-9.436511e-01	1.272771e+01	2.266156e+00	2.037268e+00	2.331305e-01	-7.160757e-01	-3.436004e-01	9.973255e+00
1.399602e+02	-9.315934e-02	-9.517761e-01	1.273491e+01	2.242202e+00	2.041278e+00	2.519454e-01	-7.380464e-01	-2.891311e-01	9.980651e+00
9.127208e+01	-3.465129e-02	-9.088532e-01	1.264133e+01	2.320504e+00	2.064634e+00	3.388288e-01	-7.695690e-01	-2.164609e-01	9.959586e+00
6.620403e+01	-4.565406e-02	-9.336425e-01	1.264641e+01	2.285412e+00	2.072278e+00	3.226435e-01	-7.899194e-01	-1.783781e-01	9.999576e+00
7.328773e+01	-4.593262e-02	-9.466785e-01	1.261424e+01	2.287026e+00	2.087461e+00	3.139923e-01	-7.992667e-01	-1.563164e-01	1.002721e+01
8.196124e+01	-5.456092e-03	-9.193995e-01	1.253341e+01	2.345220e+00	2.105792e+00	3.393357e-01	-7.771786e-01	-1.202834e-01	9.997582e+00
6.353547e+01	-2.029233e-02	-9.335659e-01	1.254166e+01	2.323598e+00	2.109955e+00	3.183149e-01	-7.833109e-01	-1.124146e-01	1.001375e+01
6.311294e+01	-1.805651e-02	-9.363575e-01	1.251557e+01	2.327481e+00	2.120930e+00	3.185171e-01	-7.883389e-01	-1.088948e-01	1.002147e+01
6.425978e+01	1.284574e-02	-9.392080e-01	1.247740e+01	2.323477e+00	2.130423e+00	3.146361e-01	-7.920883e-01	-1.050174e-01	1.002517e+01
6.520558e+01	-2.714397e-02	-9.325016e-01	1.247269e+01	2.343863e+00	2.142830e+00	3.258651e-01	-7.938362e-01	-1.069396e-01	1.002273e+01
6.547244e+01	-1.053798e-01	-9.406297e-01	1.253328e+01	2.303465e+00	2.144581e+00	3.171023e-01	-7.942946e-01	-1.138040e-01	1.004085e+01
6.592630e+01	-9.334783e-02	-9.281147e-01	1.250221e+01	2.327404e+00	2.157580e+00	3.292914e-01	-7.898508e-01	-1.112239e-01	1.004223e+01
6.325039e+01	-1.046771e-01	-9.322738e-01	1.250439e+01	2.324353e+00	2.163746e+00	3.193283e-01	-7.897037e-01	-1.114572e-01	1.005540e+01
6.520278e+01	-6.972886e-02	-9.336641e-01	1.246607e+01	2.325863e+00	2.174077e+00	3.150617e-01	-7.993215e-01	-1.137461e-01	1.009466e+01
7.002122e+01	-6.045509e-02	-9.352696e-01	1.242307e+01	2.339052e+00	2.189715e+00	3.103589e-01	-8.043408e-01	-1.204701e-01	1.010488e+01
6.877530e+01	-4.214948e-02	-9.231007e-01	1.241271e+01	2.333492e+00	2.193279e+00	3.252482e-01	-7.978446e-01	-1.246672e-01	1.009808e+01
8.086274e+01	-5.057196e-02	-9.342973e-01	1.244007e+01	2.279946e+00	2.193002e+00	3.100758e-01	-8.033372e-01	-1.872032e-01	1.014721e+01
7.413750e+01	-6.208960e-02	-9.083882e-01	1.245427e+01	2.269797e+00	2.193210e+00	3.177247e-01	-7.503936e-01	-1.481080e-01	1.007018e+01
7.465449e+01	-1.302233e-01	-9.262226e-01	1.255688e+01	2.172877e+00	2.181423e+00	2.930994e-01	-7.435928e-01	-1.218039e-01	1.005324e+01
6.762371e+01	-1.061566e-01	-9.171310e-01	1.250567e+01	2.216038e+00	2.198134e+00	3.147910e-01	-7.670085e-01	-1.156541e-01	1.004579e+01
8.927298e+01	-4.886142e-02	-9.053998e-01	1.241325e+01	2.290443e+00	2.220663e+00	3.323740e-01	-7.832923e-01	-1.158065e-01	1.003155e+01
9.664527e+01	-1.086806e-01	-9.490811e-01	1.251318e+01	2.167427e+00	2.206243e+00	2.939712e-01	-8.020166e-01	-1.293093e-01	1.009115e+01
7.403106e+01	-1.059641e-01	-9.155655e-01	1.248363e+01	2.197614e+00	2.216398e+00	3.217934e-01	-7.508713e-01	-6.878389e-02	1.001447e+01
7.390676e+01	-8.969955e-02	-9.164708e-01	1.247105e+01	2.191444e+00	2.221852e+00	3.204063e-01	-7.513609e-01	-4.947847e-02	1.000551e+01
7.469624e+01	-1.124107e-01	-9.400347e-01	1.250109e+01	2.141765e+00	2.221196e+00	2.957509e-01	-7.695301e-01	-5.795056e-02	1.003777e+01
6.532464e+01	-6.885270e-02	-9.293838e-01	1.242281e+01	2.188092e+00	2.237712e+00	3.165946e-01	-7.824810e-01	-6.191996e-02	1.003390e+01
7.006431e+01	-3.723160e-02	-9.236179e-01	1.236413e+01	2.223314e+00	2.250774e+00	3.267492e-01	-7.951588e-01	-7.527490e-02	1.003274e+01
6.492081e+01	-5.806985e-02	-9.376399e-01	1.236719e+01	2.207245e+00	2.257167e+00	3.145570e-01	-7.998543e-01	-8.665964e-02	1.005046e+01
6.413116e+01	-5.669268e-02	-9.316053e-01	1.237562e+01	2.179329e+00	2.259004e+00	3.244344e-01	-7.914495e-01	-9.259054e-02	1.003620e+01
6.288850e+01	-8.850763e-02	-9.344291e-01	1.237395e+01	2.188489e+00	2.266776e+00	3.191490e-01	-7.917168e-01	-9.486584e-02	1.004064e+01
6.809465e+01	-1.117004e-01	-9.239060e-01	1.235834e+01	2.217854e+00	2.276258e+00	3.262659e-01	-7.919714e-01	-9.047511e-02	1.001640e+01
7.115502e+01	-1.239462e-01	-9.457719e-01	1.237992e+01	2.178265e+00	2.276072e+00	3.003440e-01	-7.912690e-01	-9.677730e-02	1.004893e+01
7.591487e+01	-1.012243e-01	-9.473972e-01	1.234349e+01	2.177411e+00	2.285662e+00	3.052496e-01	-7.986505e-01	-1.216295e-01	1.006927e+01
8.458700e+01	-7.943479e-02	-9.196769e-01	1.227617e+01	2.245814e+00	2.301290e+00	3.423907e-01	-8.031957e-01	-1.346191e-01	1.005296e+01
7.127605e+01	-8.422640e-02	-9.414525e-01	1.232740e+01	2.169994e+00	2.292427e+00	3.085795e-01	-8.014130e-01	-1.493473e-01	1.005560e+01
6.427635e+01	-1.066321e-01	-9.299592e-01	1.233052e+01	2.171627e+00	2.296743e+00	3.108719e-01	-7.709015e-01	-1.198894e-01	1.001469e+01
6.619419e+01	-1.356851e-01	-9.349642e-01	1.235076e+01	2.145047e+00	2.298292e+00	3.038698e-01	-7.674490e-01	-1.067006e-01	9.999584e+00
7.798637e+01	-1.233410e-01	-9.178309e-01	1.231884e+01	2.177282e+00	2.308235e+00	3.332403e-01	-7.799056e-01	-1.028236e-01	9.991513e+00
7.105841e+01	-1.279956e-01	-9.439237e-01	1.238846e+01	2.066575e+00	2.293077e+00	3.065803e-01	-7.965257e-01	-1.201170e-01	1.001774e+01
6.780969e+01	-1.133618e-01	-9.255805e-01	1.232513e+01	2.114939e+00	2.306399e+00	3.334484e-01	-7.973102e-01	-1.245944e-01	1.001324e+01
6.563501e+01	-1.211541e-01	-9.291416e-01	1.228892e+01	2.144074e+00	2.318111e+00	3.276001e-01	-7.987140e-01	-1.232798e-01	1.002747e+01
6.674446e+01	-1.237174e-01	-9.410747e-01	1.230339e+01	2.111355e+00	2.316845e+00	3.107202e-01	-7.971248e-01	-1.302080e-01	1.003942e+01
6.590107e+01	-1.155260e-01	-9.289044e-01	1.226102e+01	2.162574e+00	2.329473e+00	3.253311e-01	-7.945069e-01	-1.323363e-01	1.003438e+01
6.358758e+01	-1.379386e-01	-9.360072e-01	1.233513e+01	2.088850e+00	2.317677e+00	3.167975e-01	-7.916114e-01	-1.364850e-01	1.003201e+01
9.955974e+01	-1.350159e-01	-9.518981e-01	1.237039e+01	2.038670e+00	2.311524e+00	3.091391e-01	-8.039952e-01	-1.880353e-01	1.008328e+01
7.021255e+01	-1.064188e-01	-9.259746e-01	1.231263e+01	2.096250e+00	2.326483e+00	3.378837e-01	-7.996634e-01	-2.080792e-01	1.006982e+01
6.674163e+01	-8.680496e-02	-9.345067e-01	1.232067e+01	2.057269e+00	2.324118e+00	3.094414e-01	-7.894866e-01	-2.226642e-01	1.005387e+01
6.375955e+01	-9.555855e-02	-9.258679e-01	1.228903e+01	2.099902e+00	2.336746e+00	3.197320e-01	-7.828320e-01	-2.061162e-01	1.009326e+01
8.479207e+01	-1.368467e-01	-9.415057e-01	1.232338e+01	2.068788e+00	2.336468e+00	3.061108e-01	-7.923936e-01	-2.062829e-01	1.013791e+01
7.840627e+01	-1.138575e-01	-9.140704e-01	1.224368e+01	2.159258e+00	2.357581e+00	3.382978e-01	-7.926905e-01	-1.934999e-01	1.011769e+01
9.239037e+01	-1.858922e-01	-9.361010e-01	1.231116e+01	2.117688e+00	2.351999e+00	3.118632e-01	-8.055889e-01	-2.144994e-01	1.014875e+01
1.138297e+02	-1.691110e-01	-8.850431e-01	1.230516e+01	2.118832e+00	2.351800e+00	3.244789e-01	-6.924973e-01	-9.550457e-02	9.967978e+00
8.657343e+01	-1.515462e-01	-8.980863e-01	1.230655e+01	2.106079e+00	2.349527e+00	2.970962e-01	-6.796749e-01	-3.661607e-02	9.910339e+00
9.182346e+01	-1.759144e-01	-9.308593e-01	1.236519e+01	2.019912e+00	2.340905e+00	2.723727e-01	-6.989500e-01	-8.342552e-03	9.907255e+00
9.090081e+01	-1.633477e-01	-9.109673e-01	1.231088e+01	2.085486e+00	2.357203e+00	3.298254e-01	-7.271761e-01	9.517062e-03	9.912199e+00
8.362490e+01	-1.557887e-01	-9.187019e-01	1.233196e+01	2.042471e+00	2.353352e+00	3.342906e-01	-7.575673e-01	-1.851616e-03	9.915661e+00
7.078352e+01	-1.590569e-01	-9.454306e-01	1.235562e+01	1.998124e+00	2.350690e+00	3.171653e-01	-7.831659e-01	-1.566859e-02	9.955979e+00
6.586075e+01	-1.226300e-01	-9.396402e-01	1.231170e+01	2.021941e+00	2.359956e+00	3.330869e-01	-8.015902e-01	-4.816985e-02	9.975021e+00
6.613870e+01	-9.613389e-02	-9.420236e-01	1.232250e+01	1.987055e+00	2.357384e+00	3.250139e-01	-8.038830e-01	-6.920709e-02	9.976078e+00
7.389130e+01	-8.121734e-02	-9.278062e-01	1.225599e+01	2.058090e+00	2.375501e+00	3.408959e-01	-8.048358e-01	-8.393959e-02	9.987473e+00
7.123122e+01	-7.083951e-02	-9.315470e-01	1.219894e+01	2.116136e+00	2.391743e+00	3.289860e-01	-8.062499e-01	-9.666556e-02	1.000522e+01
1.015498e+02	-1.480005e-01	-9.604862e-01	1.230799e+01	2.031907e+00	2.379297e+00	2.979190e-01	-7.995411e-01	-1.073694e-01	1.006941e+01
6.776938e+01	-1.240019e-01	-9.442070e-01	1.226599e+01	2.091009e+00	2.389156e+00	3.112406e-01	-7.895805e-01	-1.027152e-01	1.007755e+01
7.849137e+01	-1.445474e-01	-9.185929e-01	1.226363e+01	2.116725e+00	2.396309e+00	3.447940e-01	-7.928972e-01	-1.238974e-01	1.006312e+01
6.749131e+01	-1.321438e-01	-9.266868e-01	1.224666e+01	2.136968e+00	2.401690e+00	3.289782e-01	-7.957310e-01	-1.385834e-01	1.009721e+01
1.571749e+02	-1.875570e-01	-9.584003e-01	1.235397e+01	2.034069e+00	2.386234e+00	2.919455e-01	-8.115182e-01	-1.787055e-01	1.011594e+01
6.169578e+02	-1.674588e-01	-7.877724e-01	1.235965e+01	2.054591e+00	2.382027e+00	3.477660e-01	-4.916716e-01	4.851675e-02	9.662286e+00
4.825052e+02	-2.989641e-01	-9.725231e-01	1.270952e+01	1.578717e+00	2.300476e+00	1.176923e-01	-4.329994e-01	1.454506e-01	9.581100e+00
4.683262e+02	-3.096237e-01	-9.968505e-01	1.280984e+01	1.413313e+00	2.270778e+00	1.471032e-01	-4.794625e-01	1.957930e-01	9.530688e+00
1.484592e+02	-2.830057e-01	-9.323784e-01	1.281782e+01	1.376580e+00	2.262589e+00	3.068638e-01	-5.606753e-01	2.357125e-01	9.500154e+00
2.617631e+02	-2.182742e-01	-8.890447e-01	1.275094e+01	1.413691e+00	2.266849e+00	3.886248e-01	-6.307279e-01	2.481816e-01	9.495879e+00
1.670941e+02	-1.622572e-01	-9.743905e-01	1.267044e+01	1.468503e+00	2.276064e+00	2.897305e-01	-6.899312e-01	2.355760e-01	9.556104e+00
