# loss | a0 ... a8
1.858967e+02	3.720714e-01	-8.522768e-01	1.508700e+01	2.351540e+00	-9.800000e-01	3.156357e-01	-6.877071e-01	3.636161e-01	1.045183e+01
1.175783e+03	5.753788e-01	-1.001705e+00	1.484429e+01	2.562330e+00	-7.679356e-01	1.800515e-01	-8.629592e-01	1.891124e-01	1.061271e+01
2.097796e+02	3.796396e-01	-9.141914e-01	1.504893e+01	2.783366e+00	-5.542182e-01	2.836886e-01	-7.181855e-01	3.164806e-01	1.048804e+01
2.977700e+02	3.009289e-01	-8.227845e-01	1.510239e+01	2.948698e+00	-4.188838e-01	3.863121e-01	-7.794416e-01	3.537155e-01	1.032137e+01
1.577761e+02	2.641234e-01	-8.766509e-01	1.511393e+01	2.997513e+00	-3.424510e-01	3.437051e-01	-7.744722e-01	3.569847e-01	1.032618e+01
1.541569e+02	2.772485e-01	-9.076772e-01	1.506318e+01	3.046670e+00	-2.896179e-01	3.207157e-01	-7.697601e-01	3.473643e-01	1.029789e+01
1.547183e+02	3.305763e-01	-9.141322e-01	1.496292e+01	3.125221e+00	-2.472676e-01	3.125968e-01	-7.574065e-01	3.319887e-01	1.028361e+01
1.394847e+02	4.215773e-01	-9.034266e-01	1.481020e+01	3.233361e+00	-2.077213e-01	3.209653e-01	-7.614834e-01	3.131845e-01	1.027340e+01
1.397472e+02	5.103873e-01	-8.824916e-01	1.465566e+01	3.337545e+00	-1.700084e-01	3.351897e-01	-7.831972e-01	2.948989e-01	1.020262e+01
1.372030e+02	5.935112e-01	-9.228291e-01	1.450571e+01	3.399000e+00	-1.353202e-01	2.857854e-01	-7.956478e-01	2.754548e-01	1.021908e+01
1.102935e+02	6.909945e-01	-9.089762e-01	1.432423e+01	3.506451e+00	-9.510497e-02	3.121627e-01	-8.275910e-01	2.343157e-01	1.017290e+01
1.096482e+02	6.749601e-01	-9.075641e-01	1.431598e+01	3.556353e+00	-4.824052e-02	3.255157e-01	-8.383273e-01	1.878766e-01	1.014311e+01
1.535577e+02	6.858385e-01	-9.462451e-01	1.428546e+01	3.547715e+00	-8.921581e-03	2.949198e-01	-9.049289e-01	1.280989e-01	1.017580e+01
1.613345e+02	7.813050e-01	-8.942209e-01	1.410549e+01	3.686422e+00	4.265853e-02	3.371889e-01	-7.247461e-01	2.299004e-01	1.004815e+01
1.798969e+02	5.883067e-01	-9.647466e-01	1.431683e+01	3.548845e+00	8.945853e-02	2.651396e-01	-6.730482e-01	2.644060e-01	1.005950e+01
1.841624e+02	4.992386e-01	-9.725255e-01	1.440214e+01	3.532663e+00	1.459160e-01	2.750650e-01	-6.775343e-01	2.762438e-01	1.005705e+01
1.587798e+02	5.098893e-01	-9.039988e-01	1.436688e+01	3.635248e+00	2.209305e-01	3.624670e-01	-7.012125e-01	2.741687e-01	9.982591e+00
1.154584e+02	5.271819e-01	-9.231610e-01	1.433387e+01	3.655800e+00	2.711225e-01	3.277708e-01	-7.274784e-01	2.649646e-01	9.974934e+00
1.336233e+02	5.345365e-01	-9.586282e-01	1.431353e+01	3.636071e+00	3.103327e-01	2.905455e-01	-7.471192e-01	2.486435e-01	1.000678e+01
1.246125e+02	5.784187e-01	-9.609465e-01	1.424966e+01	3.692223e+00	3.694016e-01	2.913804e-01	-7.610513e-01	2.312032e-01	1.000838e+01
1.242195e+02	6.409261e-01	-9.218950e-01	1.415363e+01	3.799895e+00	4.362273e-01	3.446065e-01	-7.858388e-01	1.978099e-01	9.991956e+00
1.318040e+02	6.252500e-01	-9.801324e-01	1.416473e+01	3.713295e+00	4.626938e-01	2.846077e-01	-8.111987e-01	1.515273e-01	1.007484e+01
1.054400e+02	6.436140e-01	-9.731966e-01	1.411091e+01	3.749855e+00	5.227363e-01	3.002445e-01	-8.356452e-01	1.013734e-01	1.009836e+01
1.146885e+02	7.048187e-01	-9.305795e-01	1.399858e+01	3.853224e+00	5.974296e-01	3.443769e-01	-8.152812e-01	7.088752e-02	1.005802e+01
1.262246e+02	5.806440e-01	-9.737076e-01	1.409510e+01	3.746201e+00	6.343175e-01	3.041590e-01	-8.439791e-01	1.542523e-02	1.011906e+01
1.307411e+02	5.492339e-01	-9.193466e-01	1.407065e+01	3.818420e+00	6.998378e-01	3.488004e-01	-7.048709e-01	8.766207e-02	1.001077e+01
1.006648e+02	5.032325e-01	-9.473869e-01	1.409612e+01	3.750780e+00	7.289573e-01	3.141026e-01	-6.742091e-01	1.167957e-01	1.000646e+01
1.081250e+02	4.821173e-01	-9.610197e-01	1.409315e+01	3.717844e+00	7.708124e-01	3.009027e-01	-6.871228e-01	1.281567e-01	1.000370e+01
9.394003e+01	5.076720e-01	-9.514360e-01	1.403554e+01	3.731861e+00	8.254299e-01	3.167624e-01	-7.273680e-01	1.160826e-01	9.996367e+00
8.470830e+01	5.496108e-01	-9.542022e-01	1.396239e+01	3.736642e+00	8.836498e-01	3.200210e-01	-7.823698e-01	8.003864e-02	1.002549e+01
8.110709e+01	5.396866e-01	-9.579535e-01	1.394302e+01	3.718445e+00	9.269320e-01	3.146823e-01	-8.024830e-01	4.910504e-02	1.002645e+01
7.934296e+01	5.243960e-01	-9.530912e-01	1.391264e+01	3.729610e+00	9.887352e-01	3.254298e-01	-8.145379e-01	2.213120e-02	1.002805e+01
9.179127e+01	5.169900e-01	-9.706000e-01	1.390526e+01	3.674253e+00	1.014067e+00	3.004995e-01	-8.237906e-01	-1.372375e-02	1.004474e+01
7.781161e+01	5.581461e-01	-9.501326e-01	1.382611e+01	3.703567e+00	1.062972e+00	3.226834e-01	-8.267614e-01	-4.109931e-02	1.003205e+01
7.883519e+01	5.236058e-01	-9.469738e-01	1.382859e+01	3.678874e+00	1.102777e+00	3.250565e-01	-8.015273e-01	-6.069012e-02	1.001217e+01
8.852162e+01	4.397844e-01	-9.699080e-01	1.389009e+01	3.592923e+00	1.128536e+00	3.052850e-01	-8.083078e-01	-8.019137e-02	1.001533e+01
7.944115e+01	4.652418e-01	-9.639714e-01	1.383292e+01	3.603788e+00	1.179837e+00	3.029824e-01	-7.954178e-01	-9.696449e-02	1.000957e+01
1.021166e+02	4.751137e-01	-9.389003e-01	1.378092e+01	3.628964e+00	1.238662e+00	3.253396e-01	-8.675760e-01	-1.288246e-01	9.975853e+00
9.314343e+01	4.734946e-01	-9.514293e-01	1.378079e+01	3.549526e+00	1.256260e+00	3.055205e-01	-8.477745e-01	-1.527058e-01	9.971274e+00
1.602533e+02	5.259380e-01	-9.027119e-01	1.370265e+01	3.598891e+00	1.295054e+00	3.231311e-01	-6.969977e-01	-1.265952e-01	9.814260e+00
1.463149e+02	3.786824e-01	-9.688908e-01	1.388654e+01	3.347131e+00	1.240299e+00	2.593956e-01	-6.666602e-01	-1.132647e-01	9.806123e+00
1.024100e+02	3.416576e-01	-9.441768e-01	1.389768e+01	3.304665e+00	1.260999e+00	3.084757e-01	-6.848597e-01	-9.701254e-02	9.764460e+00
9.523271e+01	3.590771e-01	-9.406968e-01	1.384716e+01	3.309520e+00	1.311108e+00	3.304227e-01	-7.390463e-01	-7.067386e-02	9.802296e+00
8.364811e+01	3.821844e-01	-9.480571e-01	1.379291e+01	3.312380e+00	1.354775e+00	3.299842e-01	-7.828058e-01	-6.510240e-02	9.849967e+00
9.572523e+01	4.192178e-01	-9.761372e-01	1.373633e+01	3.291003e+00	1.393005e+00	2.991758e-01	-8.171699e-01	-7.079725e-02	9.905354e+00
7.501268e+01	4.612407e-01	-9.639791e-01	1.365674e+01	3.327318e+00	1.442077e+00	3.048621e-01	-8.034759e-01	-7.202989e-02	9.905201e+00
1.104416e+02	5.240082e-01	-9.328612e-01	1.353752e+01	3.400977e+00	1.505525e+00	3.395492e-01	-7.958395e-01	-7.843750e-02	9.900104e+00
1.237571e+02	4.360414e-01	-9.906054e-01	1.358854e+01	3.316117e+00	1.539805e+00	2.778480e-01	-7.982971e-01	-9.995336e-02	9.975846e+00
8.578280e+01	4.570925e-01	-9.532824e-01	1.350273e+01	3.368960e+00	1.599385e+00	2.988082e-01	-6.948787e-01	-6.253640e-02	9.890844e+00
1.122977e+02	4.172348e-01	-9.297387e-01	1.349252e+01	3.369886e+00	1.643775e+00	3.251509e-01	-6.831096e-01	-3.998243e-02	9.826409e+00
1.028222e+02	3.701094e-01	-9.785010e-01	1.354099e+01	3.260380e+00	1.649035e+00	2.790727e-01	-7.206330e-01	-3.734731e-02	9.870064e+00
7.562201e+01	3.860231e-01	-9.608649e-01	1.349090e+01	3.282099e+00	1.692201e+00	3.198265e-01	-7.572988e-01	-3.666477e-02	9.883454e+00
8.765617e+01	3.628227e-01	-9.828878e-01	1.350646e+01	3.209584e+00	1.707117e+00	3.011806e-01	-8.035250e-01	-5.779542e-02	9.929519e+00
7.603484e+01	3.774725e-01	-9.728526e-01	1.347364e+01	3.195320e+00	1.726630e+00	3.042512e-01	-7.975665e-01	-7.174574e-02	9.923920e+00
8.952046e+01	4.130075e-01	-9.471417e-01	1.338017e+01	3.249034e+00	1.779726e+00	3.400649e-01	-7.857926e-01	-8.274614e-02	9.909740e+00
1.413675e+02	3.898234e-01	-1.000124e+00	1.344655e+01	3.080487e+00	1.742844e+00	2.767076e-01	-7.950368e-01	-9.895459e-02	9.933646e+00
9.619030e+01	4.020849e-01	-9.641436e-01	1.341719e+01	3.076779e+00	1.753964e+00	2.860039e-01	-6.738764e-01	-6.414808e-02	9.824465e+00
9.971215e+01	4.027740e-01	-9.319963e-01	1.335792e+01	3.115242e+00	1.800824e+00	3.120216e-01	-6.606910e-01	-4.225383e-02	9.746162e+00
9.384743e+01	3.688737e-01	-9.590424e-01	1.341421e+01	3.012696e+00	1.785838e+00	2.873442e-01	-6.887661e-01	-2.425760e-02	9.747868e+00
8.267894e+01	3.508189e-01	-9.484029e-01	1.341226e+01	2.991480e+00	1.806738e+00	3.133648e-01	-7.370840e-01	-1.693190e-02	9.741469e+00
7.662542e+01	3.657739e-01	-9.598264e-01	1.337252e+01	2.988065e+00	1.838230e+00	3.090090e-01	-7.713489e-01	-2.522765e-02	9.782411e+00
7.396270e+01	4.071369e-01	-9.609220e-01	1.331508e+01	2.984916e+00	1.864103e+00	3.101385e-01	-7.835189e-01	-3.686194e-02	9.815481e+00
7.161566e+01	3.905960e-01	-9.565637e-01	1.327803e+01	3.005552e+00	1.908885e+00	3.218774e-01	-8.066739e-01	-5.525370e-02	9.848847e+00
7.245284e+01	3.754553e-01	-9.699104e-01	1.327009e+01	2.968584e+00	1.934175e+00	3.090953e-01	-8.037051e-01	-7.617253e-02	9.889922e+00
7.663726e+01	3.511691e-01	-9.477950e-01	1.325762e+01	2.974931e+00	1.961449e+00	3.330544e-01	-8.336645e-01	-8.894537e-02	9.932038e+00
6.713678e+01	3.037433e-01	-9.459912e-01	1.328162e+01	2.936722e+00	1.974042e+00	3.160776e-01	-8.044652e-01	-1.012159e-01	9.931553e+00
7.064630e+01	2.913486e-01	-9.540819e-01	1.328846e+01	2.889638e+00	1.981683e+00	3.038542e-01	-7.918014e-01	-1.099778e-01	9.977585e+00
7.114045e+01	3.205187e-01	-9.366158e-01	1.322684e+01	2.906663e+00	2.008442e+00	3.186433e-01	-7.853350e-01	-1.150603e-01	9.971559e+00
9.047645e+01	2.917162e-01	-9.640819e-01	1.324589e+01	2.842842e+00	2.017834e+00	2.863660e-01	-7.915517e-01	-1.280968e-01	1.001436e+01
6.689432e+01	3.139338e-01	-9.465107e-01	1.318939e+01	2.872816e+00	2.048979e+00	3.052268e-01	-7.835602e-01	-1.337002e-01	1.000615e+01
6.712945e+01	2.984170e-01	-9.461127e-01	1.318268e+01	2.843458e+00	2.069802e+00	3.078443e-01	-7.852823e-01	-1.437613e-01	1.005197e+01
6.752259e+01	2.634484e-01	-9.361413e-01	1.319591e+01	2.807265e+00	2.086520e+00	3.235428e-01	-7.904184e-01	-1.505934e-01	1.005190e+01
3.343560e+02	2.605033e-01	-9.660538e-01	1.318088e+01	2.776291e+00	2.106311e+00	3.008547e-01	-8.578308e-01	-2.075602e-01	1.014494e+01
3.235582e+02	3.034119e-01	-8.452027e-01	1.310202e+01	2.845648e+00	2.134721e+00	3.388242e-01	-5.954811e-01	-2.587592e-01	9.880318e+00
2.875724e+02	2.344555e-01	-8.481558e-01	1.317474e+01	2.772420e+00	2.134469e+00	3.347091e-01	-5.715557e-01	-2.121984e-01	9.792958e+00
2.937722e+02	8.249420e-02	-9.832383e-01	1.341704e+01	2.473489e+00	2.051780e+00	2.042484e-01	-6.049023e-01	-1.834660e-01	9.876981e+00
1.517660e+02	5.554828e-02	-9.730878e-01	1.342306e+01	2.450959e+00	2.066249e+00	2.788365e-01	-6.809164e-01	-9.632324e-02	9.903287e+00
1.583971e+02	8.816537e-02	-9.137717e-01	1.333070e+01	2.526218e+00	2.110600e+00	3.879749e-01	-7.462282e-01	-3.915591e-02	9.913087e+00
1.531088e+02	1.369851e-01	-9.136844e-01	1.324637e+01	2.551531e+00	2.147925e+00	3.861128e-01	-7.808342e-01	-2.771021e-02	9.928292e+00
1.658645e+02	1.954340e-01	-9.935862e-01	1.318832e+01	2.507082e+00	2.164528e+00	2.799962e-01	-7.955791e-01	-3.497580e-02	1.000875e+01
8.688344e+01	2.611442e-01	-9.329193e-01	1.307376e+01	2.590812e+00	2.209133e+00	3.276794e-01	-6.911853e-01	6.292484e-02	9.912619e+00
1.197051e+02	2.783235e-01	-9.141028e-01	1.300264e+01	2.634981e+00	2.252098e+00	3.398766e-01	-6.869650e-01	9.370377e-02	9.878518e+00
1.837697e+02	2.211788e-01	-9.906644e-01	1.309872e+01	2.495210e+00	2.217615e+00	2.440756e-01	-7.033863e-01	1.002381e-01	9.906602e+00
7.992287e+01	2.326285e-01	-9.502314e-01	1.301755e+01	2.541982e+00	2.252954e+00	3.158682e-01	-7.249104e-01	8.835573e-02	9.897774e+00
1.134035e+02	2.641038e-01	-9.251925e-01	1.292697e+01	2.597537e+00	2.288210e+00	3.528919e-01	-7.629801e-01	4.347068e-02	9.909289e+00
1.540872e+02	2.540697e-01	-9.952807e-01	1.298586e+01	2.479715e+00	2.257096e+00	2.649912e-01	-7.790726e-01	1.258090e-02	9.989298e+00
2.413284e+02	2.542195e-01	-1.006499e+00	1.293058e+01	2.497788e+00	2.281575e+00	2.462087e-01	-7.928786e-01	-4.526135e-02	1.001268e+01
8.266610e+01	2.659648e-01	-9.648180e-01	1.278678e+01	2.626853e+00	2.347412e+00	2.853817e-01	-7.698034e-01	-8.836056e-02	9.975621e+00
1.533736e+02	2.729727e-01	-9.176107e-01	1.269419e+01	2.724001e+00	2.391226e+00	3.421802e-01	-7.654561e-01	-1.085945e-01	9.962093e+00
6.860035e+01	1.214160e-01	-9.543126e-01	1.288164e+01	2.586996e+00	2.304427e+00	3.033847e-01	-7.826110e-01	-1.437554e-01	9.985632e+00
1.016529e+02	3.500122e-02	-9.668802e-01	1.297968e+01	2.505497e+00	2.264980e+00	2.919827e-01	-7.932124e-01	-1.595909e-01	9.993536e+00
7.030992e+01	4.283019e-02	-9.334122e-01	1.294850e+01	2.536081e+00	2.283150e+00	3.360877e-01	-7.917245e-01	-1.657524e-01	9.980123e+00
7.054807e+01	6.621654e-02	-9.274040e-01	1.293310e+01	2.514626e+00	2.287307e+00	3.326960e-01	-7.938919e-01	-1.758324e-01	9.994541e+00
7.491257e+01	1.065803e-01	-9.212599e-01	1.286404e+01	2.542502e+00	2.319846e+00	3.314143e-01	-7.985347e-01	-1.779638e-01	1.000754e+01
1.730329e+02	8.747427e-02	-9.742763e-01	1.293066e+01	2.421371e+00	2.279368e+00	2.660091e-01	-7.991828e-01	-1.876918e-01	1.005192e+01
1.033635e+02	1.068111e-01	-9.605493e-01	1.288618e+01	2.432995e+00	2.290432e+00	2.797783e-01	-7.876882e-01	-1.918013e-01	1.003458e+01
1.636899e+02	1.869792e-01	-8.924844e-01	1.274874e+01	2.527805e+00	2.338372e+00	3.470755e-01	-7.282769e-01	-1.711815e-01	9.927027e+00
7.563652e+01	1.676928e-01	-9.389540e-01	1.276227e+01	2.477482e+00	2.333429e+00	2.940896e-01	-7.326238e-01	-1.517683e-01	9.937106e+00
9.527312e+01	9.373952e-02	-9.652999e-01	1.283145e+01	2.406827e+00	2.314389e+00	2.806470e-01	-7.559464e-01	-1.419126e-01	9.959734e+00
7.101257e+01	1.049704e-01	-9.346564e-01	1.277731e+01	2.454827e+00	2.343939e+00	3.279464e-01	-7.738142e-01	-1.364250e-01	9.942607e+00
6.816777e+01	8.741258e-02	-9.510192e-01	1.278717e+01	2.422298e+00	2.347055e+00	3.129471e-01	-7.987864e-01	-1.398575e-01	9.975679e+00
1.128179e+02	7.358352e-02	-9.658325e-01	1.281246e+01	2.381694e+00	2.335709e+00	2.963574e-01	-8.123641e-01	-1.518161e-01	1.000163e+01
8.172276e+01	1.214621e-01	-9.251192e-01	1.270828e+01	2.453573e+00	2.378843e+00	3.389176e-01	-7.954304e-01	-1.697543e-01	9.969978e+00
7.444343e+01	9.823504e-02	-9.270302e-01	1.271796e+01	2.406483e+00	2.381814e+00	3.349652e-01	-7.962359e-01	-1.819444e-01	9.959909e+00
1.284766e+02	5.632921e-02	-9.720696e-01	1.277821e+01	2.331939e+00	2.354342e+00	2.782437e-01	-7.964179e-01	-1.940297e-01	1.000042e+01
6.701646e+01	6.017929e-02	-9.337847e-01	1.273513e+01	2.383663e+00	2.375559e+00	3.304103e-01	-7.907850e-01	-1.911149e-01	9.971749e+00
7.364426e+01	8.324138e-02	-9.252515e-01	1.270611e+01	2.388207e+00	2.386588e+00	3.350790e-01	-7.859980e-01	-1.980673e-01	9.997087e+00
6.791941e+01	1.078023e-01	-9.428023e-01	1.271335e+01	2.326831e+00	2.379433e+00	3.126199e-01	-7.934504e-01	-2.020226e-01	1.001791e+01
7.186414e+01	7.319930e-02	-9.471573e-01	1.274046e+01	2.304174e+00	2.372442e+00	3.064570e-01	-7.878647e-01	-1.946917e-01	1.002305e+01
6.502961e+01	8.476887e-02	-9.387119e-01	1.268448e+01	2.334868e+00	2.400937e+00	3.144713e-01	-7.905437e-01	-1.828958e-01	1.002846e+01
6.623553e+01	7.036914e-02	-9.367463e-01	1.266582e+01	2.355199e+00	2.409486e+00	3.162006e-01	-8.000015e-01	-1.887508e-01	1.002441e+01
7.997916e+01	6.240562e-02	-9.485346e-01	1.264189e+01	2.356550e+00	2.425566e+00	3.020197e-01	-8.049752e-01	-1.883543e-01	1.003755e+01
9.420083e+01	5.510268e-02	-9.092757e-01	1.263146e+01	2.380388e+00	2.423324e+00	3.204123e-01	-7.149117e-01	-1.618254e-01	9.922821e+00
8.350259e+01	4.026727e-02	-9.402116e-01	1.267664e+01	2.324404e+00	2.398233e+00	2.830304e-01	-7.114979e-01	-1.481232e-01	9.917282e+00
6.931804e+01	1.532978e-02	-9.377671e-01	1.267624e+01	2.329572e+00	2.402307e+00	3.073366e-01	-7.576218e-01	-1.295245e-01	9.910607e+00
6.464168e+01	2.778799e-02	-9.438217e-01	1.267401e+01	2.308418e+00	2.400213e+00	3.153339e-01	-7.943178e-01	-1.237372e-01	9.929778e+00
6.607864e+01	3.355783e-02	-9.410261e-01	1.262573e+01	2.342490e+00	2.421975e+00	3.208912e-01	-8.114705e-01	-1.218475e-01	9.964130e+00
7.305016e+01	6.146174e-02	-9.290158e-01	1.255494e+01	2.392450e+00	2.456311e+00	3.242763e-01	-7.986312e-01	-1.346316e-01	9.965769e+00
1.054731e+02	-2.015279e-02	-9.645283e-01	1.267095e+01	2.277211e+00	2.396348e+00	2.846493e-01	-7.981563e-01	-1.459795e-01	9.994236e+00
8.495228e+01	-2.303075e-02	-9.161845e-01	1.265220e+01	2.293402e+00	2.391528e+00	3.206685e-01	-7.143845e-01	-1.114393e-01	9.887247e+00
7.481306e+01	-3.362573e-03	-9.301433e-01	1.262876e+01	2.285133e+00	2.396297e+00	3.038345e-01	-7.259036e-01	-9.303703e-02	9.891304e+00
7.094118e+01	5.006045e-02	-9.413634e-01	1.256561e+01	2.307393e+00	2.421552e+00	3.044971e-01	-7.514439e-01	-9.018747e-02	9.920874e+00
7.366074e+01	1.842035e-02	-9.563164e-01	1.258644e+01	2.290144e+00	2.416252e+00	2.980124e-01	-7.898993e-01	-1.062310e-01	9.935955e+00
8.100010e+01	3.110405e-02	-9.271723e-01	1.253226e+01	2.348682e+00	2.432665e+00	3.328945e-01	-7.980959e-01	-1.119600e-01	9.904792e+00
1.143292e+02	-3.326166e-02	-9.731526e-01	1.262636e+01	2.237975e+00	2.387018e+00	2.830818e-01	-7.991902e-01	-1.313732e-01	9.940590e+00
7.272846e+01	-3.985147e-02	-9.538279e-01	1.260778e+01	2.261567e+00	2.394075e+00	3.006494e-01	-7.692405e-01	-1.547502e-01	9.922757e+00
8.261300e+01	1.539604e-02	-9.235978e-01	1.253600e+01	2.309349e+00	2.422987e+00	3.337974e-01	-7.696535e-01	-1.632158e-01	9.915088e+00
8.053757e+01	3.883129e-02	-9.581021e-01	1.254491e+01	2.265318e+00	2.413907e+00	2.884293e-01	-7.807224e-01	-1.666862e-01	9.960266e+00
7.114067e+01	2.457767e-02	-9.514060e-01	1.253188e+01	2.290397e+00	2.423101e+00	2.958040e-01	-7.828208e-01	-1.691504e-01	9.958092e+00
8.932792e+01	6.084863e-02	-9.229527e-01	1.245347e+01	2.352898e+00	2.462341e+00	3.308135e-01	-7.907769e-01	-1.619296e-01	9.932337e+00
1.044301e+02	-6.937548e-02	-9.681621e-01	1.259476e+01	2.241430e+00	2.398119e+00	2.862364e-01	-7.936416e-01	-1.712630e-01	9.971971e+00
6.909137e+01	-6.837960e-02	-9.338429e-01	1.256899e+01	2.276305e+00	2.413082e+00	3.391298e-01	-7.872366e-01	-1.725922e-01	9.966580e+00
7.322075e+01	-8.780607e-02	-9.519311e-01	1.260224e+01	2.234305e+00	2.389356e+00	3.089447e-01	-7.877248e-01	-1.848530e-01	1.000073e+01
6.412815e+01	-2.812419e-02	-9.411647e-01	1.252558e+01	2.273641e+00	2.414205e+00	3.128579e-01	-7.915391e-01	-1.886224e-01	1.000227e+01
6.702136e+01	-3.269808e-02	-9.393931e-01	1.252412e+01	2.265288e+00	2.408815e+00	3.154438e-01	-8.018549e-01	-2.021823e-01	1.001343e+01
7.926884e+01	-9.561892e-03	-9.184247e-01	1.249075e+01	2.281734e+00	2.421076e+00	3.282773e-01	-7.756131e-01	-1.925685e-01	9.962990e+00
1.141527e+02	-6.930427e-02	-9.653959e-01	1.259218e+01	2.185977e+00	2.369204e+00	2.743036e-01	-7.816216e-01	-1.844730e-01	9.998853e+00
8.200038e+01	-2.596968e-02	-9.533916e-01	1.254477e+01	2.214981e+00	2.388660e+00	2.862030e-01	-7.826403e-01	-1.779482e-01	9.978310e+00
9.726577e+01	1.339673e-03	-9.134531e-01	1.247296e+01	2.289523e+00	2.419839e+00	3.451300e-01	-7.991015e-01	-1.750493e-01	9.965858e+00
1.189450e+02	-4.770158e-02	-9.618612e-01	1.252758e+01	2.257807e+00	2.388164e+00	2.894550e-01	-8.127991e-01	-1.851329e-01	1.001887e+01
1.239719e+02	-4.553976e-02	-9.611902e-01	1.251975e+01	2.271894e+00	2.389229e+00	2.953499e-01	-8.165727e-01	-1.880212e-01	1.003228e+01
1.781127e+02	-4.803388e-03	-8.833161e-01	1.245970e+01	2.330390e+00	2.418419e+00	3.415372e-01	-6.628634e-01	-1.480235e-01	9.853309e+00
1.054950e+02	-8.383825e-02	-9.399789e-01	1.256975e+01	2.230175e+00	2.351122e+00	2.667981e-01	-6.386433e-01	-1.229891e-01	9.842412e+00
1.072148e+02	-5.222161e-02	-9.562081e-01	1.252548e+01	2.250574e+00	2.371454e+00	2.669564e-01	-6.807528e-01	-7.836378e-02	9.867080e+00
1.046553e+02	-3.443495e-02	-9.160644e-01	1.246829e+01	2.312973e+00	2.397689e+00	3.381489e-01	-7.312190e-01	-5.635452e-02	9.856733e+00
8.541580e+01	-1.287610e-01	-9.594747e-01	1.257417e+01	2.239764e+00	2.343248e+00	2.922633e-01	-7.664171e-01	-5.987127e-02	9.886078e+00
7.576274e+01	-9.350367e-02	-9.599352e-01	1.252207e+01	2.259311e+00	2.364410e+00	3.027524e-01	-8.018427e-01	-7.295938e-02	9.913184e+00
8.373130e+01	-2.226522e-02	-9.278029e-01	1.243765e+01	2.314670e+00	2.396331e+00	3.375358e-01	-7.999639e-01	-8.323881e-02	9.905603e+00
6.926473e+01	-5.143666e-03	-9.393345e-01	1.241083e+01	2.311802e+00	2.412067e+00	3.234669e-01	-8.096643e-01	-1.161211e-01	9.938323e+00
2.369354e+02	-7.774205e-02	-9.803473e-01	1.249399e+01	2.248924e+00	2.370530e+00	2.869844e-01	-8.443634e-01	-1.445187e-01	9.957670e+00
6.889772e+01	-2.944446e-02	-9.398358e-01	1.243426e+01	2.294782e+00	2.398783e+00	3.320130e-01	-8.093271e-01	-1.925853e-01	9.926851e+00
6.924731e+01	-4.266501e-02	-9.387581e-01	1.244964e+01	2.277516e+00	2.387541e+00	3.308763e-01	-8.168522e-01	-2.392819e-01	9.918033e+00
8.601708e+01	-5.733971e-02	-9.608958e-01	1.248765e+01	2.226251e+00	2.362627e+00	2.994127e-01	-8.113147e-01	-2.655638e-01	9.930995e+00
6.608479e+01	-5.070601e-02	-9.488736e-01	1.244910e+01	2.247217e+00	2.378246e+00	3.159510e-01	-8.010709e-01	-2.762352e-01	9.935006e+00
7.137775e+01	-1.878027e-02	-9.323897e-01	1.240973e+01	2.270692e+00	2.389500e+00	3.253110e-01	-7.864981e-01	-2.667954e-01	9.901048e+00
6.660497e+01	-4.628737e-02	-9.502261e-01	1.243693e+01	2.258268e+00	2.364259e+00	3.040784e-01	-7.884589e-01	-2.421787e-01	9.913124e+00
7.757646e+01	-5.929748e-02	-9.481166e-01	1.244016e+01	2.252834e+00	2.363669e+00	3.168904e-01	-8.251826e-01	-2.351320e-01	9.943780e+00
6.841065e+01	-4.740364e-02	-9.407120e-01	1.241401e+01	2.275592e+00	2.369866e+00	3.189339e-01	-8.141896e-01	-2.405100e-01	9.949807e+00
6.945078e+01	-6.176022e-02	-9.306167e-01	1.243785e+01	2.244555e+00	2.353215e+00	3.171778e-01	-7.731269e-01	-2.294029e-01	9.903945e+00
6.976962e+01	-3.433113e-02	-9.464732e-01	1.242602e+01	2.222542e+00	2.354170e+00	2.955464e-01	-7.742013e-01	-2.048543e-01	9.905345e+00
7.149583e+01	-6.256880e-02	-9.530261e-01	1.243400e+01	2.220169e+00	2.350540e+00	2.966646e-01	-7.930170e-01	-1.831148e-01	9.916178e+00
1.150034e+02	-5.831340e-02	-9.586827e-01	1.241233e+01	2.236146e+00	2.363927e+00	3.027933e-01	-8.329717e-01	-1.828696e-01	9.961557e+00
8.980840e+01	-4.275605e-02	-9.203980e-01	1.236196e+01	2.287859e+00	2.380987e+00	3.410323e-01	-8.063436e-01	-2.034611e-01	9.932454e+00
7.049010e+01	-1.441935e-01	-9.460396e-01	1.247487e+01	2.204876e+00	2.315821e+00	3.041216e-01	-7.973531e-01	-2.136295e-01	9.966350e+00
7.548724e+01	-1.403795e-01	-9.480104e-01	1.248140e+01	2.183215e+00	2.305610e+00	2.951870e-01	-7.871638e-01	-2.216078e-01	9.975021e+00
6.604116e+01	-9.284653e-02	-9.269352e-01	1.240937e+01	2.229216e+00	2.341004e+00	3.234541e-01	-7.942639e-01	-2.087328e-01	9.970960e+00
6.303851e+01	-7.915812e-02	-9.339498e-01	1.241444e+01	2.200909e+00	2.323261e+00	3.161516e-01	-7.980252e-01	-2.077252e-01	9.976080e+00
1.537463e+02	-7.990064e-02	-9.622275e-01	1.242195e+01	2.177394e+00	2.306850e+00	2.935833e-01	-8.237950e-01	-2.205253e-01	1.004047e+01
7.879907e+01	-3.868419e-02	-9.300662e-01	1.235510e+01	2.230086e+00	2.330987e+00	3.315325e-01	-8.214104e-01	-2.383922e-01	1.002553e+01
6.813965e+01	-5.979408e-02	-9.237864e-01	1.236794e+01	2.214873e+00	2.308078e+00	3.247667e-01	-7.989772e-01	-2.539883e-01	9.992108e+00
1.544881e+02	-1.037297e-01	-9.629122e-01	1.242538e+01	2.156629e+00	2.275588e+00	2.878291e-01	-8.249001e-01	-2.689358e-01	1.002550e+01
1.219766e+02	-8.820976e-02	-8.938823e-01	1.240009e+01	2.185800e+00	2.280443e+00	3.156349e-01	-6.537323e-01	-3.522896e-01	9.835036e+00
1.039580e+02	-9.104707e-02	-9.142786e-01	1.241538e+01	2.147651e+00	2.270260e+00	2.856390e-01	-6.341929e-01	-3.372320e-01	9.799729e+00
9.974752e+01	-8.620924e-02	-9.083061e-01	1.237679e+01	2.179005e+00	2.292352e+00	3.040930e-01	-6.688371e-01	-2.691041e-01	9.764609e+00
9.460502e+01	-1.167605e-01	-9.534571e-01	1.239521e+01	2.130562e+00	2.292411e+00	2.795940e-01	-7.212773e-01	-1.692150e-01	9.800918e+00
7.966513e+01	-1.149621e-01	-9.614176e-01	1.235326e+01	2.154950e+00	2.315168e+00	2.920686e-01	-7.794796e-01	-9.789591e-02	9.827962e+00
1.007860e+02	-5.339370e-02	-9.278761e-01	1.224336e+01	2.231426e+00	2.368681e+00	3.476062e-01	-8.015167e-01	-7.676927e-02	9.843538e+00
7.090564e+01	-9.126918e-02	-9.530775e-01	1.231823e+01	2.129960e+00	2.316601e+00	3.170265e-01	-8.258174e-01	-1.088523e-01	9.864074e+00
7.444795e+01	-1.197506e-01	-9.569893e-01	1.232965e+01	2.114607e+00	2.298458e+00	3.110447e-01	-8.162959e-01	-1.289385e-01	9.887246e+00
6.676894e+01	-9.966159e-02	-9.413396e-01	1.228630e+01	2.135367e+00	2.315222e+00	3.210977e-01	-7.831617e-01	-1.200038e-01	9.882769e+00
6.670240e+01	-1.067266e-01	-9.418482e-01	1.227912e+01	2.142202e+00	2.302584e+00	3.099170e-01	-7.783995e-01	-1.289293e-01	9.882202e+00
7.330914e+01	-1.073468e-01	-9.555533e-01	1.230507e+01	2.108316e+00	2.277560e+00	3.001778e-01	-7.964728e-01	-1.358927e-01	9.913254e+00
8.530945e+01	-9.215942e-02	-9.223901e-01	1.224422e+01	2.166896e+00	2.296367e+00	3.386694e-01	-7.928200e-01	-1.527179e-01	9.899235e+00
1.004932e+02	-1.301624e-01	-9.668042e-01	1.228925e+01	2.091373e+00	2.265689e+00	2.839482e-01	-8.012311e-01	-1.623988e-01	9.920571e+00
7.849295e+01	-1.071516e-01	-9.475486e-01	1.224016e+01	2.130456e+00	2.281070e+00	2.894751e-01	-7.371915e-01	-1.550652e-01	9.867469e+00
7.853574e+01	-9.934257e-02	-9.265979e-01	1.222176e+01	2.145602e+00	2.272111e+00	3.138825e-01	-7.387458e-01	-1.449050e-01	9.827297e+00
7.598322e+01	-1.201417e-01	-9.265894e-01	1.220343e+01	2.174313e+00	2.285342e+00	3.237326e-01	-7.817578e-01	-1.409786e-01	9.864741e+00
9.046391e+01	-1.154398e-01	-9.605693e-01	1.218024e+01	2.169244e+00	2.301467e+00	2.862658e-01	-8.165307e-01	-1.604510e-01	9.908236e+00
1.105450e+02	-1.634913e-01	-9.696012e-01	1.221921e+01	2.160118e+00	2.272675e+00	2.809376e-01	-8.108635e-01	-1.784959e-01	9.928824e+00
6.492951e+01	-1.879953e-01	-9.371969e-01	1.224570e+01	2.166644e+00	2.241241e+00	3.279781e-01	-8.059884e-01	-1.884303e-01	9.916531e+00
6.889156e+01	-1.454910e-01	-9.314517e-01	1.219811e+01	2.205829e+00	2.264085e+00	3.255132e-01	-8.112440e-01	-2.465648e-01	9.966474e+00
6.841653e+01	-1.219233e-01	-9.415740e-01	1.222261e+01	2.158831e+00	2.238000e+00	3.129071e-01	-8.054508e-01	-2.805385e-01	1.000223e+01
7.083590e+01	-1.559866e-01	-9.273885e-01	1.225815e+01	2.141561e+00	2.206615e+00	3.123104e-01	-7.526901e-01	-2.800697e-01	9.949614e+00
6.420309e+01	-1.422824e-01	-9.336981e-01	1.223597e+01	2.158443e+00	2.218803e+00	3.134551e-01	-7.695352e-01	-2.221622e-01	9.963673e+00
6.946732e+01	-1.734211e-01	-9.476623e-01	1.226933e+01	2.121098e+00	2.188839e+00	3.021742e-01	-7.924025e-01	-1.894077e-01	9.970613e+00
6.584357e+01	-1.618766e-01	-9.321714e-01	1.226787e+01	2.117696e+00	2.182419e+00	3.306759e-01	-8.093709e-01	-1.697645e-01	9.969976e+00
6.288213e+01	-1.331785e-01	-9.365549e-01	1.223664e+01	2.130636e+00	2.188359e+00	3.157946e-01	-8.014442e-01	-1.642174e-01	9.965592e+00
6.408302e+01	-1.312497e-01	-9.405403e-01	1.225475e+01	2.100968e+00	2.157819e+00	3.097100e-01	-7.881832e-01	-1.643317e-01	9.966010e+00
6.528345e+01	-1.036146e-01	-9.486990e-01	1.221301e+01	2.126982e+00	2.176355e+00	3.108366e-01	-7.898564e-01	-1.656414e-01	9.954631e+00
9.020046e+01	-1.107161e-01	-9.536346e-01	1.220274e+01	2.132937e+00	2.183148e+00	3.181089e-01	-8.315239e-01	-2.150737e-01	9.935889e+00
8.762213e+01	-1.044478e-01	-9.489684e-01	1.217407e+01	2.161796e+00	2.191227e+00	3.238861e-01	-8.353309e-01	-2.446846e-01	9.931408e+00
1.218304e+02	-1.808957e-01	-9.673781e-01	1.225245e+01	2.100580e+00	2.140729e+00	3.022334e-01	-8.247038e-01	-2.645847e-01	9.947531e+00
2.122428e+02	-1.186893e-01	-8.769105e-01	1.218110e+01	2.154254e+00	2.160322e+00	3.463480e-01	-6.504838e-01	-3.315079e-01	9.737770e+00
1.222742e+02	-1.966748e-01	-9.403491e-01	1.225968e+01	2.063510e+00	2.112497e+00	2.689443e-01	-6.246205e-01	-3.313187e-01	9.731135e+00
9.488469e+01	-2.022589e-01	-9.233891e-01	1.221618e+01	2.111671e+00	2.147946e+00	3.260985e-01	-6.759430e-01	-2.079816e-01	9.725444e+00
1.298683e+02	-1.233621e-01	-9.159697e-01	1.210556e+01	2.187525e+00	2.225676e+00	3.470734e-01	-7.259801e-01	-1.043904e-01	9.726548e+00
3.164861e+02	-3.028542e-01	-1.034841e+00	1.234641e+01	1.944678e+00	2.069205e+00	2.277166e-01	-7.654013e-01	-6.383571e-02	9.812915e+00
1.102827e+02	-3.112300e-01	-9.895873e-01	1.237745e+01	1.901796e+00	2.030837e+00	3.197480e-01	-7.777039e-01	-5.465314e-02	9.817996e+00
1.504165e+02	-2.046983e-01	-9.207573e-01	1.226102e+01	1.990485e+00	2.095109e+00	3.921248e-01	-7.747428e-01	-5.772122e-02	9.798248e+00
1.170698e+02	-1.509301e-01	-9.887413e-01	1.225332e+01	1.949948e+00	2.093137e+00	2.932169e-01	-7.798333e-01	-7.403439e-02	9.860263e+00
9.603094e+01	-4.100876e-02	-9.778232e-01	1.212371e+01	2.042679e+00	2.158720e+00	2.891776e-01	-7.674023e-01	-9.177537e-02	9.868753e+00
7.585990e+01	-2.416153e-02	-9.540421e-01	1.205910e+01	2.133044e+00	2.178973e+00	3.117345e-01	-7.726588e-01	-1.084765e-01	9.882990e+00
6.787356e+01	-1.182222e-01	-9.443775e-01	1.209832e+01	2.134409e+00	2.168534e+00	3.201683e-01	-7.786453e-01	-1.262992e-01	9.881048e+00
6.503892e+01	-1.737861e-01	-9.517526e-01	1.211532e+01	2.131876e+00	2.168282e+00	3.106071e-01	-7.980922e-01	-1.467906e-01	9.906507e+00
6.273369e+01	-2.291997e-01	-9.419030e-01	1.216152e+01	2.115668e+00	2.133899e+00	3.219596e-01	-7.957006e-01	-1.669443e-01	9.902596e+00
6.852768e+01	-2.619791e-01	-9.513570e-01	1.219686e+01	2.094648e+00	2.100065e+00	3.101980e-01	-7.924862e-01	-1.831683e-01	9.924871e+00
7.726464e+01	-1.967483e-01	-9.453417e-01	1.213891e+01	2.124571e+00	2.126822e+00	3.208440e-01	-8.305405e-01	-2.139129e-01	9.934937e+00
7.885606e+01	-1.405416e-01	-9.259234e-01	1.205366e+01	2.186074e+00	2.164873e+00	3.311127e-01	-8.091891e-01	-2.550236e-01	9.922637e+00
2.585835e+02	-1.899823e-01	-9.901406e-01	1.217902e+01	2.032701e+00	2.065780e+00	2.660157e-01	-8.269197e-01	-2.904770e-01	1.000123e+01
