# loss | a0 ... a8
2.575632e+02	-2.569107e-01	-1.037062e+00	1.434075e+01	5.258929e-01	8.110000e-01	3.383786e-01	-8.412214e-01	1.104241e-01	9.705580e+00
4.837869e+02	-3.959395e-02	-8.899896e-01	1.410196e+01	7.663458e-01	1.017497e+00	4.539944e-01	-6.936979e-01	2.425786e-01	9.528248e+00
1.832760e+02	1.858981e-01	-9.740457e-01	1.384940e+01	1.021536e+00	1.226871e+00	3.406077e-01	-6.754564e-01	2.942189e-01	9.661424e+00
1.775570e+02	3.998318e-01	-9.771931e-01	1.360847e+01	1.267774e+00	1.442743e+00	3.288458e-01	-6.909293e-01	3.066474e-01	9.708897e+00
1.480495e+02	6.164955e-01	-9.575442e-01	1.335799e+01	1.513491e+00	1.659645e+00	3.327472e-01	-7.188207e-01	2.827181e-01	9.720698e+00
1.338317e+02	4.337315e-01	-9.405586e-01	1.348251e+01	1.750745e+00	1.886489e+00	3.407487e-01	-7.583759e-01	2.419174e-01	9.712639e+00
1.156193e+02	4.034273e-01	-9.464826e-01	1.341117e+01	1.986582e+00	2.065565e+00	3.182530e-01	-7.573233e-01	1.027812e-01	9.747911e+00
9.787572e+01	3.922789e-01	-9.337979e-01	1.333436e+01	2.198316e+00	2.215686e+00	3.266431e-01	-7.401515e-01	5.199658e-03	9.764143e+00
9.065806e+01	4.143508e-01	-9.438413e-01	1.317132e+01	2.426327e+00	2.418780e+00	3.120888e-01	-8.584213e-01	-1.075179e-01	9.844620e+00
1.042394e+02	3.362744e-01	-9.160970e-01	1.312541e+01	2.612657e+00	2.528672e+00	3.223429e-01	-7.229295e-01	-5.481583e-02	9.751848e+00
9.368621e+01	1.982430e-01	-9.545252e-01	1.317300e+01	2.593041e+00	2.593353e+00	2.723387e-01	-7.444511e-01	-5.476363e-02	9.776733e+00
8.701094e+01	1.664060e-01	-9.308461e-01	1.308177e+01	2.726919e+00	2.766067e+00	3.203060e-01	-7.782460e-01	-5.137432e-02	9.772869e+00
6.917283e+01	9.133123e-02	-9.459700e-01	1.312775e+01	2.671035e+00	2.754539e+00	3.170199e-01	-8.272273e-01	-1.159993e-01	9.817434e+00
6.644545e+01	1.168080e-01	-9.481746e-01	1.308769e+01	2.668338e+00	2.777993e+00	3.085100e-01	-8.185823e-01	-1.817496e-01	9.829412e+00
7.371271e+01	1.039506e-01	-9.426568e-01	1.310378e+01	2.636263e+00	2.759136e+00	3.078961e-01	-7.741815e-01	-2.185140e-01	9.744649e+00
1.019423e+02	1.274903e-01	-9.246945e-01	1.304596e+01	2.698182e+00	2.802320e+00	3.263117e-01	-7.706012e-01	-2.173550e-01	9.689150e+00
2.857313e+02	1.521421e-02	-1.002656e+00	1.320471e+01	2.508163e+00	2.663389e+00	2.563192e-01	-8.424328e-01	-1.853234e-01	9.805799e+00
1.897624e+02	1.243296e-01	-8.885942e-01	1.309844e+01	2.601001e+00	2.716677e+00	3.347056e-01	-6.508590e-01	-3.529510e-01	9.591579e+00
1.612840e+02	5.182798e-02	-9.462897e-01	1.322292e+01	2.447306e+00	2.579380e+00	2.483096e-01	-6.360252e-01	-3.582530e-01	9.572706e+00
1.111272e+02	7.753862e-02	-9.218559e-01	1.318629e+01	2.460370e+00	2.614104e+00	3.127119e-01	-6.705359e-01	-3.002173e-01	9.561587e+00
1.234362e+02	1.312777e-01	-9.168898e-01	1.309176e+01	2.511023e+00	2.717051e+00	3.401772e-01	-7.231466e-01	-1.662138e-01	9.571010e+00
1.313633e+02	1.684467e-01	-9.800554e-01	1.308630e+01	2.422115e+00	2.709699e+00	2.607116e-01	-7.668731e-01	-9.055650e-02	9.611678e+00
1.069476e+02	1.764681e-01	-9.789655e-01	1.303551e+01	2.465010e+00	2.765872e+00	2.742809e-01	-7.972419e-01	-4.952376e-02	9.631083e+00
9.341552e+01	1.998923e-01	-9.494345e-01	1.293143e+01	2.581873e+00	2.884577e+00	3.464227e-01	-8.129756e-01	-4.229512e-02	9.634028e+00
9.604105e+01	7.713983e-02	-9.861338e-01	1.306101e+01	2.469830e+00	2.758837e+00	3.016669e-01	-8.195452e-01	-7.128721e-02	9.658211e+00
8.061576e+01	1.288284e-01	-9.450229e-01	1.302419e+01	2.487064e+00	2.769886e+00	3.295105e-01	-8.051341e-01	-2.038110e-02	9.597638e+00
8.246461e+01	9.125759e-02	-9.388215e-01	1.303967e+01	2.484427e+00	2.754922e+00	3.251210e-01	-8.041977e-01	-3.975661e-02	9.584138e+00
7.682598e+01	1.207395e-01	-9.611041e-01	1.301791e+01	2.475230e+00	2.763567e+00	2.982061e-01	-8.211320e-01	-7.806403e-02	9.613476e+00
7.029795e+01	1.207932e-01	-9.527716e-01	1.298114e+01	2.514184e+00	2.801917e+00	3.091612e-01	-8.221879e-01	-1.206982e-01	9.628754e+00
8.205719e+01	8.611885e-02	-9.384749e-01	1.295116e+01	2.555077e+00	2.839887e+00	3.290064e-01	-8.190017e-01	-1.449094e-01	9.637069e+00
8.233263e+01	7.505963e-02	-9.699098e-01	1.296834e+01	2.523778e+00	2.820097e+00	2.925964e-01	-8.303287e-01	-1.760309e-01	9.699802e+00
7.190081e+01	1.836059e-01	-9.480057e-01	1.287850e+01	2.577459e+00	2.875003e+00	3.099260e-01	-8.126418e-01	-2.148811e-01	9.702077e+00
1.055059e+02	3.193323e-02	-9.742726e-01	1.298778e+01	2.529448e+00	2.820742e+00	2.974967e-01	-8.475467e-01	-2.215474e-01	9.743615e+00
1.332829e+02	1.318567e-02	-9.123437e-01	1.299583e+01	2.552993e+00	2.803049e+00	3.389294e-01	-7.315440e-01	-3.002411e-01	9.620815e+00
1.182731e+02	6.008099e-04	-9.144416e-01	1.302450e+01	2.512138e+00	2.766845e+00	3.266250e-01	-7.179451e-01	-2.902972e-01	9.582381e+00
1.736592e+02	-7.764449e-03	-9.875545e-01	1.304956e+01	2.439280e+00	2.747325e+00	2.434595e-01	-7.383699e-01	-2.412188e-01	9.612401e+00
1.265273e+02	9.115802e-02	-9.892847e-01	1.290961e+01	2.518470e+00	2.867732e+00	2.577359e-01	-7.704051e-01	-1.513840e-01	9.626821e+00
9.939517e+01	1.929913e-01	-9.569740e-01	1.271275e+01	2.667757e+00	3.049709e+00	3.209406e-01	-8.012863e-01	-9.475934e-02	9.681344e+00
9.362538e+01	5.860714e-02	-9.521946e-01	1.277203e+01	2.684184e+00	3.014016e+00	3.338565e-01	-8.112140e-01	-9.231719e-02	9.714628e+00
1.047457e+02	-3.361418e-02	-9.792696e-01	1.284982e+01	2.635181e+00	2.938929e+00	2.948492e-01	-8.359492e-01	-1.108480e-01	9.792597e+00
8.178941e+01	-7.603656e-02	-9.676123e-01	1.289222e+01	2.625625e+00	2.877308e+00	3.021575e-01	-8.230438e-01	-1.551572e-01	9.817126e+00
1.092576e+02	-1.538242e-02	-9.267157e-01	1.281906e+01	2.686865e+00	2.930048e+00	3.302539e-01	-7.680866e-01	-1.477455e-01	9.768056e+00
1.540188e+02	-1.145547e-01	-9.869577e-01	1.302160e+01	2.482872e+00	2.710497e+00	2.517553e-01	-7.789170e-01	-1.654248e-01	9.802892e+00
8.544148e+01	-1.000916e-01	-9.385015e-01	1.306591e+01	2.448704e+00	2.646049e+00	3.163422e-01	-7.416790e-01	-1.828622e-01	9.736537e+00
8.087262e+01	9.734598e-03	-9.336872e-01	1.298620e+01	2.480254e+00	2.702137e+00	3.143831e-01	-7.467844e-01	-1.654131e-01	9.722660e+00
8.835683e+01	9.829257e-02	-9.283918e-01	1.290013e+01	2.543035e+00	2.770563e+00	3.244102e-01	-7.695369e-01	-1.319852e-01	9.733038e+00
1.244026e+02	7.229329e-02	-9.832109e-01	1.294793e+01	2.452609e+00	2.725349e+00	2.678424e-01	-8.096830e-01	-1.391881e-01	9.779426e+00
9.246578e+01	1.736529e-01	-9.293929e-01	1.283572e+01	2.532371e+00	2.815440e+00	3.057990e-01	-7.148049e-01	-1.311599e-01	9.673374e+00
8.648609e+01	5.896193e-02	-9.303720e-01	1.290714e+01	2.511520e+00	2.781903e+00	3.109370e-01	-7.280282e-01	-1.160272e-01	9.651508e+00
7.996775e+01	-3.049376e-02	-9.442171e-01	1.294901e+01	2.508421e+00	2.764883e+00	2.993406e-01	-7.472783e-01	-1.107606e-01	9.650183e+00
8.215521e+01	-3.216800e-02	-9.620058e-01	1.295059e+01	2.496242e+00	2.766502e+00	2.906526e-01	-7.882546e-01	-9.983938e-02	9.691976e+00
7.169305e+01	4.728259e-02	-9.614879e-01	1.286808e+01	2.538817e+00	2.836156e+00	2.998617e-01	-8.216487e-01	-9.954838e-02	9.752760e+00
8.690606e+01	4.979101e-02	-9.348495e-01	1.284976e+01	2.564003e+00	2.844940e+00	3.326210e-01	-8.536814e-01	-1.298536e-01	9.764062e+00
9.467921e+01	-6.290995e-03	-9.537427e-01	1.289847e+01	2.506311e+00	2.812015e+00	3.089123e-01	-8.640466e-01	-2.487988e-01	9.776579e+00
1.186026e+02	1.334468e-02	-9.154213e-01	1.292704e+01	2.470405e+00	2.745971e+00	2.803149e-01	-6.877303e-01	-4.631952e-01	9.597560e+00
1.169545e+02	-9.081136e-03	-9.115983e-01	1.293497e+01	2.453401e+00	2.746982e+00	2.884677e-01	-6.759217e-01	-3.941179e-01	9.536895e+00
9.453803e+01	6.615830e-03	-9.368370e-01	1.288700e+01	2.473155e+00	2.803941e+00	2.791400e-01	-7.147780e-01	-2.588739e-01	9.541177e+00
9.555911e+01	5.793874e-02	-9.309326e-01	1.277208e+01	2.560134e+00	2.914878e+00	3.076423e-01	-7.529890e-01	-1.425725e-01	9.548864e+00
9.432853e+01	-2.364966e-02	-9.720619e-01	1.284901e+01	2.464923e+00	2.847310e+00	2.782495e-01	-7.822045e-01	-8.521073e-02	9.583120e+00
7.271691e+01	-2.862201e-02	-9.567171e-01	1.283917e+01	2.463280e+00	2.862230e+00	3.241492e-01	-8.117830e-01	-8.479241e-02	9.605127e+00
7.943841e+01	-2.186129e-03	-9.477389e-01	1.281189e+01	2.475991e+00	2.871543e+00	3.350499e-01	-8.221502e-01	-8.967259e-02	9.625579e+00
7.975031e+01	-2.528910e-02	-9.701253e-01	1.282646e+01	2.456519e+00	2.846911e+00	2.989700e-01	-8.349044e-01	-1.117261e-01	9.654297e+00
9.697075e+01	2.360232e-02	-9.279129e-01	1.279184e+01	2.484654e+00	2.855649e+00	3.275086e-01	-7.773845e-01	-1.419634e-01	9.621436e+00
7.533053e+01	8.626437e-03	-9.477091e-01	1.283133e+01	2.452469e+00	2.797442e+00	2.995733e-01	-7.733056e-01	-1.585223e-01	9.645547e+00
8.077872e+01	9.438067e-03	-9.628096e-01	1.282420e+01	2.440908e+00	2.799747e+00	2.873341e-01	-7.868459e-01	-1.536002e-01	9.687456e+00
6.822972e+01	-2.812408e-02	-9.618941e-01	1.281684e+01	2.467032e+00	2.812106e+00	3.100085e-01	-8.083631e-01	-1.620935e-01	9.712474e+00
7.445967e+01	4.134246e-02	-9.460010e-01	1.274820e+01	2.502705e+00	2.855374e+00	3.262365e-01	-8.162610e-01	-1.574432e-01	9.714536e+00
1.057773e+02	-1.142565e-02	-9.697478e-01	1.280023e+01	2.442145e+00	2.794611e+00	3.056709e-01	-8.504526e-01	-2.000542e-01	9.771553e+00
8.344382e+01	2.181669e-02	-9.371319e-01	1.277149e+01	2.460982e+00	2.807360e+00	3.420193e-01	-8.326640e-01	-2.443345e-01	9.762969e+00
7.075457e+01	-1.315112e-02	-9.411240e-01	1.283437e+01	2.392966e+00	2.722367e+00	3.285048e-01	-8.126756e-01	-2.893272e-01	9.758235e+00
1.069018e+02	-3.257756e-02	-9.724720e-01	1.285471e+01	2.364370e+00	2.699553e+00	2.922165e-01	-8.282193e-01	-2.682420e-01	9.833484e+00
6.755417e+01	1.212670e-02	-9.484558e-01	1.277022e+01	2.447349e+00	2.780487e+00	3.205644e-01	-8.222374e-01	-2.464991e-01	9.844964e+00
9.868028e+01	6.318063e-02	-9.167772e-01	1.276872e+01	2.431239e+00	2.755237e+00	3.146223e-01	-7.265148e-01	-2.637209e-01	9.729978e+00
8.635172e+01	-3.362452e-02	-9.285699e-01	1.287262e+01	2.344761e+00	2.655848e+00	2.961757e-01	-7.239911e-01	-2.058681e-01	9.696468e+00
8.462746e+01	-3.647632e-02	-9.472245e-01	1.287297e+01	2.329478e+00	2.651667e+00	2.897041e-01	-7.590850e-01	-1.501630e-01	9.715707e+00
7.413416e+01	4.203158e-02	-9.377311e-01	1.277185e+01	2.401115e+00	2.720234e+00	3.244329e-01	-8.018601e-01	-1.101518e-01	9.750587e+00
7.662848e+01	-1.475913e-02	-9.604181e-01	1.279615e+01	2.371623e+00	2.713549e+00	3.073567e-01	-8.307356e-01	-1.110806e-01	9.787438e+00
1.182211e+02	1.611384e-02	-9.087921e-01	1.275183e+01	2.419033e+00	2.722513e+00	3.276402e-01	-7.106415e-01	-5.001846e-02	9.683335e+00
9.412393e+01	-6.647801e-02	-9.420788e-01	1.283776e+01	2.332422e+00	2.652603e+00	2.772130e-01	-7.095925e-01	-3.295637e-02	9.665546e+00
8.486708e+01	-7.498802e-02	-9.348749e-01	1.281974e+01	2.341780e+00	2.671184e+00	2.919337e-01	-7.281998e-01	-3.053724e-02	9.645431e+00
7.600775e+01	-1.703451e-02	-9.435261e-01	1.275475e+01	2.371172e+00	2.720825e+00	2.989980e-01	-7.711211e-01	-4.035751e-02	9.673765e+00
7.131044e+01	1.167228e-02	-9.584343e-01	1.271617e+01	2.378961e+00	2.755061e+00	2.982657e-01	-8.191197e-01	-8.221397e-02	9.711616e+00
9.398641e+01	3.192396e-02	-9.327277e-01	1.266425e+01	2.436925e+00	2.795417e+00	3.388480e-01	-8.256037e-01	-1.258311e-01	9.720690e+00
2.919494e+02	-2.603942e-02	-9.766863e-01	1.275756e+01	2.326176e+00	2.698692e+00	2.905197e-01	-8.815817e-01	-1.496616e-01	9.835745e+00
7.151056e+01	-4.685068e-03	-9.272866e-01	1.272897e+01	2.368613e+00	2.702847e+00	3.203753e-01	-8.162884e-01	-2.569336e-01	9.814603e+00
8.586427e+01	-9.076034e-03	-9.170124e-01	1.273859e+01	2.368480e+00	2.665789e+00	3.247550e-01	-7.988350e-01	-2.981090e-01	9.812195e+00
1.604626e+02	-6.447155e-02	-9.802061e-01	1.278673e+01	2.311771e+00	2.627145e+00	2.501435e-01	-8.118781e-01	-2.769394e-01	9.874602e+00
1.109438e+02	-3.674773e-02	-9.097128e-01	1.273852e+01	2.365754e+00	2.657644e+00	3.183896e-01	-7.168027e-01	-3.797995e-01	9.738870e+00
1.185593e+02	-4.567942e-02	-9.503905e-01	1.276155e+01	2.318999e+00	2.619746e+00	2.654404e-01	-7.193720e-01	-3.731629e-01	9.742270e+00
9.325390e+01	2.914913e-02	-9.228747e-01	1.267110e+01	2.387396e+00	2.695978e+00	3.216080e-01	-7.540311e-01	-2.722063e-01	9.736741e+00
7.776772e+01	-2.421956e-02	-9.678814e-01	1.267103e+01	2.387040e+00	2.728728e+00	2.926507e-01	-7.941679e-01	-1.724318e-01	9.804337e+00
6.722818e+01	-6.465251e-02	-9.578610e-01	1.262876e+01	2.447609e+00	2.784105e+00	3.192628e-01	-8.094629e-01	-1.219447e-01	9.819216e+00
8.435463e+01	-4.169990e-02	-9.358250e-01	1.261188e+01	2.458022e+00	2.781335e+00	3.268602e-01	-7.853876e-01	-7.290636e-02	9.776464e+00
1.266970e+02	-1.114598e-01	-9.823751e-01	1.270048e+01	2.349065e+00	2.694643e+00	2.660871e-01	-8.040986e-01	-6.696876e-02	9.820007e+00
8.432286e+01	-3.816212e-02	-9.265548e-01	1.265230e+01	2.379801e+00	2.692592e+00	2.892432e-01	-6.923728e-01	1.106434e-02	9.705423e+00
9.269904e+01	2.088106e-02	-9.154815e-01	1.261472e+01	2.386219e+00	2.702401e+00	2.883163e-01	-6.822623e-01	4.187569e-02	9.651079e+00
8.680149e+01	-1.012576e-01	-9.318839e-01	1.270589e+01	2.344681e+00	2.620857e+00	2.839605e-01	-7.059799e-01	5.941034e-02	9.643749e+00
9.708791e+01	-1.376602e-01	-9.174267e-01	1.267855e+01	2.397501e+00	2.643392e+00	3.133874e-01	-7.328277e-01	5.987426e-02	9.632163e+00
9.028787e+01	-1.489221e-01	-9.565054e-01	1.272631e+01	2.324986e+00	2.576099e+00	2.875160e-01	-7.675982e-01	2.417933e-02	9.666419e+00
7.549860e+01	-1.115421e-01	-9.466406e-01	1.271451e+01	2.316696e+00	2.563998e+00	3.226648e-01	-7.941627e-01	-5.134185e-02	9.683090e+00
8.541423e+01	-1.862500e-02	-9.357867e-01	1.262758e+01	2.367541e+00	2.639685e+00	3.394433e-01	-8.356836e-01	-9.299133e-02	9.698114e+00
3.344150e+02	5.742216e-02	-1.011965e+00	1.259451e+01	2.321983e+00	2.652144e+00	2.560695e-01	-8.628570e-01	-2.367745e-01	9.761261e+00
1.725165e+02	6.085306e-02	-9.095662e-01	1.256654e+01	2.388101e+00	2.645729e+00	2.515802e-01	-6.080661e-01	-6.214613e-01	9.482483e+00
3.083256e+02	1.727275e-02	-8.572900e-01	1.261641e+01	2.390968e+00	2.584836e+00	3.005526e-01	-5.739027e-01	-7.640517e-01	9.367566e+00
2.941819e+02	-3.207483e-01	-9.862371e-01	1.270145e+01	2.323414e+00	2.740985e+00	2.012621e-01	-6.445684e-01	-5.292611e-01	9.412021e+00
1.485549e+02	-4.011101e-01	-9.334875e-01	1.255821e+01	2.477795e+00	3.029811e+00	3.589729e-01	-7.155154e-01	-2.877305e-01	9.429688e+00
1.095985e+02	-4.056606e-01	-9.522876e-01	1.255716e+01	2.449262e+00	3.098588e+00	3.557488e-01	-7.585718e-01	-1.533915e-01	9.458452e+00
1.680547e+02	-4.000134e-01	-1.021212e+00	1.261445e+01	2.339325e+00	3.068566e+00	2.668826e-01	-7.862378e-01	-9.264881e-02	9.506080e+00
1.450431e+02	-2.684921e-01	-1.010460e+00	1.253273e+01	2.362829e+00	3.142391e+00	2.623863e-01	-7.712987e-01	-7.255899e-02	9.504873e+00
9.169246e+01	-1.258111e-01	-9.775868e-01	1.239195e+01	2.460226e+00	3.236779e+00	2.898512e-01	-7.808698e-01	-7.711179e-02	9.511345e+00
1.111108e+02	-1.429657e-01	-9.433108e-01	1.249386e+01	2.425193e+00	3.139702e+00	3.433192e-01	-8.000568e-01	-9.009738e-02	9.520158e+00
1.384369e+02	-2.234398e-01	-1.000243e+00	1.273022e+01	2.229606e+00	2.930160e+00	2.841830e-01	-8.261184e-01	-1.218005e-01	9.576660e+00
9.395331e+01	-1.804889e-01	-9.435557e-01	1.273391e+01	2.255452e+00	2.914330e+00	3.559170e-01	-8.119163e-01	-1.519742e-01	9.570340e+00
9.067578e+01	-1.213251e-01	-9.780697e-01	1.271754e+01	2.258969e+00	2.914452e+00	2.942157e-01	-8.161832e-01	-1.691004e-01	9.608802e+00
9.503005e+01	-3.941520e-02	-9.820148e-01	1.264300e+01	2.311621e+00	2.961807e+00	2.879830e-01	-8.253771e-01	-1.867706e-01	9.668057e+00
1.494240e+02	3.095269e-02	-9.112063e-01	1.255788e+01	2.408977e+00	2.991170e+00	3.277673e-01	-7.078287e-01	-2.223321e-01	9.554664e+00
9.487113e+01	-9.199290e-02	-9.408629e-01	1.272689e+01	2.285951e+00	2.858998e+00	2.847377e-01	-6.979334e-01	-2.142755e-01	9.533428e+00
8.871286e+01	-9.272671e-02	-9.472961e-01	1.273983e+01	2.269518e+00	2.855800e+00	2.901009e-01	-7.374316e-01	-1.507094e-01	9.532352e+00
8.324687e+01	-8.959600e-02	-9.385382e-01	1.272075e+01	2.302627e+00	2.875980e+00	3.218542e-01	-7.734181e-01	-1.105094e-01	9.549657e+00
7.858652e+01	-9.874252e-02	-9.607290e-01	1.271308e+01	2.307323e+00	2.880368e+00	3.000241e-01	-7.951596e-01	-9.143315e-02	9.577648e+00
7.974932e+01	-4.597143e-02	-9.445429e-01	1.265496e+01	2.360771e+00	2.918115e+00	3.297939e-01	-8.125334e-01	-9.321371e-02	9.600432e+00
7.315665e+01	-7.733762e-02	-9.480005e-01	1.268964e+01	2.347647e+00	2.872110e+00	3.316376e-01	-8.362163e-01	-1.216482e-01	9.632469e+00
1.128586e+02	-7.011978e-02	-9.828771e-01	1.270529e+01	2.314041e+00	2.840922e+00	2.820047e-01	-8.328806e-01	-1.467346e-01	9.676697e+00
1.888529e+02	1.830070e-02	-9.067465e-01	1.260796e+01	2.411410e+00	2.891563e+00	3.588421e-01	-7.598096e-01	-1.631223e-01	9.609240e+00
8.659776e+01	-1.918099e-01	-9.542835e-01	1.283952e+01	2.267544e+00	2.701497e+00	3.150729e-01	-7.553508e-01	-1.757176e-01	9.632042e+00
1.015280e+02	-2.082077e-01	-9.723864e-01	1.287260e+01	2.253691e+00	2.678495e+00	3.000302e-01	-7.716900e-01	-1.738409e-01	9.659826e+00
7.365579e+01	-1.506602e-01	-9.571609e-01	1.282036e+01	2.302267e+00	2.728889e+00	3.306349e-01	-8.075060e-01	-1.575449e-01	9.690369e+00
7.391813e+01	-6.547604e-02	-9.460764e-01	1.274300e+01	2.353550e+00	2.785578e+00	3.399824e-01	-8.181964e-01	-1.632658e-01	9.716047e+00
1.278580e+02	-7.022400e-03	-9.802943e-01	1.271069e+01	2.341195e+00	2.803303e+00	2.916082e-01	-8.423887e-01	-1.840621e-01	9.772289e+00
4.416009e+02	1.175072e-01	-8.404837e-01	1.259013e+01	2.468581e+00	2.868213e+00	3.298624e-01	-5.551309e-01	-2.596078e-01	9.451243e+00
5.876713e+02	-2.768461e-01	-1.015307e+00	1.309382e+01	2.035330e+00	2.451135e+00	1.095222e-01	-5.401416e-01	-2.216585e-01	9.400553e+00
3.508850e+02	-3.998097e-01	-1.000999e+00	1.324840e+01	1.917509e+00	2.341972e+00	2.064132e-01	-5.986750e-01	-1.237162e-01	9.369633e+00
1.506585e+02	-3.976115e-01	-9.356091e-01	1.325164e+01	1.919667e+00	2.356098e+00	3.502239e-01	-6.721960e-01	3.779551e-04	9.358756e+00
1.471921e+02	-3.439428e-01	-9.358226e-01	1.320739e+01	1.948377e+00	2.402377e+00	3.554434e-01	-7.203333e-01	5.588918e-02	9.370065e+00
1.308821e+02	-2.452840e-01	-9.630589e-01	1.313097e+01	1.998982e+00	2.476425e+00	3.123048e-01	-7.526217e-01	7.669562e-02	9.394239e+00
1.123820e+02	-1.390782e-01	-9.618314e-01	1.303133e+01	2.069463e+00	2.560533e+00	3.145181e-01	-7.802662e-01	6.705452e-02	9.418345e+00
9.547261e+01	-7.821562e-03	-9.395658e-01	1.290425e+01	2.166390e+00	2.665540e+00	3.325943e-01	-7.930768e-01	3.891778e-02	9.434633e+00
8.365222e+01	1.031096e-01	-9.574344e-01	1.280246e+01	2.229429e+00	2.738253e+00	3.017949e-01	-8.108837e-01	2.136118e-03	9.464608e+00
8.652905e+01	1.406184e-01	-9.412887e-01	1.271504e+01	2.311602e+00	2.822245e+00	3.280659e-01	-8.211681e-01	-4.992155e-02	9.491524e+00
8.793096e+01	7.524902e-02	-9.380874e-01	1.271236e+01	2.364274e+00	2.838582e+00	3.294677e-01	-8.253173e-01	-9.057379e-02	9.512415e+00
1.362590e+02	-1.554075e-02	-9.955114e-01	1.278684e+01	2.295487e+00	2.788471e+00	2.703773e-01	-8.270019e-01	-1.394287e-01	9.579567e+00
8.088208e+01	-3.445293e-02	-9.691353e-01	1.276512e+01	2.335171e+00	2.813307e+00	2.988547e-01	-8.027791e-01	-1.740234e-01	9.583656e+00
1.337949e+02	2.209869e-02	-9.243299e-01	1.267398e+01	2.422072e+00	2.888100e+00	3.568075e-01	-8.423938e-01	-1.886164e-01	9.589636e+00
1.165025e+02	-9.418397e-02	-9.775543e-01	1.282045e+01	2.274981e+00	2.734571e+00	2.878126e-01	-8.559462e-01	-2.048216e-01	9.623957e+00
1.255712e+02	-7.599257e-02	-9.072567e-01	1.280936e+01	2.276387e+00	2.713937e+00	3.186872e-01	-7.096097e-01	-3.387600e-01	9.474711e+00
1.219418e+02	-4.685521e-02	-9.370500e-01	1.280828e+01	2.242420e+00	2.698733e+00	2.638825e-01	-6.959110e-01	-3.288401e-01	9.431982e+00
9.796066e+01	-2.169620e-02	-9.431771e-01	1.273636e+01	2.294384e+00	2.763712e+00	2.801335e-01	-7.267684e-01	-2.431807e-01	9.434459e+00
9.579358e+01	-1.642156e-02	-9.329723e-01	1.265147e+01	2.394782e+00	2.854605e+00	3.211793e-01	-7.691126e-01	-1.396399e-01	9.460268e+00
8.003339e+01	-3.402888e-02	-9.656336e-01	1.268620e+01	2.348356e+00	2.829049e+00	2.976801e-01	-7.967270e-01	-8.582970e-02	9.495808e+00
7.959159e+01	-4.137634e-02	-9.723405e-01	1.269861e+01	2.327588e+00	2.823917e+00	3.038621e-01	-8.128393e-01	-5.870169e-02	9.523869e+00
8.413455e+01	-6.697096e-03	-9.475628e-01	1.263903e+01	2.383990e+00	2.862970e+00	3.346251e-01	-8.185295e-01	-7.594857e-02	9.539947e+00
7.788629e+01	-8.440163e-05	-9.519641e-01	1.261055e+01	2.413244e+00	2.883857e+00	3.270904e-01	-8.232517e-01	-1.149684e-01	9.580949e+00
1.042156e+02	-8.363438e-02	-9.858586e-01	1.270615e+01	2.330398e+00	2.780460e+00	2.852339e-01	-8.202647e-01	-1.448072e-01	9.647900e+00
7.008786e+01	-7.251154e-02	-9.628187e-01	1.269299e+01	2.339290e+00	2.773156e+00	3.089969e-01	-8.110630e-01	-1.841545e-01	9.662041e+00
7.999675e+01	-4.734622e-02	-9.414344e-01	1.265592e+01	2.376329e+00	2.792895e+00	3.386829e-01	-8.188539e-01	-2.025980e-01	9.683513e+00
1.047017e+02	-8.855136e-02	-9.720760e-01	1.269919e+01	2.336679e+00	2.736547e+00	3.170156e-01	-8.480378e-01	-2.257218e-01	9.769527e+00
6.871513e+01	-6.445226e-02	-9.519024e-01	1.267737e+01	2.355604e+00	2.743973e+00	3.353806e-01	-8.265500e-01	-2.744201e-01	9.784312e+00
8.816776e+01	-7.751018e-02	-9.290289e-01	1.270095e+01	2.334374e+00	2.698443e+00	3.206404e-01	-7.562640e-01	-3.187928e-01	9.701001e+00
8.645471e+01	-4.959872e-02	-9.550463e-01	1.268258e+01	2.332105e+00	2.709038e+00	2.868833e-01	-7.580039e-01	-2.822384e-01	9.711547e+00
7.125971e+01	-5.403096e-03	-9.482904e-01	1.262120e+01	2.371789e+00	2.754775e+00	3.090367e-01	-7.811180e-01	-2.135993e-01	9.724048e+00
6.813781e+01	-4.935217e-03	-9.517954e-01	1.259200e+01	2.398210e+00	2.789101e+00	3.211523e-01	-8.146121e-01	-1.713445e-01	9.757880e+00
7.643121e+01	-2.418685e-02	-9.421362e-01	1.260905e+01	2.382959e+00	2.776546e+00	3.309933e-01	-8.061468e-01	-1.543948e-01	9.747309e+00
9.200537e+01	-9.399105e-02	-9.737577e-01	1.267763e+01	2.332215e+00	2.705939e+00	2.854367e-01	-8.023020e-01	-1.515317e-01	9.775669e+00
7.500051e+01	-6.799089e-02	-9.368127e-01	1.263860e+01	2.377988e+00	2.739017e+00	3.149622e-01	-7.708503e-01	-1.628136e-01	9.742347e+00
7.723013e+01	-8.148279e-02	-9.316319e-01	1.265692e+01	2.370353e+00	2.711009e+00	3.173335e-01	-7.775961e-01	-1.662092e-01	9.737604e+00
7.636524e+01	-9.828214e-02	-9.561868e-01	1.269500e+01	2.324654e+00	2.668564e+00	2.936703e-01	-7.876435e-01	-1.725505e-01	9.764369e+00
7.974585e+01	-6.706499e-02	-9.499855e-01	1.265116e+01	2.366404e+00	2.712641e+00	3.247402e-01	-8.452702e-01	-1.785931e-01	9.816281e+00
1.281754e+02	-5.653009e-02	-8.933144e-01	1.267907e+01	2.353915e+00	2.651944e+00	3.118763e-01	-6.530525e-01	-1.388420e-01	9.617752e+00
9.642857e+01	-6.079339e-02	-9.184161e-01	1.269108e+01	2.331180e+00	2.634966e+00	2.678865e-01	-6.355526e-01	-8.758175e-02	9.558939e+00
1.129370e+02	-2.568001e-02	-9.445972e-01	1.266036e+01	2.324704e+00	2.657262e+00	2.486234e-01	-6.707916e-01	-4.122694e-02	9.546986e+00
1.006659e+02	-3.810796e-02	-9.218214e-01	1.262375e+01	2.381354e+00	2.695404e+00	3.146590e-01	-7.135603e-01	-2.841657e-03	9.542339e+00
8.563453e+01	-1.351519e-01	-9.571546e-01	1.270743e+01	2.321774e+00	2.622055e+00	2.978462e-01	-7.604158e-01	6.583720e-04	9.578545e+00
7.588661e+01	-1.014975e-01	-9.519597e-01	1.267444e+01	2.335678e+00	2.648218e+00	3.216749e-01	-7.909790e-01	-2.940745e-02	9.606197e+00
8.186028e+01	-5.754824e-02	-9.411665e-01	1.263642e+01	2.360832e+00	2.664837e+00	3.311287e-01	-8.005707e-01	-5.931136e-02	9.614611e+00
9.873474e+01	-5.494121e-02	-9.815908e-01	1.264694e+01	2.317731e+00	2.649444e+00	2.858832e-01	-8.194218e-01	-9.734961e-02	9.671722e+00
7.085663e+01	7.657224e-03	-9.556775e-01	1.257642e+01	2.379652e+00	2.699584e+00	3.068685e-01	-7.976533e-01	-1.412808e-01	9.670512e+00
6.923723e+01	-2.363627e-02	-9.550530e-01	1.260047e+01	2.359001e+00	2.686585e+00	3.107809e-01	-7.912615e-01	-1.648865e-01	9.714202e+00
6.811719e+01	-4.697645e-04	-9.554909e-01	1.256369e+01	2.389924e+00	2.725319e+00	3.184831e-01	-8.198137e-01	-1.709106e-01	9.787236e+00
1.147607e+02	-9.856213e-02	-9.696563e-01	1.264581e+01	2.339027e+00	2.648916e+00	3.089222e-01	-8.373008e-01	-2.167046e-01	9.864830e+00
1.181651e+02	-9.217713e-02	-9.035222e-01	1.265512e+01	2.343702e+00	2.612713e+00	3.227833e-01	-6.932027e-01	-2.594737e-01	9.715105e+00
9.334075e+01	-1.192036e-01	-9.153408e-01	1.267202e+01	2.327604e+00	2.590626e+00	2.990075e-01	-6.916998e-01	-2.051036e-01	9.674564e+00
8.447961e+01	-1.242324e-01	-9.237633e-01	1.264349e+01	2.358803e+00	2.614455e+00	3.006318e-01	-7.291227e-01	-1.476074e-01	9.673212e+00
9.762557e+01	-1.131299e-01	-9.594268e-01	1.265071e+01	2.320073e+00	2.597339e+00	2.708150e-01	-7.568553e-01	-1.087558e-01	9.695209e+00
7.985109e+01	-7.411352e-02	-9.591203e-01	1.260843e+01	2.349429e+00	2.618723e+00	2.859594e-01	-7.878703e-01	-8.567804e-02	9.710152e+00
1.035082e+02	-1.533684e-02	-9.297437e-01	1.252521e+01	2.411167e+00	2.690983e+00	3.411020e-01	-8.125580e-01	-9.335902e-02	9.726156e+00
7.819797e+01	-1.824181e-01	-9.599939e-01	1.270340e+01	2.284042e+00	2.528152e+00	3.081822e-01	-8.171615e-01	-1.217967e-01	9.748972e+00
9.927505e+01	-1.526615e-01	-9.695585e-01	1.268617e+01	2.279849e+00	2.538044e+00	3.079046e-01	-8.409794e-01	-1.343182e-01	9.758578e+00
1.395815e+02	-5.756881e-02	-9.108614e-01	1.260624e+01	2.350532e+00	2.601762e+00	3.515922e-01	-7.692802e-01	-8.499075e-02	9.664829e+00
2.641649e+02	-1.551860e-01	-1.015754e+00	1.272474e+01	2.211692e+00	2.477975e+00	2.175766e-01	-7.691196e-01	-9.244526e-02	9.696490e+00
8.606074e+01	-1.222393e-01	-9.803688e-01	1.264036e+01	2.287227e+00	2.547250e+00	3.215561e-01	-8.229226e-01	-1.238479e-01	9.745769e+00
1.981008e+02	-3.630448e-02	-9.024235e-01	1.255583e+01	2.354274e+00	2.586675e+00	3.664127e-01	-7.003941e-01	-7.320103e-02	9.625834e+00
1.247592e+02	-1.030426e-01	-9.686895e-01	1.264252e+01	2.268556e+00	2.457768e+00	2.633685e-01	-6.887378e-01	-4.296258e-02	9.624749e+00
8.397803e+01	-9.085241e-02	-9.393097e-01	1.261114e+01	2.314427e+00	2.476747e+00	3.170239e-01	-7.190154e-01	-3.259257e-02	9.617796e+00
7.673954e+01	-8.048310e-02	-9.485222e-01	1.255143e+01	2.369346e+00	2.530772e+00	3.074245e-01	-7.550397e-01	-3.800679e-02	9.635777e+00
7.497259e+01	-6.473728e-02	-9.467229e-01	1.254716e+01	2.363540e+00	2.518972e+00	3.180799e-01	-7.793112e-01	-5.252678e-02	9.655087e+00
7.513223e+01	-6.259764e-02	-9.664196e-01	1.253242e+01	2.361140e+00	2.534542e+00	2.991513e-01	-7.998788e-01	-6.637674e-02	9.690873e+00
7.747929e+01	-6.051698e-02	-9.431112e-01	1.252110e+01	2.383367e+00	2.528791e+00	3.296626e-01	-8.012525e-01	-9.618315e-02	9.693747e+00
8.614920e+01	-1.231053e-01	-9.726053e-01	1.258601e+01	2.324826e+00	2.442092e+00	2.939213e-01	-8.150510e-01	-1.363357e-01	9.731116e+00
1.243940e+02	-8.872222e-02	-9.160344e-01	1.254133e+01	2.377618e+00	2.478833e+00	3.466469e-01	-7.762673e-01	-1.704367e-01	9.663704e+00
1.548590e+02	-2.094824e-01	-9.883626e-01	1.266370e+01	2.251787e+00	2.344300e+00	2.567749e-01	-7.793839e-01	-1.874809e-01	9.713185e+00
7.371716e+01	-1.372523e-01	-9.574237e-01	1.258131e+01	2.301209e+00	2.412600e+00	3.069618e-01	-7.889147e-01	-1.769290e-01	9.717317e+00
8.502662e+01	-7.522859e-02	-9.398216e-01	1.251885e+01	2.347960e+00	2.457682e+00	3.501848e-01	-8.403889e-01	-1.671137e-01	9.782583e+00
2.206854e+02	-5.061041e-02	-9.809347e-01	1.248541e+01	2.354871e+00	2.489957e+00	3.070045e-01	-8.571976e-01	-2.234864e-01	9.889816e+00
1.826917e+02	-3.044722e-06	-8.905185e-01	1.241558e+01	2.436870e+00	2.510086e+00	3.200105e-01	-6.364162e-01	-3.665028e-01	9.692422e+00
1.440252e+02	-1.944279e-01	-9.332848e-01	1.266427e+01	2.243657e+00	2.264874e+00	2.586707e-01	-6.106359e-01	-3.799035e-01	9.648283e+00
1.321082e+02	-2.632784e-01	-9.428515e-01	1.272727e+01	2.205851e+00	2.217092e+00	2.710379e-01	-6.554801e-01	-2.793994e-01	9.636889e+00
1.240561e+02	-1.753756e-01	-9.101772e-01	1.264275e+01	2.261055e+00	2.315986e+00	3.410300e-01	-7.116355e-01	-1.464029e-01	9.626639e+00
1.461166e+02	-1.125243e-01	-9.869210e-01	1.260752e+01	2.249545e+00	2.346116e+00	2.577422e-01	-7.509799e-01	-6.255802e-02	9.676614e+00
7.860337e+01	-1.996465e-02	-9.698697e-01	1.250133e+01	2.335402e+00	2.461579e+00	2.994952e-01	-7.809168e-01	-2.017444e-02	9.693467e+00
8.108670e+01	-6.359322e-02	-9.501490e-01	1.247181e+01	2.400644e+00	2.514080e+00	3.425262e-01	-8.160164e-01	-4.719973e-02	9.722072e+00
7.560405e+01	-7.528504e-02	-9.485886e-01	1.249800e+01	2.376443e+00	2.476383e+00	3.372693e-01	-8.187069e-01	-7.725119e-02	9.731039e+00
7.577371e+01	-7.723292e-02	-9.692489e-01	1.250180e+01	2.355518e+00	2.473302e+00	3.013082e-01	-8.189910e-01	-1.066814e-01	9.751364e+00
7.262427e+01	-8.654366e-02	-9.437313e-01	1.251835e+01	2.356597e+00	2.436239e+00	3.022969e-01	-7.773189e-01	-1.334924e-01	9.689601e+00
7.135942e+01	-1.272729e-01	-9.411256e-01	1.253468e+01	2.364285e+00	2.415197e+00	3.065328e-01	-7.899442e-01	-1.460902e-01	9.700404e+00
6.941651e+01	-9.826866e-02	-9.425468e-01	1.252299e+01	2.363074e+00	2.414173e+00	3.035006e-01	-8.005380e-01	-1.516961e-01	9.710795e+00
6.796137e+01	-5.078566e-02	-9.484546e-01	1.249291e+01	2.372510e+00	2.433863e+00	2.998887e-01	-8.046938e-01	-1.567614e-01	9.730979e+00
6.703073e+01	-8.915859e-02	-9.428037e-01	1.251035e+01	2.373536e+00	2.416749e+00	3.153104e-01	-8.140727e-01	-1.597011e-01	9.740601e+00
7.620141e+01	-1.668870e-01	-9.343398e-01	1.253600e+01	2.383821e+00	2.398372e+00	3.310958e-01	-8.194284e-01	-1.660785e-01	9.748108e+00
2.392403e+02	-1.631699e-01	-9.926681e-01	1.256527e+01	2.328346e+00	2.362591e+00	2.655809e-01	-8.457225e-01	-2.067965e-01	9.830339e+00
7.517551e+01	-4.307127e-02	-9.435491e-01	1.244022e+01	2.397108e+00	2.471749e+00	3.330244e-01	-8.293707e-01	-2.587462e-01	9.819713e+00
9.461957e+01	-4.749034e-02	-9.250349e-01	1.247552e+01	2.338027e+00	2.415697e+00	3.304342e-01	-7.594361e-01	-2.994962e-01	9.755380e+00
7.844973e+01	-9.542364e-02	-9.467544e-01	1.252020e+01	2.291486e+00	2.356392e+00	2.987723e-01	-7.591947e-01	-2.853725e-01	9.760683e+00
9.134801e+01	-1.281491e-01	-9.697191e-01	1.253530e+01	2.267351e+00	2.348855e+00	2.855881e-01	-7.880022e-01	-2.132323e-01	9.803213e+00
7.934870e+01	-7.565628e-02	-9.361014e-01	1.248401e+01	2.301772e+00	2.406468e+00	3.415000e-01	-8.018264e-01	-1.711697e-01	9.798738e+00
1.111640e+02	-9.937668e-02	-9.243492e-01	1.245523e+01	2.334948e+00	2.446066e+00	3.509205e-01	-8.689691e-01	-2.186150e-01	9.806908e+00
1.091746e+02	-7.990190e-02	-9.061010e-01	1.245005e+01	2.327227e+00	2.432761e+00	3.169778e-01	-7.536247e-01	-2.477494e-01	9.693448e+00
1.747731e+02	-2.238610e-01	-9.668636e-01	1.258528e+01	2.203583e+00	2.287142e+00	2.317422e-01	-7.359977e-01	-2.515389e-01	9.683322e+00
9.134136e+01	-2.305977e-01	-9.240630e-01	1.255588e+01	2.247286e+00	2.338116e+00	3.265093e-01	-7.586545e-01	-1.766619e-01	9.669927e+00
7.214686e+01	-1.738326e-01	-9.462249e-01	1.252198e+01	2.253742e+00	2.366606e+00	3.126011e-01	-7.887379e-01	-1.318706e-01	9.717317e+00
6.953606e+01	-1.000291e-01	-9.565487e-01	1.247275e+01	2.273078e+00	2.413332e+00	3.039468e-01	-8.002129e-01	-1.162493e-01	9.745187e+00
7.544941e+01	-6.262288e-02	-9.544745e-01	1.242172e+01	2.310534e+00	2.454463e+00	3.183183e-01	-8.399771e-01	-1.550654e-01	9.801286e+00
1.778676e+02	5.739433e-03	-8.967024e-01	1.235818e+01	2.369274e+00	2.483870e+00	3.375025e-01	-7.280842e-01	-1.331218e-01	9.687189e+00
1.168203e+02	-3.193121e-01	-9.562693e-01	1.264604e+01	2.162437e+00	2.211307e+00	2.811500e-01	-7.228239e-01	-1.167530e-01	9.692986e+00
1.015584e+02	-3.520755e-01	-9.477783e-01	1.268211e+01	2.133918e+00	2.199836e+00	3.033810e-01	-7.455065e-01	-9.943576e-02	9.693857e+00
8.989086e+01	-3.050033e-01	-9.360929e-01	1.265840e+01	2.154955e+00	2.234905e+00	3.302634e-01	-7.757902e-01	-8.978499e-02	9.714767e+00
9.057317e+01	-1.872033e-01	-9.263300e-01	1.257018e+01	2.219928e+00	2.329617e+00	3.414615e-01	-7.901849e-01	-1.018432e-01	9.739041e+00
1.737965e+02	-1.206061e-01	-9.904957e-01	1.255877e+01	2.184282e+00	2.344107e+00	2.580403e-01	-8.142788e-01	-1.183611e-01	9.814281e+00
9.730422e+01	-1.337001e-02	-9.112745e-01	1.244381e+01	2.272432e+00	2.421489e+00	2.815841e-01	-6.530455e-01	-1.511540e-01	9.634851e+00
1.185492e+02	-4.677607e-02	-8.948387e-01	1.244973e+01	2.269013e+00	2.433991e+00	2.970089e-01	-6.464937e-01	-1.171497e-01	9.564251e+00
9.918984e+01	-1.423747e-01	-9.072996e-01	1.250040e+01	2.246488e+00	2.417392e+00	2.959271e-01	-6.776054e-01	-9.131593e-02	9.544883e+00
1.327568e+02	-2.107083e-01	-9.631617e-01	1.254852e+01	2.196506e+00	2.385552e+00	2.530135e-01	-7.221904e-01	-4.559056e-02	9.573653e+00
8.325774e+01	-1.965491e-01	-9.479270e-01	1.249939e+01	2.256855e+00	2.450661e+00	2.927215e-01	-7.579278e-01	-2.708297e-02	9.582385e+00
8.090531e+01	-1.167370e-01	-9.376389e-01	1.242968e+01	2.296340e+00	2.513449e+00	3.180927e-01	-7.867707e-01	-3.313107e-02	9.599469e+00
9.478502e+01	-1.249810e-01	-9.787542e-01	1.245472e+01	2.247682e+00	2.504340e+00	2.830479e-01	-8.032993e-01	-7.687419e-02	9.634902e+00
6.774910e+01	-9.082658e-02	-9.600027e-01	1.242414e+01	2.274528e+00	2.523579e+00	3.244557e-01	-8.306897e-01	-1.364207e-01	9.663058e+00
9.497509e+01	-9.855070e-02	-9.363937e-01	1.241419e+01	2.307011e+00	2.519111e+00	3.490012e-01	-8.218417e-01	-1.713890e-01	9.663639e+00
1.621715e+02	-1.604656e-01	-9.944492e-01	1.250791e+01	2.203977e+00	2.409084e+00	2.768481e-01	-8.318127e-01	-2.051019e-01	9.747515e+00
1.168962e+02	-1.369352e-01	-9.145895e-01	1.247428e+01	2.236801e+00	2.411313e+00	3.340417e-01	-7.132660e-01	-2.846632e-01	9.623742e+00
8.935721e+01	-9.238278e-02	-9.380730e-01	1.242829e+01	2.251035e+00	2.445426e+00	2.930294e-01	-7.113742e-01	-2.626924e-01	9.598705e+00
8.389894e+01	-8.272426e-02	-9.370265e-01	1.237874e+01	2.295584e+00	2.508647e+00	3.076655e-01	-7.449649e-01	-1.842127e-01	9.597464e+00
8.277060e+01	-1.587815e-01	-9.643490e-01	1.243781e+01	2.253488e+00	2.447211e+00	2.921455e-01	-7.757889e-01	-1.333204e-01	9.625384e+00
6.940439e+01	-1.282609e-01	-9.643504e-01	1.239321e+01	2.268325e+00	2.481183e+00	3.093471e-01	-8.094569e-01	-1.167334e-01	9.660491e+00
7.336348e+01	-1.397878e-01	-9.539379e-01	1.237293e+01	2.309900e+00	2.493018e+00	3.344743e-01	-8.441742e-01	-1.501783e-01	9.686630e+00
8.271580e+01	-1.226654e-01	-9.729391e-01	1.237937e+01	2.290082e+00	2.473124e+00	3.005368e-01	-8.329345e-01	-1.764491e-01	9.708556e+00
1.414335e+02	-1.173151e-01	-9.009501e-01	1.236985e+01	2.331151e+00	2.444708e+00	3.215912e-01	-6.797822e-01	-2.135039e-01	9.543935e+00
9.466573e+01	-2.122203e-01	-9.262618e-01	1.244690e+01	2.267251e+00	2.369847e+00	2.918947e-01	-6.695286e-01	-1.792600e-01	9.507342e+00
1.024710e+02	-2.473303e-01	-9.483943e-01	1.249592e+01	2.224587e+00	2.310886e+00	2.794619e-01	-6.985627e-01	-1.337818e-01	9.501451e+00
8.579532e+01	-1.810836e-01	-9.379869e-01	1.244719e+01	2.263163e+00	2.355027e+00	3.147550e-01	-7.364615e-01	-7.145854e-02	9.507839e+00
8.399611e+01	-1.503049e-01	-9.399163e-01	1.242413e+01	2.266521e+00	2.385059e+00	3.266218e-01	-7.804347e-01	-5.333479e-02	9.529770e+00
9.991127e+01	-1.815141e-01	-9.776897e-01	1.245962e+01	2.222980e+00	2.351928e+00	2.853878e-01	-7.964624e-01	-5.200031e-02	9.561253e+00
8.331945e+01	-1.119218e-01	-9.437083e-01	1.238541e+01	2.272579e+00	2.411394e+00	3.360689e-01	-8.038219e-01	-6.893036e-02	9.569502e+00
7.606718e+01	-1.016137e-01	-9.479472e-01	1.238616e+01	2.265341e+00	2.383346e+00	3.297659e-01	-8.067690e-01	-9.144166e-02	9.589153e+00
8.664028e+01	-1.338694e-01	-9.765143e-01	1.240723e+01	2.237643e+00	2.362931e+00	2.912361e-01	-8.146447e-01	-1.166722e-01	9.619495e+00
7.213804e+01	-7.049611e-02	-9.554351e-01	1.234690e+01	2.281789e+00	2.414075e+00	3.076574e-01	-7.938895e-01	-1.455374e-01	9.610978e+00
7.288199e+01	-1.487144e-01	-9.463546e-01	1.239118e+01	2.276258e+00	2.364824e+00	3.173268e-01	-7.961505e-01	-1.521601e-01	9.613134e+00
7.532293e+01	-1.557336e-01	-9.417043e-01	1.237446e+01	2.308097e+00	2.382288e+00	3.245749e-01	-8.068318e-01	-1.608739e-01	9.634186e+00
1.108077e+02	-2.044216e-01	-9.813576e-01	1.243738e+01	2.248981e+00	2.312505e+00	2.798558e-01	-8.269224e-01	-1.663656e-01	9.674974e+00
1.243701e+02	-1.735341e-01	-9.173981e-01	1.241771e+01	2.282582e+00	2.310336e+00	3.521249e-01	-7.866897e-01	-2.038342e-01	9.626543e+00
7.723571e+01	-1.678492e-01	-9.411291e-01	1.244077e+01	2.233546e+00	2.279847e+00	3.296578e-01	-7.890501e-01	-2.023925e-01	9.657451e+00
7.097730e+01	-1.632797e-01	-9.490247e-01	1.243244e+01	2.226885e+00	2.298225e+00	3.193574e-01	-7.974175e-01	-1.915898e-01	9.671734e+00
9.303395e+01	-1.174046e-01	-9.760115e-01	1.240408e+01	2.223321e+00	2.312756e+00	2.931606e-01	-8.200978e-01	-1.769163e-01	9.755259e+00
1.272653e+02	-6.683579e-02	-9.197946e-01	1.232868e+01	2.298543e+00	2.392714e+00	3.523507e-01	-7.785662e-01	-1.696366e-01	9.716363e+00
7.403842e+01	-1.694895e-01	-9.532263e-01	1.246706e+01	2.174240e+00	2.254032e+00	3.153108e-01	-7.745445e-01	-1.793957e-01	9.746443e+00
6.783052e+01	-1.595250e-01	-9.538796e-01	1.245030e+01	2.167469e+00	2.272857e+00	3.219859e-01	-8.014951e-01	-1.787980e-01	9.774801e+00
7.175707e+01	-1.372732e-01	-9.599974e-01	1.243357e+01	2.175080e+00	2.275307e+00	3.150069e-01	-8.155607e-01	-1.853645e-01	9.809369e+00
7.410619e+01	-1.228937e-01	-9.600786e-01	1.240305e+01	2.205663e+00	2.285586e+00	3.126645e-01	-8.202623e-01	-2.028601e-01	9.833719e+00
1.504633e+02	-5.871413e-02	-8.980430e-01	1.233585e+01	2.269082e+00	2.335228e+00	3.377093e-01	-7.181748e-01	-2.210312e-01	9.705768e+00
2.765961e+02	-2.128182e-01	-9.974763e-01	1.249818e+01	2.105392e+00	2.158948e+00	2.004795e-01	-7.229713e-01	-1.786162e-01	9.727544e+00
1.901949e+02	-1.848770e-01	-9.920805e-01	1.243753e+01	2.140324e+00	2.204448e+00	2.337111e-01	-7.628165e-01	-1.239030e-01	9.748010e+00
9.155326e+01	-1.455823e-01	-9.308542e-01	1.235514e+01	2.229401e+00	2.284995e+00	3.492441e-01	-8.063998e-01	-9.232081e-02	9.756118e+00
6.706444e+01	-1.113482e-01	-9.556473e-01	1.234586e+01	2.202950e+00	2.280040e+00	3.235391e-01	-8.223857e-01	-9.570969e-02	9.798354e+00
7.202564e+01	-1.575209e-01	-9.446381e-01	1.236869e+01	2.199153e+00	2.243130e+00	3.164814e-01	-7.691289e-01	-4.637549e-02	9.763836e+00
7.012673e+01	-1.157028e-01	-9.460803e-01	1.232607e+01	2.217668e+00	2.274813e+00	3.104116e-01	-7.781271e-01	-5.840934e-02	9.772873e+00
7.478894e+01	-1.090860e-01	-9.346705e-01	1.231542e+01	2.220340e+00	2.285316e+00	3.231671e-01	-7.843456e-01	-7.991236e-02	9.772849e+00
8.802442e+01	-1.542950e-01	-9.658013e-01	1.232891e+01	2.220064e+00	2.266597e+00	2.890003e-01	-8.188254e-01	-1.074661e-01	9.830273e+00
8.199446e+01	-1.405259e-01	-9.243945e-01	1.230134e+01	2.250686e+00	2.278435e+00	3.028638e-01	-7.185410e-01	-4.712048e-02	9.738155e+00
1.061128e+02	-1.663374e-01	-9.059476e-01	1.230201e+01	2.272948e+00	2.258036e+00	3.154636e-01	-7.162817e-01	-3.486271e-02	9.692879e+00
1.145034e+02	-1.992267e-01	-9.556290e-01	1.238411e+01	2.168943e+00	2.148884e+00	2.566404e-01	-7.473443e-01	-3.886456e-02	9.706284e+00
7.749419e+01	-1.862119e-01	-9.456269e-01	1.236960e+01	2.182814e+00	2.155658e+00	2.913629e-01	-7.871467e-01	-7.041229e-02	9.715425e+00
7.583770e+01	-1.885004e-01	-9.329698e-01	1.233472e+01	2.220948e+00	2.205791e+00	3.332081e-01	-8.279730e-01	-1.065674e-01	9.746151e+00
6.549215e+01	-1.268104e-01	-9.445439e-01	1.230259e+01	2.229568e+00	2.223596e+00	3.141172e-01	-8.270637e-01	-1.533944e-01	9.768406e+00
7.916778e+01	-9.596099e-02	-9.635455e-01	1.226977e+01	2.245205e+00	2.256610e+00	2.858544e-01	-8.124293e-01	-1.965273e-01	9.789908e+00
1.046801e+02	-1.051298e-01	-9.174353e-01	1.224920e+01	2.297153e+00	2.263955e+00	3.264814e-01	-7.595433e-01	-2.228821e-01	9.711009e+00
8.408994e+01	-2.103456e-01	-9.258517e-01	1.237182e+01	2.207596e+00	2.148764e+00	3.210845e-01	-7.671768e-01	-2.189135e-01	9.693318e+00
1.252091e+02	-2.462948e-01	-9.781591e-01	1.240855e+01	2.175765e+00	2.114682e+00	2.672012e-01	-7.992271e-01	-1.811988e-01	9.731945e+00
8.735717e+01	-1.414298e-01	-9.330471e-01	1.229599e+01	2.277977e+00	2.251075e+00	3.430899e-01	-8.534536e-01	-1.639702e-01	9.734776e+00
7.258854e+01	-1.950577e-01	-9.423278e-01	1.235329e+01	2.242044e+00	2.191619e+00	3.040417e-01	-7.855887e-01	-1.253163e-01	9.688799e+00
7.461867e+01	-1.671781e-01	-9.478726e-01	1.231293e+01	2.258500e+00	2.240224e+00	2.948902e-01	-7.704227e-01	-1.188637e-01	9.682253e+00
7.412318e+01	-1.627670e-01	-9.378969e-01	1.230470e+01	2.274186e+00	2.236997e+00	3.181302e-01	-7.916744e-01	-1.073420e-01	9.690378e+00
7.303572e+01	-1.985064e-01	-9.538123e-01	1.233181e+01	2.255156e+00	2.198151e+00	2.977988e-01	-7.999198e-01	-1.120287e-01	9.700427e+00
6.640136e+01	-1.564022e-01	-9.531861e-01	1.230142e+01	2.274618e+00	2.222126e+00	3.052787e-01	-8.157919e-01	-1.228491e-01	9.723309e+00
7.545672e+01	-7.866173e-02	-9.381023e-01	1.225251e+01	2.295756e+00	2.261527e+00	3.255361e-01	-8.189408e-01	-1.567354e-01	9.741213e+00
8.722606e+01	-1.893462e-01	-9.683768e-01	1.231462e+01	2.273100e+00	2.207332e+00	2.904009e-01	-8.241180e-01	-1.719183e-01	9.774836e+00
9.518816e+01	-2.446051e-01	-9.169834e-01	1.235066e+01	2.278280e+00	2.152732e+00	3.099062e-01	-7.092855e-01	-1.864703e-01	9.638525e+00
1.130814e+02	-1.832465e-01	-9.055499e-01	1.229638e+01	2.313311e+00	2.207014e+00	3.120059e-01	-7.030585e-01	-1.484946e-01	9.586089e+00
9.980507e+01	-2.028683e-01	-9.468661e-01	1.233554e+01	2.260650e+00	2.145137e+00	2.635294e-01	-7.266319e-01	-1.126933e-01	9.582053e+00
7.755798e+01	-1.606077e-01	-9.390004e-01	1.227458e+01	2.289626e+00	2.213990e+00	3.057815e-01	-7.688979e-01	-6.927232e-02	9.600225e+00
7.816806e+01	-1.210803e-01	-9.430760e-01	1.223287e+01	2.298120e+00	2.262835e+00	3.200292e-01	-7.953399e-01	-6.092424e-02	9.627959e+00
7.940828e+01	-2.058239e-01	-9.691522e-01	1.229340e+01	2.257213e+00	2.194540e+00	2.954547e-01	-8.079548e-01	-7.104390e-02	9.654730e+00
6.946679e+01	-2.007906e-01	-9.531152e-01	1.229669e+01	2.263592e+00	2.168166e+00	3.139214e-01	-8.104064e-01	-1.002499e-01	9.662273e+00
6.626753e+01	-1.599639e-01	-9.556730e-01	1.225067e+01	2.300743e+00	2.217945e+00	3.243555e-01	-8.086028e-01	-1.218668e-01	9.727760e+00
9.131130e+01	-8.050154e-02	-9.715777e-01	1.220475e+01	2.314815e+00	2.253512e+00	3.091989e-01	-8.371421e-01	-2.032419e-01	9.797619e+00
8.851603e+01	-1.767352e-01	-9.297994e-01	1.224845e+01	2.333410e+00	2.205910e+00	3.212746e-01	-7.405713e-01	-2.235930e-01	9.706177e+00
7.643319e+01	-2.107439e-01	-9.477801e-01	1.228003e+01	2.309885e+00	2.171426e+00	2.997494e-01	-7.441041e-01	-1.947202e-01	9.715384e+00
7.259897e+01	-2.451367e-01	-9.541748e-01	1.230487e+01	2.296903e+00	2.138924e+00	3.041945e-01	-7.755367e-01	-1.636357e-01	9.738061e+00
8.862122e+01	-1.755577e-01	-9.327101e-01	1.222653e+01	2.354449e+00	2.223442e+00	3.355247e-01	-7.951061e-01	-1.474851e-01	9.745681e+00
2.178021e+02	-2.406412e-01	-1.001060e+00	1.233530e+01	2.236169e+00	2.094995e+00	2.586766e-01	-8.247620e-01	-1.600442e-01	9.806339e+00
2.630242e+02	-1.297215e-01	-8.671067e-01	1.225153e+01	2.309657e+00	2.130819e+00	3.386652e-01	-6.227696e-01	-3.147217e-01	9.568046e+00
2.681894e+02	-3.474522e-01	-9.782607e-01	1.246529e+01	2.085815e+00	1.882003e+00	2.057900e-01	-6.262271e-01	-2.237415e-01	9.548434e+00
1.729558e+02	-3.450868e-01	-9.744693e-01	1.244888e+01	2.073181e+00	1.931835e+00	2.520342e-01	-6.797496e-01	-5.471441e-02	9.539811e+00
1.586940e+02	-2.388670e-01	-9.127328e-01	1.235762e+01	2.145346e+00	2.046784e+00	3.678997e-01	-7.316324e-01	3.195452e-02	9.533501e+00
8.865154e+01	-2.280774e-01	-9.582494e-01	1.238593e+01	2.090487e+00	2.017746e+00	3.164503e-01	-7.641242e-01	6.086900e-02	9.559237e+00
8.638148e+01	-1.140618e-01	-9.729213e-01	1.230002e+01	2.131631e+00	2.111632e+00	3.012338e-01	-7.997364e-01	2.737616e-02	9.592029e+00
8.254079e+01	-6.189089e-02	-9.460811e-01	1.221363e+01	2.212525e+00	2.191916e+00	3.334480e-01	-8.109384e-01	-1.528214e-03	9.603377e+00
6.991365e+01	-1.244696e-01	-9.565628e-01	1.225070e+01	2.184907e+00	2.163930e+00	3.193169e-01	-8.201436e-01	-6.179820e-02	9.624770e+00
7.148969e+01	-1.355739e-01	-9.669559e-01	1.222942e+01	2.207574e+00	2.185797e+00	3.159872e-01	-8.381905e-01	-1.046036e-01	9.644129e+00
6.625477e+01	-1.869388e-01	-9.536132e-01	1.223858e+01	2.215611e+00	2.175987e+00	3.206317e-01	-8.230969e-01	-2.201340e-01	9.636106e+00
6.882558e+01	-2.143924e-01	-9.574830e-01	1.224858e+01	2.200814e+00	2.172645e+00	3.075040e-01	-8.225067e-01	-2.582254e-01	9.643263e+00
6.520543e+01	-1.864348e-01	-9.531201e-01	1.221168e+01	2.235620e+00	2.200894e+00	3.158054e-01	-8.298142e-01	-2.666527e-01	9.693383e+00
9.311232e+01	-1.800058e-01	-9.313089e-01	1.215615e+01	2.305118e+00	2.244782e+00	3.412019e-01	-8.299918e-01	-2.552877e-01	9.712658e+00
2.614607e+02	-2.608182e-01	-1.000844e+00	1.229876e+01	2.169716e+00	2.092268e+00	2.664573e-01	-8.475695e-01	-2.505917e-01	9.812385e+00
2.135705e+02	-1.681926e-01	-8.804519e-01	1.226874e+01	2.198809e+00	2.096901e+00	3.326222e-01	-6.397942e-01	-5.300892e-01	9.583948e+00
1.446019e+02	-2.179206e-01	-9.042708e-01	1.227990e+01	2.195656e+00	2.116453e+00	3.060901e-01	-6.308344e-01	-4.949661e-01	9.557128e+00
1.270289e+02	-2.703237e-01	-9.403382e-01	1.230465e+01	2.179902e+00	2.097885e+00	2.796765e-01	-6.631316e-01	-4.611136e-01	9.577792e+00
8.849163e+01	-2.290768e-01	-9.381881e-01	1.219975e+01	2.243000e+00	2.263087e+00	3.284830e-01	-7.327349e-01	-1.909748e-01	9.606268e+00
7.965080e+01	-1.674776e-01	-9.806758e-01	1.211636e+01	2.279050e+00	2.380685e+00	3.009297e-01	-7.839377e-01	-4.995002e-02	9.672757e+00
7.915412e+01	-2.236924e-01	-9.812177e-01	1.213639e+01	2.279463e+00	2.363671e+00	3.051311e-01	-8.015425e-01	7.372674e-03	9.715859e+00
7.749892e+01	-2.714254e-01	-9.672458e-01	1.213650e+01	2.325790e+00	2.354444e+00	3.494589e-01	-8.027148e-01	2.633625e-02	9.778666e+00
8.343142e+01	-2.692786e-01	-9.848118e-01	1.218065e+01	2.290421e+00	2.291118e+00	3.253360e-01	-8.194622e-01	-5.413114e-02	9.834320e+00
6.833737e+01	-2.303698e-01	-9.612633e-01	1.217610e+01	2.295634e+00	2.278602e+00	3.398372e-01	-8.078351e-01	-1.121511e-01	9.841732e+00
7.087440e+01	-1.793565e-01	-9.549329e-01	1.217719e+01	2.288048e+00	2.238550e+00	3.221181e-01	-7.546300e-01	-8.536244e-02	9.799459e+00
6.998428e+01	-1.634382e-01	-9.583041e-01	1.219454e+01	2.278970e+00	2.175970e+00	3.116903e-01	-7.593324e-01	-9.221203e-02	9.790776e+00
7.083833e+01	-1.830316e-01	-9.619097e-01	1.221092e+01	2.265532e+00	2.154393e+00	3.040776e-01	-7.775978e-01	-1.021740e-01	9.792290e+00
6.870659e+01	-1.876225e-01	-9.678566e-01	1.220736e+01	2.271345e+00	2.142459e+00	3.096359e-01	-7.964983e-01	-1.172188e-01	9.798805e+00
7.984253e+01	-1.595775e-01	-9.425691e-01	1.217352e+01	2.308104e+00	2.170854e+00	3.399592e-01	-7.949787e-01	-1.394502e-01	9.782858e+00
6.844200e+01	-1.184418e-01	-9.624050e-01	1.215744e+01	2.309433e+00	2.175742e+00	3.088282e-01	-8.051810e-01	-1.759211e-01	9.846130e+00
1.173930e+02	-2.471130e-01	-9.764542e-01	1.224896e+01	2.265267e+00	2.088568e+00	2.946404e-01	-8.206020e-01	-2.076107e-01	9.886613e+00
3.726086e+02	-1.962286e-01	-8.431578e-01	1.223704e+01	2.303395e+00	2.066375e+00	3.448866e-01	-5.631554e-01	-2.863328e-01	9.550706e+00
1.534226e+02	-3.956262e-01	-8.988222e-01	1.250101e+01	2.070842e+00	1.763169e+00	2.647237e-01	-5.546767e-01	-2.489990e-01	9.466650e+00
