# loss | a0 ... a8
2.657115e+02	4.360357e-01	-1.101027e+00	1.294775e+01	4.059598e-01	4.051857e+00	3.724929e-01	-7.616214e-01	-9.390625e-02	9.261384e+00
3.786908e+02	2.370024e-01	-9.398244e-01	1.317450e+01	6.483614e-01	4.248281e+00	4.754972e-01	-6.451538e-01	5.019952e-02	9.095169e+00
2.005062e+02	7.236632e-02	-1.007937e+00	1.328111e+01	8.598946e-01	4.385992e+00	3.281426e-01	-6.106216e-01	1.646647e-01	9.115701e+00
2.559285e+02	3.784633e-03	-1.021405e+00	1.316458e+01	1.026549e+00	4.445522e+00	2.853186e-01	-6.300501e-01	2.358967e-01	9.133129e+00
1.983590e+02	4.852153e-02	-1.001967e+00	1.295886e+01	1.221368e+00	4.545820e+00	2.981705e-01	-6.514290e-01	2.777094e-01	9.148169e+00
1.307858e+02	9.581687e-02	-9.646911e-01	1.277843e+01	1.405628e+00	4.632645e+00	3.323397e-01	-6.752518e-01	2.989262e-01	9.154650e+00
1.355492e+02	1.082353e-01	-9.353960e-01	1.256247e+01	1.619348e+00	4.660734e+00	3.575424e-01	-7.020668e-01	2.774419e-01	9.179829e+00
1.032106e+02	-1.596327e-02	-9.469101e-01	1.258928e+01	1.755592e+00	4.576097e+00	3.324032e-01	-7.251119e-01	2.531263e-01	9.230288e+00
9.518322e+01	-1.132931e-01	-9.581912e-01	1.257821e+01	1.894998e+00	4.538701e+00	3.154789e-01	-7.402141e-01	2.326056e-01	9.293050e+00
9.650768e+01	-1.834408e-01	-9.662346e-01	1.255925e+01	2.010971e+00	4.519142e+00	3.027355e-01	-7.502516e-01	2.188539e-01	9.346541e+00
9.705060e+01	-2.695831e-01	-9.702160e-01	1.259036e+01	2.096716e+00	4.432854e+00	2.987614e-01	-7.546143e-01	2.074743e-01	9.402553e+00
9.433060e+01	-3.655570e-01	-9.678631e-01	1.264510e+01	2.175593e+00	4.318212e+00	3.037975e-01	-7.526243e-01	1.976692e-01	9.459036e+00
9.226040e+01	-3.881351e-01	-9.636303e-01	1.267303e+01	2.222097e+00	4.233437e+00	3.067252e-01	-7.550570e-01	1.879792e-01	9.503912e+00
9.140041e+01	-4.050002e-01	-9.641920e-01	1.271065e+01	2.249161e+00	4.130756e+00	3.067199e-01	-7.593849e-01	1.776248e-01	9.566577e+00
8.850387e+01	-3.719571e-01	-9.586719e-01	1.272258e+01	2.268034e+00	4.065709e+00	3.079428e-01	-7.577568e-01	1.546816e-01	9.602187e+00
8.714919e+01	-3.178153e-01	-9.520872e-01	1.270285e+01	2.316228e+00	4.034601e+00	3.116887e-01	-7.511265e-01	1.274827e-01	9.656657e+00
8.602973e+01	-2.801415e-01	-9.582178e-01	1.276640e+01	2.261702e+00	3.918380e+00	2.983803e-01	-7.540914e-01	9.366069e-02	9.702399e+00
8.792155e+01	-2.358952e-01	-9.596682e-01	1.281344e+01	2.223737e+00	3.813463e+00	2.942197e-01	-7.586655e-01	5.635123e-02	9.751743e+00
7.810231e+01	-1.645350e-01	-9.529119e-01	1.281210e+01	2.219539e+00	3.773950e+00	2.997780e-01	-7.667243e-01	-3.000791e-02	9.792138e+00
7.042055e+01	-9.444902e-02	-9.404384e-01	1.279000e+01	2.252872e+00	3.754192e+00	3.133618e-01	-7.779707e-01	-1.386511e-01	9.834371e+00
6.910799e+01	-4.599310e-02	-9.473276e-01	1.281400e+01	2.217488e+00	3.682035e+00	3.007925e-01	-7.886256e-01	-2.242049e-01	9.899466e+00
8.231228e+01	-4.085189e-02	-9.500377e-01	1.287591e+01	2.165588e+00	3.571895e+00	2.919738e-01	-8.180069e-01	-3.291305e-01	9.908051e+00
7.724197e+01	2.008912e-03	-9.419563e-01	1.285074e+01	2.182925e+00	3.555837e+00	2.994866e-01	-8.340850e-01	-3.450607e-01	9.914078e+00
7.718366e+01	7.070610e-02	-9.303281e-01	1.279368e+01	2.213574e+00	3.567160e+00	3.005339e-01	-7.921067e-01	-3.929117e-01	9.852425e+00
6.904823e+01	5.122861e-02	-9.289317e-01	1.279069e+01	2.239114e+00	3.549417e+00	3.079601e-01	-8.100691e-01	-3.137424e-01	9.869216e+00
7.204069e+01	7.419002e-03	-9.329921e-01	1.278907e+01	2.286471e+00	3.529559e+00	3.136329e-01	-8.243752e-01	-2.196839e-01	9.934827e+00
7.465871e+01	-4.708346e-02	-9.271417e-01	1.285423e+01	2.244789e+00	3.431480e+00	2.962634e-01	-7.431756e-01	-1.365997e-01	9.855121e+00
8.375899e+01	-9.847654e-02	-9.290162e-01	1.291109e+01	2.217410e+00	3.341089e+00	2.859931e-01	-7.172742e-01	-8.545387e-02	9.817136e+00
8.666956e+01	-1.096534e-01	-9.318346e-01	1.291891e+01	2.215628e+00	3.303738e+00	2.824969e-01	-7.211640e-01	-4.532086e-02	9.798752e+00
8.128182e+01	-9.141658e-02	-9.318603e-01	1.289950e+01	2.230597e+00	3.297740e+00	2.893437e-01	-7.365744e-01	-3.569908e-02	9.803664e+00
7.700261e+01	-5.906314e-02	-9.315753e-01	1.285965e+01	2.267253e+00	3.313890e+00	2.926198e-01	-7.507838e-01	-2.364250e-02	9.808123e+00
7.603013e+01	-2.381378e-02	-9.352841e-01	1.283592e+01	2.274959e+00	3.309011e+00	2.884430e-01	-7.599382e-01	-2.766928e-02	9.812559e+00
7.065140e+01	6.613549e-03	-9.375116e-01	1.279584e+01	2.314155e+00	3.324892e+00	2.945938e-01	-7.830267e-01	-6.257682e-02	9.845866e+00
6.879876e+01	3.594547e-02	-9.386177e-01	1.276925e+01	2.328732e+00	3.324001e+00	2.950667e-01	-7.938418e-01	-9.974754e-02	9.863890e+00
9.389338e+01	1.252917e-02	-9.480972e-01	1.278562e+01	2.333596e+00	3.286687e+00	2.927534e-01	-8.332906e-01	-1.946922e-01	9.940217e+00
8.833730e+01	1.751256e-02	-9.050838e-01	1.280096e+01	2.335498e+00	3.229888e+00	2.977218e-01	-7.325802e-01	-2.023504e-01	9.837932e+00
1.006728e+02	-2.811468e-02	-8.911204e-01	1.285756e+01	2.315042e+00	3.141083e+00	2.893940e-01	-6.924274e-01	-1.956843e-01	9.765723e+00
1.101257e+02	-7.522351e-02	-8.845343e-01	1.290711e+01	2.309034e+00	3.059472e+00	2.938019e-01	-6.868129e-01	-1.389613e-01	9.712370e+00
1.250496e+02	-1.215187e-01	-9.318978e-01	1.298494e+01	2.238497e+00	2.955221e+00	2.433848e-01	-6.946891e-01	-9.593252e-02	9.716306e+00
1.459442e+02	-1.380490e-01	-9.512978e-01	1.301305e+01	2.220547e+00	2.912585e+00	2.430159e-01	-7.103849e-01	-3.698309e-02	9.725407e+00
9.671163e+01	-7.987226e-02	-9.400608e-01	1.295413e+01	2.273343e+00	2.967984e+00	2.747883e-01	-7.262153e-01	7.696288e-03	9.726630e+00
8.241053e+01	1.020710e-03	-9.247563e-01	1.287325e+01	2.338542e+00	3.044679e+00	3.058005e-01	-7.454410e-01	2.013598e-02	9.724732e+00
8.190163e+01	5.563379e-02	-9.299892e-01	1.279835e+01	2.405196e+00	3.112303e+00	3.062476e-01	-7.587216e-01	2.329472e-02	9.744102e+00
7.811197e+01	8.781797e-02	-9.446724e-01	1.276354e+01	2.432531e+00	3.137339e+00	2.928272e-01	-7.683919e-01	2.181257e-02	9.763812e+00
8.442299e+01	4.854983e-02	-9.616962e-01	1.280234e+01	2.417053e+00	3.092057e+00	2.802694e-01	-7.768267e-01	-4.502984e-03	9.791803e+00
8.266506e+01	2.018149e-02	-9.658713e-01	1.281395e+01	2.423812e+00	3.077222e+00	2.852086e-01	-7.854456e-01	-3.754753e-02	9.820841e+00
7.621998e+01	-2.735962e-03	-9.674825e-01	1.282021e+01	2.438324e+00	3.060957e+00	2.964124e-01	-7.974877e-01	-1.511050e-01	9.838977e+00
6.637321e+01	1.134707e-02	-9.515890e-01	1.279361e+01	2.471220e+00	3.070223e+00	3.154440e-01	-7.933277e-01	-2.311254e-01	9.818965e+00
6.700309e+01	-1.647731e-02	-9.514338e-01	1.281916e+01	2.468166e+00	3.025215e+00	3.129036e-01	-7.916265e-01	-2.946726e-01	9.814998e+00
7.389309e+01	-5.719360e-02	-9.584289e-01	1.288850e+01	2.414469e+00	2.917002e+00	3.046473e-01	-7.939831e-01	-3.309392e-01	9.823029e+00
7.685948e+01	-5.801964e-02	-9.642945e-01	1.289513e+01	2.413043e+00	2.892640e+00	3.056340e-01	-8.151999e-01	-3.295279e-01	9.823358e+00
7.361977e+01	-5.121104e-03	-9.455409e-01	1.284646e+01	2.441582e+00	2.918018e+00	3.132645e-01	-7.930460e-01	-3.562033e-01	9.767188e+00
7.766196e+01	6.500476e-03	-9.391245e-01	1.283331e+01	2.452831e+00	2.909046e+00	3.151123e-01	-7.882732e-01	-3.540591e-01	9.742073e+00
8.011604e+01	-1.314497e-02	-9.575593e-01	1.286068e+01	2.425996e+00	2.852782e+00	2.937489e-01	-7.899248e-01	-3.374951e-01	9.753157e+00
7.471345e+01	3.103757e-03	-9.647217e-01	1.283066e+01	2.437462e+00	2.867504e+00	2.954180e-01	-8.070911e-01	-2.589941e-01	9.766617e+00
7.728434e+01	3.355034e-03	-9.683996e-01	1.282598e+01	2.437703e+00	2.851961e+00	3.012323e-01	-8.151650e-01	-1.971033e-01	9.787166e+00
8.020269e+01	5.345769e-02	-9.354609e-01	1.276910e+01	2.484747e+00	2.887849e+00	3.160373e-01	-7.700005e-01	-1.601124e-01	9.737722e+00
7.784738e+01	7.862261e-02	-9.379977e-01	1.275243e+01	2.488181e+00	2.885335e+00	2.952124e-01	-7.589986e-01	-1.375211e-01	9.721925e+00
8.051208e+01	2.906392e-02	-9.498798e-01	1.280267e+01	2.446170e+00	2.820263e+00	2.808905e-01	-7.578100e-01	-1.179932e-01	9.722310e+00
7.653599e+01	-7.895672e-03	-9.509524e-01	1.281980e+01	2.444724e+00	2.787988e+00	2.901691e-01	-7.697151e-01	-1.062702e-01	9.732012e+00
7.634757e+01	-2.746321e-02	-9.533640e-01	1.283317e+01	2.433380e+00	2.758958e+00	2.920649e-01	-7.773342e-01	-1.018711e-01	9.746749e+00
7.090918e+01	-1.557609e-02	-9.466135e-01	1.280576e+01	2.452905e+00	2.781863e+00	3.013628e-01	-7.827160e-01	-1.005246e-01	9.755444e+00
6.989404e+01	-9.551396e-03	-9.499672e-01	1.280138e+01	2.452372e+00	2.766770e+00	3.011073e-01	-7.905394e-01	-1.093062e-01	9.778720e+00
6.816987e+01	-8.864689e-03	-9.459382e-01	1.279206e+01	2.471451e+00	2.758564e+00	3.095644e-01	-7.957748e-01	-1.198984e-01	9.797079e+00
7.289564e+01	-7.735296e-03	-9.564465e-01	1.280391e+01	2.442256e+00	2.725584e+00	2.925750e-01	-7.987811e-01	-1.933708e-01	9.860889e+00
6.778656e+01	5.124035e-03	-9.421341e-01	1.279272e+01	2.436789e+00	2.720747e+00	3.000507e-01	-7.778565e-01	-2.407463e-01	9.873254e+00
7.008424e+01	2.212355e-02	-9.397523e-01	1.278288e+01	2.432791e+00	2.704425e+00	2.953722e-01	-7.709429e-01	-2.693650e-01	9.894369e+00
6.775081e+01	4.288052e-02	-9.418425e-01	1.275705e+01	2.445263e+00	2.712866e+00	2.950870e-01	-7.761014e-01	-2.596678e-01	9.929609e+00
6.629317e+01	2.930736e-02	-9.429840e-01	1.276225e+01	2.438238e+00	2.692052e+00	2.968631e-01	-7.848981e-01	-2.445939e-01	9.952823e+00
6.549582e+01	3.219192e-02	-9.328945e-01	1.274104e+01	2.467297e+00	2.688888e+00	3.108007e-01	-7.922734e-01	-2.212999e-01	9.960595e+00
7.194704e+01	-1.988249e-02	-9.503400e-01	1.279515e+01	2.417494e+00	2.625596e+00	2.966449e-01	-7.880045e-01	-2.295614e-01	9.969668e+00
7.665792e+01	-1.324440e-02	-9.480116e-01	1.280636e+01	2.387583e+00	2.598464e+00	2.889757e-01	-7.601006e-01	-2.277521e-01	9.974091e+00
6.923761e+01	-1.573092e-02	-9.335378e-01	1.280029e+01	2.394818e+00	2.594518e+00	3.055979e-01	-7.533813e-01	-2.053007e-01	9.962188e+00
7.022406e+01	-9.345301e-04	-9.253943e-01	1.276860e+01	2.414872e+00	2.621865e+00	3.096419e-01	-7.568647e-01	-1.707318e-01	9.948131e+00
6.706945e+01	-1.199753e-02	-9.355342e-01	1.277658e+01	2.398511e+00	2.598642e+00	3.007843e-01	-7.674911e-01	-1.493065e-01	9.963739e+00
8.737774e+01	-2.455817e-02	-9.571290e-01	1.279030e+01	2.364626e+00	2.574439e+00	2.837985e-01	-7.841781e-01	-1.841238e-01	9.977933e+00
7.682260e+01	-6.081608e-03	-9.534959e-01	1.276211e+01	2.376491e+00	2.589061e+00	2.959426e-01	-7.930457e-01	-1.996828e-01	9.977780e+00
6.443857e+01	1.968518e-02	-9.340844e-01	1.273118e+01	2.399604e+00	2.598829e+00	3.158075e-01	-7.889767e-01	-1.896384e-01	9.943452e+00
6.498602e+01	2.869189e-02	-9.336960e-01	1.270620e+01	2.411980e+00	2.616686e+00	3.137380e-01	-7.870164e-01	-1.865386e-01	9.940040e+00
7.058776e+01	-7.877196e-03	-9.486946e-01	1.274184e+01	2.363405e+00	2.585459e+00	2.965674e-01	-7.934576e-01	-1.856428e-01	9.948824e+00
6.756894e+01	-1.052398e-02	-9.458128e-01	1.273290e+01	2.364746e+00	2.584427e+00	3.017000e-01	-7.967263e-01	-1.869701e-01	9.951890e+00
6.488635e+01	-7.745907e-05	-9.392231e-01	1.271331e+01	2.379672e+00	2.592744e+00	3.120607e-01	-8.066503e-01	-1.907333e-01	9.954243e+00
6.966293e+01	-4.782543e-03	-9.254043e-01	1.270828e+01	2.381610e+00	2.582332e+00	3.117253e-01	-7.740316e-01	-1.769662e-01	9.920459e+00
7.782519e+01	-2.690630e-03	-9.154144e-01	1.269422e+01	2.393403e+00	2.581995e+00	3.146636e-01	-7.621213e-01	-1.566876e-01	9.929647e+00
8.741037e+01	-5.985077e-02	-9.479840e-01	1.275560e+01	2.332170e+00	2.509281e+00	2.741890e-01	-7.667157e-01	-1.533054e-01	9.970233e+00
9.995067e+01	-5.423105e-02	-9.556601e-01	1.275582e+01	2.311387e+00	2.493449e+00	2.699808e-01	-7.738661e-01	-1.383059e-01	9.995563e+00
6.590031e+01	-2.924097e-02	-9.314308e-01	1.270950e+01	2.347265e+00	2.526790e+00	3.007355e-01	-7.706480e-01	-1.342906e-01	9.989986e+00
6.452905e+01	9.809094e-04	-9.316928e-01	1.267313e+01	2.358866e+00	2.550212e+00	3.007036e-01	-7.956806e-01	-1.864041e-01	1.003258e+01
6.897736e+01	-4.271422e-03	-9.257033e-01	1.264985e+01	2.380848e+00	2.565895e+00	3.092566e-01	-8.096614e-01	-2.136411e-01	1.005405e+01
7.319771e+01	-8.251561e-02	-9.089428e-01	1.269490e+01	2.371242e+00	2.516545e+00	3.124555e-01	-7.707483e-01	-2.677315e-01	1.001455e+01
7.327855e+01	-1.012230e-01	-9.188947e-01	1.271163e+01	2.350101e+00	2.490398e+00	2.872969e-01	-7.587653e-01	-2.880446e-01	9.997740e+00
6.881431e+01	-5.416448e-02	-9.255428e-01	1.265464e+01	2.375511e+00	2.544181e+00	2.854434e-01	-7.714562e-01	-2.832882e-01	1.001456e+01
7.444196e+01	-6.983760e-02	-9.381061e-01	1.266302e+01	2.362711e+00	2.533543e+00	2.826017e-01	-7.859041e-01	-2.486733e-01	1.003654e+01
7.067346e+01	-7.011894e-02	-9.370552e-01	1.264677e+01	2.382406e+00	2.551650e+00	2.976018e-01	-7.975452e-01	-1.956611e-01	1.005595e+01
7.442365e+01	-5.616838e-02	-9.101095e-01	1.263336e+01	2.391266e+00	2.551220e+00	3.050934e-01	-7.421004e-01	-1.119905e-01	1.003167e+01
7.382812e+01	-3.242335e-02	-9.106258e-01	1.264753e+01	2.344412e+00	2.516286e+00	2.878670e-01	-7.215289e-01	-5.400924e-02	1.002889e+01
7.854625e+01	-7.377919e-02	-9.216005e-01	1.269234e+01	2.304803e+00	2.462948e+00	2.777260e-01	-7.237740e-01	-1.651541e-02	1.004460e+01
9.004678e+01	-1.048178e-01	-9.320133e-01	1.272724e+01	2.271679e+00	2.417121e+00	2.725940e-01	-7.311860e-01	8.699942e-03	1.006645e+01
7.146224e+01	-8.704110e-02	-9.205305e-01	1.269923e+01	2.290297e+00	2.434411e+00	2.959721e-01	-7.518914e-01	-8.426776e-04	1.007071e+01
6.832560e+01	-7.167716e-02	-9.149661e-01	1.267799e+01	2.299119e+00	2.449502e+00	3.084431e-01	-7.725889e-01	-2.624552e-02	1.007201e+01
6.531073e+01	-4.498737e-02	-9.165403e-01	1.264503e+01	2.314324e+00	2.467943e+00	3.080638e-01	-7.851461e-01	-6.007688e-02	1.008518e+01
1.612840e+02	-2.027956e-02	-9.479915e-01	1.262315e+01	2.299147e+00	2.479362e+00	2.769192e-01	-8.195979e-01	-1.745239e-01	1.014674e+01
7.033196e+01	-5.333782e-03	-9.077961e-01	1.259509e+01	2.329451e+00	2.488233e+00	2.988740e-01	-7.551529e-01	-2.053539e-01	1.006928e+01
8.890241e+01	-7.166255e-02	-8.918389e-01	1.261268e+01	2.344021e+00	2.471167e+00	3.080194e-01	-7.345228e-01	-2.137821e-01	1.001391e+01
8.547672e+01	-1.249399e-01	-9.210346e-01	1.267074e+01	2.288062e+00	2.401345e+00	2.668646e-01	-7.327402e-01	-2.063071e-01	1.000944e+01
1.039062e+02	-1.665292e-01	-9.353919e-01	1.271182e+01	2.251282e+00	2.355757e+00	2.597071e-01	-7.415111e-01	-1.751285e-01	1.000499e+01
7.231604e+01	-1.207429e-01	-9.332990e-01	1.266725e+01	2.279748e+00	2.404761e+00	2.872537e-01	-7.752302e-01	-1.381946e-01	1.002616e+01
6.313079e+01	-6.627904e-02	-9.268507e-01	1.263072e+01	2.294455e+00	2.435504e+00	3.066235e-01	-7.947878e-01	-1.028938e-01	1.002907e+01
7.603691e+01	-1.134642e-02	-9.150418e-01	1.255910e+01	2.344386e+00	2.506859e+00	3.248847e-01	-7.979169e-01	-7.209945e-02	1.005096e+01
9.881655e+01	-1.868382e-02	-9.436223e-01	1.256584e+01	2.325186e+00	2.481554e+00	2.923674e-01	-8.121099e-01	-1.346963e-01	1.012054e+01
1.324133e+02	-4.486950e-02	-9.482025e-01	1.257340e+01	2.318062e+00	2.467713e+00	2.906609e-01	-8.116164e-01	-1.825668e-01	1.014836e+01
2.379646e+02	-6.237945e-02	-8.369285e-01	1.258779e+01	2.342802e+00	2.411072e+00	3.228220e-01	-6.335850e-01	-2.244889e-02	9.921598e+00
1.108996e+02	-1.177126e-01	-8.534525e-01	1.265366e+01	2.295273e+00	2.320159e+00	2.481281e-01	-5.664913e-01	1.004756e-01	9.808701e+00
1.852120e+02	-1.894857e-01	-9.048090e-01	1.273794e+01	2.218021e+00	2.214097e+00	1.785048e-01	-5.576833e-01	1.923077e-01	9.764320e+00
1.993497e+02	-1.800706e-01	-9.217937e-01	1.274004e+01	2.210258e+00	2.207867e+00	1.824550e-01	-5.785403e-01	2.636408e-01	9.727714e+00
1.006038e+02	-9.797716e-02	-9.031109e-01	1.266280e+01	2.265836e+00	2.276260e+00	2.489364e-01	-6.087692e-01	3.146011e-01	9.699024e+00
1.017701e+02	-4.599227e-02	-8.960594e-01	1.257971e+01	2.333456e+00	2.362909e+00	2.886527e-01	-6.430997e-01	3.403554e-01	9.682899e+00
8.947684e+01	-3.865318e-02	-9.174260e-01	1.252729e+01	2.375083e+00	2.421396e+00	2.818860e-01	-6.746220e-01	3.474346e-01	9.686504e+00
9.247598e+01	-6.640097e-02	-9.418382e-01	1.253511e+01	2.357768e+00	2.414611e+00	2.718347e-01	-7.008607e-01	3.456025e-01	9.695040e+00
9.953708e+01	-1.123955e-01	-9.561817e-01	1.253816e+01	2.364005e+00	2.416795e+00	2.742986e-01	-7.217891e-01	3.380144e-01	9.707445e+00
8.606942e+01	-1.013546e-01	-9.518618e-01	1.250977e+01	2.387305e+00	2.442929e+00	2.951216e-01	-7.373257e-01	3.285951e-01	9.713462e+00
8.582381e+01	-6.354443e-02	-9.460105e-01	1.246073e+01	2.425816e+00	2.487280e+00	3.098386e-01	-7.484662e-01	3.191409e-01	9.723643e+00
8.753568e+01	-1.005367e-01	-9.574970e-01	1.250875e+01	2.387742e+00	2.431395e+00	2.971771e-01	-7.578369e-01	3.069498e-01	9.733755e+00
8.777088e+01	-1.022666e-01	-9.591495e-01	1.251402e+01	2.385358e+00	2.420726e+00	2.974246e-01	-7.654349e-01	2.929995e-01	9.742033e+00
8.615938e+01	-1.082842e-01	-9.568967e-01	1.253188e+01	2.371390e+00	2.387924e+00	3.013707e-01	-7.697153e-01	2.808290e-01	9.749735e+00
8.312083e+01	-9.467898e-02	-9.467292e-01	1.252944e+01	2.373186e+00	2.374143e+00	3.143648e-01	-7.724508e-01	2.684388e-01	9.753181e+00
8.428667e+01	-8.606830e-02	-9.531347e-01	1.253419e+01	2.360884e+00	2.349598e+00	3.018101e-01	-7.751265e-01	2.559928e-01	9.765319e+00
8.486247e+01	-4.848894e-02	-9.546374e-01	1.252517e+01	2.349859e+00	2.334341e+00	2.971490e-01	-7.772355e-01	2.437611e-01	9.773396e+00
8.193903e+01	-4.285875e-02	-9.515901e-01	1.251404e+01	2.360398e+00	2.331050e+00	3.009489e-01	-7.789820e-01	2.289021e-01	9.783761e+00
7.996251e+01	-5.115207e-02	-9.451101e-01	1.250508e+01	2.367180e+00	2.338066e+00	3.047166e-01	-7.801284e-01	2.103876e-01	9.786019e+00
7.987570e+01	-6.340062e-02	-9.490278e-01	1.250770e+01	2.368857e+00	2.318806e+00	2.993958e-01	-7.815055e-01	1.918143e-01	9.800719e+00
8.599279e+01	-8.142662e-02	-9.549850e-01	1.252644e+01	2.353186e+00	2.269634e+00	2.867204e-01	-7.864012e-01	1.722856e-01	9.810940e+00
7.669982e+01	-7.467338e-02	-9.471774e-01	1.250023e+01	2.376615e+00	2.278472e+00	3.003623e-01	-7.883036e-01	1.497308e-01	9.821517e+00
7.503516e+01	-6.605543e-02	-9.404009e-01	1.249300e+01	2.371263e+00	2.267173e+00	3.061131e-01	-7.888955e-01	1.233398e-01	9.824291e+00
7.250066e+01	-7.470730e-02	-9.428297e-01	1.247884e+01	2.383321e+00	2.262798e+00	3.046389e-01	-7.924557e-01	8.594709e-02	9.842350e+00
7.257369e+01	-1.090230e-01	-9.512048e-01	1.249378e+01	2.373643e+00	2.222649e+00	2.967712e-01	-8.017754e-01	2.299406e-02	9.866666e+00
6.746056e+01	-1.052858e-01	-9.495775e-01	1.247756e+01	2.384659e+00	2.221742e+00	3.014414e-01	-8.045414e-01	-3.154071e-02	9.884114e+00
6.453246e+01	-8.204019e-02	-9.455331e-01	1.244824e+01	2.399706e+00	2.225857e+00	3.036191e-01	-8.030614e-01	-8.390703e-02	9.899826e+00
6.413057e+01	-7.959186e-02	-9.437548e-01	1.244047e+01	2.402405e+00	2.217141e+00	3.033341e-01	-8.002759e-01	-1.179826e-01	9.915245e+00
6.355675e+01	-8.110037e-02	-9.396506e-01	1.243157e+01	2.403236e+00	2.215387e+00	3.043280e-01	-7.920161e-01	-1.285375e-01	9.924148e+00
6.561474e+01	-1.049988e-01	-9.424601e-01	1.245567e+01	2.382697e+00	2.170992e+00	2.951551e-01	-7.879175e-01	-1.449163e-01	9.934401e+00
6.512147e+01	-1.207309e-01	-9.390537e-01	1.247768e+01	2.368557e+00	2.125153e+00	2.977221e-01	-7.873688e-01	-1.564311e-01	9.937331e+00
6.526419e+01	-1.153656e-01	-9.389193e-01	1.247002e+01	2.366687e+00	2.116739e+00	2.965925e-01	-7.883383e-01	-1.651310e-01	9.944800e+00
6.621417e+01	-9.880888e-02	-9.387890e-01	1.247281e+01	2.344224e+00	2.085706e+00	2.949687e-01	-7.902343e-01	-1.706858e-01	9.946557e+00
6.358667e+01	-7.650770e-02	-9.376487e-01	1.244328e+01	2.361671e+00	2.108757e+00	3.016702e-01	-7.951743e-01	-1.657270e-01	9.944333e+00
6.409358e+01	-5.791584e-02	-9.331293e-01	1.240326e+01	2.394123e+00	2.153493e+00	3.053227e-01	-7.901070e-01	-1.528919e-01	9.940909e+00
6.460432e+01	-8.779952e-02	-9.394029e-01	1.243333e+01	2.367691e+00	2.114342e+00	2.960938e-01	-7.885222e-01	-1.454301e-01	9.942087e+00
7.354415e+01	-1.104440e-01	-9.463869e-01	1.246525e+01	2.332586e+00	2.062155e+00	2.867726e-01	-7.891711e-01	-1.346169e-01	9.942654e+00
6.618658e+01	-1.123311e-01	-9.404358e-01	1.245391e+01	2.340660e+00	2.063589e+00	2.961288e-01	-7.889147e-01	-1.312879e-01	9.940759e+00
6.435968e+01	-1.283254e-01	-9.346292e-01	1.246711e+01	2.331052e+00	2.042131e+00	3.037121e-01	-7.893600e-01	-1.325372e-01	9.943456e+00
6.327838e+01	-9.399986e-02	-9.306273e-01	1.242302e+01	2.355004e+00	2.077902e+00	3.082289e-01	-7.909386e-01	-1.309190e-01	9.953442e+00
6.662958e+01	-5.943219e-02	-9.419160e-01	1.237998e+01	2.367087e+00	2.118905e+00	2.947331e-01	-8.012606e-01	-1.442934e-01	9.974774e+00
8.061509e+01	-8.130961e-02	-9.499366e-01	1.237971e+01	2.365355e+00	2.116141e+00	2.918619e-01	-8.121263e-01	-1.713031e-01	9.991487e+00
7.257326e+01	-1.263283e-01	-9.427973e-01	1.237804e+01	2.375238e+00	2.136926e+00	3.071202e-01	-8.162604e-01	-1.934356e-01	9.991134e+00
7.159032e+01	-1.299021e-01	-9.194260e-01	1.237928e+01	2.378544e+00	2.113518e+00	3.025310e-01	-7.607484e-01	-1.978322e-01	9.927854e+00
7.805602e+01	-1.678021e-01	-9.255253e-01	1.241954e+01	2.345859e+00	2.039665e+00	2.776064e-01	-7.404033e-01	-1.958479e-01	9.896609e+00
7.736942e+01	-1.596832e-01	-9.255004e-01	1.240934e+01	2.338953e+00	2.036633e+00	2.786327e-01	-7.416592e-01	-1.801003e-01	9.874349e+00
7.425030e+01	-1.605712e-01	-9.234231e-01	1.240299e+01	2.335219e+00	2.031110e+00	2.889486e-01	-7.482549e-01	-1.636587e-01	9.856266e+00
7.120755e+01	-1.248642e-01	-9.329974e-01	1.237086e+01	2.339132e+00	2.062177e+00	2.871880e-01	-7.644289e-01	-1.418831e-01	9.859549e+00
8.017243e+01	-1.458853e-01	-9.514268e-01	1.237897e+01	2.320296e+00	2.057066e+00	2.786512e-01	-7.753792e-01	-1.234407e-01	9.875860e+00
6.651418e+01	-9.637916e-02	-9.413104e-01	1.233047e+01	2.345940e+00	2.108227e+00	3.028805e-01	-7.849399e-01	-1.069711e-01	9.877461e+00
6.475556e+01	-1.111514e-01	-9.516023e-01	1.232457e+01	2.360425e+00	2.111680e+00	3.070402e-01	-7.906546e-01	-9.744400e-02	9.881581e+00
6.502293e+01	-1.014309e-01	-9.561124e-01	1.231188e+01	2.360581e+00	2.120936e+00	3.091615e-01	-7.931669e-01	-9.483293e-02	9.886069e+00
6.519790e+01	-7.757510e-02	-9.562998e-01	1.228876e+01	2.361905e+00	2.136524e+00	3.111593e-01	-7.932479e-01	-9.456605e-02	9.892234e+00
6.664048e+01	-1.251181e-01	-9.581651e-01	1.232064e+01	2.344460e+00	2.097195e+00	3.067610e-01	-7.929794e-01	-1.020354e-01	9.894374e+00
6.594441e+01	-1.549559e-01	-9.531704e-01	1.235286e+01	2.320526e+00	2.042716e+00	3.081126e-01	-7.913213e-01	-1.205988e-01	9.890156e+00
6.469472e+01	-1.627249e-01	-9.481098e-01	1.235090e+01	2.323472e+00	2.030248e+00	3.092749e-01	-7.889408e-01	-1.246240e-01	9.891142e+00
6.690965e+01	-1.539948e-01	-9.522077e-01	1.234043e+01	2.322770e+00	2.032975e+00	3.045974e-01	-7.946586e-01	-1.382431e-01	9.904928e+00
6.345986e+01	-1.274463e-01	-9.458371e-01	1.231251e+01	2.336407e+00	2.044474e+00	3.075493e-01	-7.962009e-01	-1.526081e-01	9.908074e+00
6.741265e+01	-1.117817e-01	-9.513140e-01	1.231614e+01	2.314615e+00	2.003923e+00	2.995234e-01	-7.976969e-01	-1.641091e-01	9.906756e+00
6.679035e+01	-9.651438e-02	-9.366115e-01	1.228455e+01	2.335849e+00	2.018289e+00	3.104979e-01	-7.798661e-01	-1.584710e-01	9.890123e+00
7.509144e+01	-1.700122e-01	-9.564181e-01	1.231580e+01	2.315443e+00	1.983478e+00	2.905934e-01	-7.752488e-01	-1.500774e-01	9.910747e+00
6.828040e+01	-1.654475e-01	-9.542360e-01	1.229554e+01	2.327674e+00	1.993907e+00	3.004308e-01	-7.751725e-01	-1.473167e-01	9.925946e+00
6.410799e+01	-1.153915e-01	-9.438274e-01	1.224426e+01	2.355626e+00	2.039616e+00	3.176344e-01	-7.780184e-01	-1.474512e-01	9.939516e+00
6.597797e+01	-1.380084e-01	-9.523847e-01	1.224858e+01	2.348770e+00	2.030635e+00	3.022625e-01	-7.821026e-01	-1.488291e-01	9.954808e+00
6.540288e+01	-1.740474e-01	-9.480296e-01	1.225950e+01	2.343718e+00	2.018912e+00	3.007725e-01	-7.748013e-01	-1.352853e-01	9.972901e+00
6.418150e+01	-1.797776e-01	-9.428531e-01	1.225828e+01	2.341796e+00	2.008393e+00	3.015812e-01	-7.741216e-01	-1.273497e-01	9.986922e+00
6.640819e+01	-2.194587e-01	-9.428148e-01	1.227225e+01	2.337386e+00	1.984367e+00	2.975311e-01	-7.753839e-01	-1.245348e-01	1.000217e+01
6.267334e+01	-1.852487e-01	-9.345671e-01	1.225163e+01	2.338672e+00	1.991766e+00	3.049850e-01	-7.788166e-01	-1.202232e-01	1.000484e+01
6.259492e+01	-1.278029e-01	-9.314074e-01	1.223564e+01	2.320984e+00	1.984195e+00	3.036624e-01	-7.813502e-01	-1.250427e-01	1.001285e+01
6.554055e+01	-1.432525e-01	-9.386375e-01	1.225422e+01	2.295992e+00	1.949110e+00	2.952602e-01	-7.903588e-01	-1.348654e-01	1.002481e+01
6.580550e+01	-1.430685e-01	-9.389527e-01	1.225125e+01	2.289490e+00	1.939746e+00	2.985635e-01	-7.935619e-01	-1.441527e-01	1.003767e+01
6.387450e+01	-1.513544e-01	-9.249649e-01	1.225373e+01	2.284116e+00	1.918661e+00	3.032753e-01	-7.756194e-01	-1.232172e-01	1.000979e+01
6.632389e+01	-1.671115e-01	-9.280097e-01	1.226632e+01	2.268284e+00	1.897435e+00	2.932050e-01	-7.704762e-01	-1.123648e-01	1.000459e+01
6.883375e+01	-1.770268e-01	-9.371752e-01	1.226707e+01	2.255561e+00	1.886569e+00	2.895656e-01	-7.744932e-01	-1.519153e-01	1.001865e+01
6.951321e+01	-1.798825e-01	-9.383139e-01	1.226859e+01	2.247035e+00	1.866392e+00	2.916962e-01	-7.756590e-01	-1.763673e-01	1.002365e+01
6.257027e+01	-1.458845e-01	-9.291142e-01	1.221506e+01	2.272690e+00	1.921326e+00	3.059835e-01	-7.983339e-01	-2.187979e-01	1.002174e+01
8.095440e+01	-1.092828e-01	-9.103629e-01	1.214506e+01	2.320923e+00	1.987085e+00	3.201219e-01	-7.887138e-01	-2.346297e-01	1.001952e+01
8.401098e+01	-2.115757e-01	-9.374311e-01	1.225367e+01	2.222129e+00	1.872162e+00	2.721298e-01	-7.857954e-01	-2.416520e-01	1.004045e+01
9.773382e+01	-2.561127e-01	-9.352109e-01	1.229040e+01	2.179041e+00	1.834593e+00	2.611613e-01	-7.630915e-01	-2.370037e-01	1.002375e+01
7.067209e+01	-2.349195e-01	-9.115481e-01	1.227042e+01	2.181921e+00	1.857968e+00	2.942611e-01	-7.606097e-01	-2.046576e-01	9.989949e+00
7.136768e+01	-1.712901e-01	-9.040915e-01	1.223265e+01	2.184284e+00	1.897061e+00	3.018904e-01	-7.671809e-01	-1.681625e-01	9.979807e+00
6.575428e+01	-1.725523e-01	-9.139127e-01	1.221821e+01	2.180459e+00	1.923601e+00	2.975514e-01	-7.758606e-01	-1.348838e-01	9.993194e+00
6.617528e+01	-2.086638e-01	-9.277609e-01	1.222361e+01	2.175467e+00	1.925115e+00	2.878384e-01	-7.850585e-01	-1.100480e-01	1.000549e+01
7.365988e+01	-1.951131e-01	-9.389168e-01	1.219835e+01	2.179186e+00	1.959219e+00	2.827994e-01	-7.958431e-01	-1.002146e-01	1.002646e+01
6.643329e+01	-1.456233e-01	-9.211780e-01	1.215628e+01	2.201640e+00	2.002769e+00	3.050104e-01	-7.783178e-01	-5.395561e-02	1.001226e+01
6.681061e+01	-1.808526e-01	-9.210368e-01	1.215945e+01	2.203633e+00	2.001115e+00	2.993827e-01	-7.728341e-01	-2.897821e-02	1.000146e+01
6.868097e+01	-2.305804e-01	-9.266790e-01	1.216160e+01	2.216810e+00	1.997644e+00	2.862199e-01	-7.715105e-01	-2.023526e-02	9.994177e+00
7.083688e+01	-2.551554e-01	-9.321871e-01	1.216969e+01	2.208329e+00	1.984912e+00	2.847075e-01	-7.776326e-01	-2.218902e-02	9.995781e+00
7.765341e+01	-2.863053e-01	-9.387543e-01	1.219271e+01	2.187651e+00	1.951542e+00	2.799975e-01	-7.820507e-01	-2.839851e-02	1.000945e+01
6.490157e+01	-2.355186e-01	-9.252439e-01	1.214708e+01	2.216856e+00	1.994446e+00	3.028864e-01	-7.855826e-01	-3.862368e-02	1.001439e+01
9.475721e+01	-1.419371e-01	-9.080611e-01	1.206510e+01	2.269378e+00	2.069631e+00	3.250561e-01	-7.900051e-01	-4.860138e-02	1.001083e+01
1.007898e+02	-2.504475e-01	-9.516715e-01	1.219417e+01	2.152733e+00	1.945058e+00	2.685417e-01	-7.917400e-01	-7.222061e-02	1.004381e+01
8.969638e+01	-2.777597e-01	-9.379141e-01	1.224903e+01	2.103178e+00	1.884087e+00	2.756378e-01	-7.525265e-01	-2.647155e-02	1.001734e+01
7.517034e+01	-2.588126e-01	-9.131523e-01	1.224921e+01	2.102594e+00	1.885880e+00	3.021619e-01	-7.408239e-01	5.882662e-03	9.985005e+00
8.108437e+01	-2.050365e-01	-9.026767e-01	1.220601e+01	2.131762e+00	1.925156e+00	3.111504e-01	-7.410353e-01	2.748656e-02	9.974982e+00
7.357266e+01	-1.846719e-01	-9.185831e-01	1.221129e+01	2.097679e+00	1.915517e+00	2.878990e-01	-7.485549e-01	1.931944e-02	9.970239e+00
7.149417e+01	-1.621778e-01	-9.228293e-01	1.218995e+01	2.093931e+00	1.942461e+00	2.870773e-01	-7.572583e-01	-1.746945e-02	9.976277e+00
7.415881e+01	-1.548630e-01	-9.313103e-01	1.217337e+01	2.092021e+00	1.953365e+00	2.801243e-01	-7.677239e-01	-4.998436e-02	9.985824e+00
6.909677e+01	-1.532155e-01	-9.323824e-01	1.213468e+01	2.120248e+00	1.977599e+00	2.843118e-01	-7.777278e-01	-7.917047e-02	9.994522e+00
6.365043e+01	-1.679645e-01	-9.315678e-01	1.210831e+01	2.144721e+00	2.004850e+00	2.967540e-01	-8.030687e-01	-1.460200e-01	1.000343e+01
6.510946e+01	-1.974293e-01	-9.226611e-01	1.208688e+01	2.179137e+00	2.020235e+00	3.139583e-01	-8.131529e-01	-1.951706e-01	1.000154e+01
6.414703e+01	-2.501846e-01	-9.285266e-01	1.211870e+01	2.151787e+00	1.974370e+00	2.917740e-01	-7.903859e-01	-2.144833e-01	9.983992e+00
7.721103e+01	-2.611023e-01	-9.329249e-01	1.215352e+01	2.106847e+00	1.920262e+00	2.747199e-01	-7.884808e-01	-2.402958e-01	9.956030e+00
6.789669e+01	-2.514103e-01	-9.283535e-01	1.212237e+01	2.122225e+00	1.943164e+00	2.845266e-01	-7.922078e-01	-2.348291e-01	9.941264e+00
6.391822e+01	-2.021890e-01	-9.281961e-01	1.207351e+01	2.134976e+00	1.980126e+00	2.888374e-01	-8.085485e-01	-2.197039e-01	9.957619e+00
6.614823e+01	-2.061897e-01	-9.129095e-01	1.204048e+01	2.167838e+00	2.007222e+00	3.025281e-01	-7.967009e-01	-1.963976e-01	9.959235e+00
6.513227e+01	-2.411703e-01	-9.265649e-01	1.206589e+01	2.130148e+00	1.972050e+00	2.823023e-01	-8.000007e-01	-1.787758e-01	9.969033e+00
8.228208e+01	-2.778779e-01	-9.360829e-01	1.208319e+01	2.114987e+00	1.944008e+00	2.806025e-01	-8.183524e-01	-1.907638e-01	1.000611e+01
6.865007e+01	-2.914603e-01	-9.060534e-01	1.209218e+01	2.109830e+00	1.922658e+00	2.981417e-01	-7.765325e-01	-1.971830e-01	9.972507e+00
6.948074e+01	-2.654940e-01	-9.063700e-01	1.207024e+01	2.115302e+00	1.926989e+00	2.846744e-01	-7.621070e-01	-1.889163e-01	9.962901e+00
6.917045e+01	-2.171960e-01	-9.108058e-01	1.203422e+01	2.126972e+00	1.946847e+00	2.783127e-01	-7.627901e-01	-1.700140e-01	9.961889e+00
7.238612e+01	-2.289755e-01	-9.249576e-01	1.204042e+01	2.116169e+00	1.930351e+00	2.706627e-01	-7.701225e-01	-1.494181e-01	9.971798e+00
6.983017e+01	-2.417639e-01	-9.333737e-01	1.203379e+01	2.112428e+00	1.939000e+00	2.783980e-01	-7.797372e-01	-1.258105e-01	9.982676e+00
6.197875e+01	-2.363100e-01	-9.296937e-01	1.201157e+01	2.131882e+00	1.949140e+00	2.960227e-01	-7.912031e-01	-1.131468e-01	9.990347e+00
6.674194e+01	-2.192097e-01	-9.207401e-01	1.196775e+01	2.177975e+00	1.978668e+00	3.128969e-01	-7.955639e-01	-1.123363e-01	1.000195e+01
7.375937e+01	-2.710174e-01	-9.420699e-01	1.202029e+01	2.126358e+00	1.904799e+00	2.874415e-01	-7.987237e-01	-1.100305e-01	1.002872e+01
7.843754e+01	-3.352588e-01	-9.425723e-01	1.207154e+01	2.094461e+00	1.831724e+00	2.916084e-01	-7.974003e-01	-1.113956e-01	1.003399e+01
6.911612e+01	-2.909912e-01	-9.148233e-01	1.204930e+01	2.104262e+00	1.839741e+00	3.085149e-01	-7.628842e-01	-6.097301e-02	9.998054e+00
6.926509e+01	-2.492666e-01	-9.193381e-01	1.203950e+01	2.092219e+00	1.839558e+00	2.910529e-01	-7.509791e-01	-3.221310e-02	9.987039e+00
6.926226e+01	-2.005568e-01	-9.200715e-01	1.201516e+01	2.093717e+00	1.847906e+00	2.878050e-01	-7.557679e-01	-2.486109e-02	9.982292e+00
6.888712e+01	-1.955167e-01	-9.205208e-01	1.202764e+01	2.075397e+00	1.814186e+00	2.884915e-01	-7.650871e-01	-2.387591e-02	9.972096e+00
6.842952e+01	-1.912024e-01	-9.283177e-01	1.200966e+01	2.084014e+00	1.824455e+00	2.862721e-01	-7.758997e-01	-4.033275e-02	9.982394e+00
6.491044e+01	-2.097462e-01	-9.269442e-01	1.200489e+01	2.097669e+00	1.813605e+00	2.955125e-01	-7.829969e-01	-5.574118e-02	9.993175e+00
6.316612e+01	-2.255571e-01	-9.318017e-01	1.198893e+01	2.110864e+00	1.824398e+00	2.946459e-01	-7.892663e-01	-7.428984e-02	1.001144e+01
7.198466e+01	-2.166002e-01	-9.412265e-01	1.198362e+01	2.106290e+00	1.815245e+00	2.876404e-01	-7.973466e-01	-1.067872e-01	1.003331e+01
6.239261e+01	-2.337697e-01	-9.324210e-01	1.196195e+01	2.133908e+00	1.835318e+00	3.035822e-01	-7.998421e-01	-1.297826e-01	1.003767e+01
6.561490e+01	-2.206133e-01	-9.293290e-01	1.193333e+01	2.155384e+00	1.864113e+00	3.122218e-01	-8.071477e-01	-1.711134e-01	1.004727e+01
6.209840e+01	-2.797197e-01	-9.208263e-01	1.196562e+01	2.142823e+00	1.809850e+00	3.019015e-01	-7.750497e-01	-1.652761e-01	1.002115e+01
7.125970e+01	-3.393655e-01	-9.251336e-01	1.199392e+01	2.127255e+00	1.762652e+00	2.827339e-01	-7.619921e-01	-1.617066e-01	1.000603e+01
6.988442e+01	-3.370192e-01	-9.276260e-01	1.199062e+01	2.121380e+00	1.756947e+00	2.832155e-01	-7.723495e-01	-1.787613e-01	1.000091e+01
6.215658e+01	-2.549851e-01	-9.209650e-01	1.192100e+01	2.148539e+00	1.830284e+00	2.956561e-01	-7.833911e-01	-1.751763e-01	9.989361e+00
6.926146e+01	-2.597238e-01	-9.371676e-01	1.193275e+01	2.127510e+00	1.815152e+00	2.844787e-01	-7.972397e-01	-1.844470e-01	1.000197e+01
7.806893e+01	-2.754235e-01	-9.427681e-01	1.193805e+01	2.126311e+00	1.806290e+00	2.875078e-01	-8.032659e-01	-1.894443e-01	1.003222e+01
8.407091e+01	-2.383922e-01	-8.994642e-01	1.191573e+01	2.140548e+00	1.810683e+00	3.086690e-01	-7.424008e-01	-1.535957e-01	9.965333e+00
8.080947e+01	-2.725701e-01	-9.174901e-01	1.197279e+01	2.073334e+00	1.751128e+00	2.665926e-01	-7.225802e-01	-1.232145e-01	9.939751e+00
8.969863e+01	-2.729930e-01	-9.256283e-01	1.199923e+01	2.034531e+00	1.716134e+00	2.607193e-01	-7.276109e-01	-1.032344e-01	9.923444e+00
8.537560e+01	-2.779390e-01	-9.278526e-01	1.200674e+01	2.013797e+00	1.707034e+00	2.683709e-01	-7.410751e-01	-7.721004e-02	9.907733e+00
7.075930e+01	-2.200715e-01	-9.157739e-01	1.195409e+01	2.046530e+00	1.762705e+00	3.018187e-01	-7.588030e-01	-6.649978e-02	9.905053e+00
6.977159e+01	-2.209303e-01	-9.194097e-01	1.194097e+01	2.060582e+00	1.781604e+00	3.134804e-01	-7.780050e-01	-6.672079e-02	9.920712e+00
6.671109e+01	-2.211696e-01	-9.404090e-01	1.193296e+01	2.054450e+00	1.789684e+00	2.922037e-01	-7.893122e-01	-7.905319e-02	9.943283e+00
8.704937e+01	-1.938362e-01	-9.552764e-01	1.192289e+01	2.040797e+00	1.792423e+00	2.823635e-01	-8.037350e-01	-1.158942e-01	9.965901e+00
6.861283e+01	-2.180519e-01	-9.457273e-01	1.188657e+01	2.084261e+00	1.825838e+00	3.011960e-01	-8.076279e-01	-1.410511e-01	9.973212e+00
8.425854e+01	-2.735781e-01	-9.113646e-01	1.185823e+01	2.143106e+00	1.841095e+00	3.223489e-01	-7.633494e-01	-1.095999e-01	9.929068e+00
7.176414e+01	-3.455832e-01	-9.171811e-01	1.191908e+01	2.102315e+00	1.764547e+00	3.016280e-01	-7.504090e-01	-9.770244e-02	9.909175e+00
8.187305e+01	-3.827271e-01	-9.316256e-01	1.197049e+01	2.043156e+00	1.702976e+00	2.791348e-01	-7.571262e-01	-1.000834e-01	9.901637e+00
7.770032e+01	-3.589415e-01	-9.324083e-01	1.198270e+01	2.016632e+00	1.684880e+00	2.869610e-01	-7.653589e-01	-1.002612e-01	9.902919e+00
7.166998e+01	-2.920256e-01	-9.345845e-01	1.196032e+01	2.004770e+00	1.702559e+00	2.915403e-01	-7.731233e-01	-1.060612e-01	9.917358e+00
6.666968e+01	-2.086308e-01	-9.232795e-01	1.189900e+01	2.030896e+00	1.759991e+00	3.122573e-01	-7.838899e-01	-1.042068e-01	9.921667e+00
6.723788e+01	-1.852438e-01	-9.254188e-01	1.187986e+01	2.029996e+00	1.787493e+00	3.183232e-01	-7.936550e-01	-1.075662e-01	9.938152e+00
7.037823e+01	-2.186544e-01	-9.456213e-01	1.189247e+01	2.017817e+00	1.768433e+00	2.915216e-01	-7.978906e-01	-1.161125e-01	9.957773e+00
7.820224e+01	-2.250368e-01	-9.506115e-01	1.189777e+01	2.010775e+00	1.748704e+00	2.837399e-01	-7.920447e-01	-1.354446e-01	9.952648e+00
6.164824e+01	-2.512063e-01	-9.363831e-01	1.187233e+01	2.049146e+00	1.770476e+00	3.026261e-01	-7.914208e-01	-1.438867e-01	9.937429e+00
6.646674e+01	-2.578234e-01	-9.231837e-01	1.182990e+01	2.099774e+00	1.810704e+00	3.136085e-01	-7.910112e-01	-1.489058e-01	9.932433e+00
6.146349e+01	-3.146924e-01	-9.332674e-01	1.185338e+01	2.088890e+00	1.773434e+00	3.025395e-01	-7.922377e-01	-1.558943e-01	9.949164e+00
7.183694e+01	-3.081104e-01	-9.463268e-01	1.183888e+01	2.090553e+00	1.777239e+00	2.873596e-01	-7.936463e-01	-1.593518e-01	9.976857e+00
6.453825e+01	-3.095551e-01	-9.290390e-01	1.183161e+01	2.099549e+00	1.764314e+00	2.993829e-01	-7.713281e-01	-1.442205e-01	9.955025e+00
6.602377e+01	-3.337176e-01	-9.244182e-01	1.184611e+01	2.090122e+00	1.729771e+00	3.046191e-01	-7.647160e-01	-1.350051e-01	9.950692e+00
6.617873e+01	-3.138356e-01	-9.295128e-01	1.184580e+01	2.079325e+00	1.712085e+00	2.940053e-01	-7.673805e-01	-1.245139e-01	9.949201e+00
6.493891e+01	-2.768452e-01	-9.246630e-01	1.181496e+01	2.093852e+00	1.734931e+00	3.017735e-01	-7.727631e-01	-1.220537e-01	9.947646e+00
7.199606e+01	-2.751406e-01	-9.419465e-01	1.184161e+01	2.058656e+00	1.681870e+00	2.819576e-01	-7.805779e-01	-1.163688e-01	9.977537e+00
7.543487e+01	-2.709938e-01	-9.454910e-01	1.185869e+01	2.034873e+00	1.631832e+00	2.856997e-01	-7.863953e-01	-1.146441e-01	1.001750e+01
6.628494e+01	-2.324875e-01	-9.193765e-01	1.182518e+01	2.054488e+00	1.644470e+00	3.099217e-01	-7.667540e-01	-7.595520e-02	1.000636e+01
8.878391e+01	-1.777208e-01	-9.037979e-01	1.179832e+01	2.057335e+00	1.646840e+00	3.224668e-01	-7.614172e-01	-4.745520e-02	9.993467e+00
9.634865e+01	-3.023567e-01	-9.473626e-01	1.188487e+01	1.998453e+00	1.562053e+00	2.668732e-01	-7.703653e-01	-5.909034e-02	1.002510e+01
9.614293e+01	-3.490586e-01	-9.487467e-01	1.190963e+01	1.989608e+00	1.535000e+00	2.754873e-01	-7.763545e-01	-7.131554e-02	1.003652e+01
6.513408e+01	-3.255793e-01	-9.253091e-01	1.187515e+01	2.021773e+00	1.585017e+00	3.053250e-01	-7.808606e-01	-5.072991e-02	1.004328e+01
6.313676e+01	-2.509097e-01	-9.335658e-01	1.183059e+01	2.029298e+00	1.638984e+00	3.005169e-01	-7.844974e-01	-4.639000e-02	1.009111e+01
6.139510e+01	-2.488934e-01	-9.274875e-01	1.179613e+01	2.066260e+00	1.684535e+00	3.160497e-01	-7.880463e-01	-4.320606e-02	1.011513e+01
6.217946e+01	-3.080912e-01	-9.272683e-01	1.181829e+01	2.066789e+00	1.679974e+00	3.182762e-01	-7.980411e-01	-7.485275e-02	1.012747e+01
1.608304e+02	-3.176231e-01	-9.492150e-01	1.182261e+01	2.055475e+00	1.680732e+00	2.955636e-01	-8.231248e-01	-1.814984e-01	1.014901e+01
2.156571e+02	-2.673424e-01	-8.343271e-01	1.180314e+01	2.071340e+00	1.670486e+00	3.123341e-01	-6.253520e-01	-5.927367e-02	9.914345e+00
1.615883e+02	-3.036739e-01	-8.254240e-01	1.186717e+01	2.007015e+00	1.567658e+00	2.631482e-01	-5.502577e-01	4.119017e-02	9.789154e+00
1.766520e+02	-3.672602e-01	-8.858746e-01	1.194930e+01	1.915346e+00	1.452862e+00	1.728902e-01	-5.404470e-01	1.293144e-01	9.741624e+00
2.122278e+02	-3.653980e-01	-9.114392e-01	1.194590e+01	1.895379e+00	1.448127e+00	1.680030e-01	-5.657516e-01	2.076771e-01	9.706421e+00
1.203843e+02	-3.208298e-01	-9.074858e-01	1.188298e+01	1.928580e+00	1.513288e+00	2.259458e-01	-6.005945e-01	2.701778e-01	9.686938e+00
9.809156e+01	-2.230992e-01	-8.937653e-01	1.176828e+01	1.995973e+00	1.638735e+00	2.808929e-01	-6.381636e-01	3.094045e-01	9.671250e+00
9.045548e+01	-1.983614e-01	-9.200932e-01	1.170896e+01	2.013420e+00	1.722295e+00	2.760112e-01	-6.702862e-01	3.313215e-01	9.680971e+00
8.908916e+01	-2.674548e-01	-9.403801e-01	1.172129e+01	2.014283e+00	1.718679e+00	2.757155e-01	-6.981099e-01	3.387762e-01	9.689527e+00
