# loss | a0 ... a8
7.499836e+02	1.598054e+00	-1.038839e+00	1.461437e+01	4.326116e-01	-5.820000e-01	4.023429e-01	-9.478286e-01	3.547321e-01	8.515134e+00
9.645525e+02	1.373138e+00	-1.147056e+00	1.483236e+01	6.745801e-01	-3.711727e-01	2.347043e-01	-1.021594e+00	4.725970e-01	8.724485e+00
2.063720e+02	1.263003e+00	-9.763493e-01	1.459132e+01	4.852387e-01	-2.682107e-01	3.873854e-01	-8.085202e-01	5.954608e-01	8.692704e+00
3.181929e+02	1.180783e+00	-9.195001e-01	1.458615e+01	5.338550e-01	-1.948319e-01	4.090254e-01	-7.430041e-01	6.343553e-01	8.705058e+00
2.131577e+02	1.129571e+00	-9.378877e-01	1.457882e+01	5.755688e-01	-1.499760e-01	3.538795e-01	-7.315332e-01	6.340067e-01	8.741272e+00
2.170007e+02	1.095419e+00	-9.727910e-01	1.456397e+01	6.157628e-01	-1.206196e-01	3.033539e-01	-7.396355e-01	6.140240e-01	8.796456e+00
2.221025e+02	1.066538e+00	-9.743542e-01	1.457403e+01	6.772541e-01	-9.642681e-02	2.974377e-01	-7.541861e-01	5.838124e-01	8.835910e+00
2.087201e+02	1.044813e+00	-9.634155e-01	1.457168e+01	7.355016e-01	-7.829370e-02	3.048982e-01	-7.670985e-01	5.496839e-01	8.867628e+00
2.014802e+02	1.025095e+00	-9.581715e-01	1.457373e+01	7.988677e-01	-6.184950e-02	3.114045e-01	-7.774220e-01	5.128061e-01	8.905331e+00
1.955869e+02	1.006589e+00	-9.497720e-01	1.458033e+01	8.603875e-01	-4.623778e-02	3.188470e-01	-7.849953e-01	4.772075e-01	8.940279e+00
1.961360e+02	9.917989e-01	-9.516752e-01	1.456156e+01	9.464553e-01	-3.328903e-02	3.146320e-01	-7.911715e-01	4.419015e-01	8.984709e+00
1.975018e+02	9.767362e-01	-9.547749e-01	1.453478e+01	1.048530e+00	-1.968595e-02	3.108781e-01	-7.953703e-01	4.084734e-01	9.034360e+00
1.955837e+02	9.645839e-01	-9.534268e-01	1.448887e+01	1.160608e+00	-8.041967e-03	3.104841e-01	-7.975402e-01	3.770635e-01	9.077395e+00
1.869841e+02	9.523317e-01	-9.431528e-01	1.439340e+01	1.330079e+00	4.952115e-03	3.180129e-01	-7.985600e-01	3.478306e-01	9.107900e+00
1.879569e+02	9.428836e-01	-9.532555e-01	1.426703e+01	1.496784e+00	1.645980e-02	3.068752e-01	-7.991382e-01	3.202003e-01	9.175397e+00
1.761767e+02	9.378035e-01	-9.554040e-01	1.404849e+01	1.730631e+00	2.786854e-02	3.076650e-01	-7.989917e-01	2.943432e-01	9.250961e+00
1.713019e+02	9.361075e-01	-9.537953e-01	1.376485e+01	1.998796e+00	4.359231e-02	3.087649e-01	-8.033743e-01	2.673968e-01	9.314536e+00
2.221280e+02	9.270966e-01	-9.455584e-01	1.354954e+01	2.300103e+00	6.477965e-02	3.121098e-01	-8.043906e-01	2.439558e-01	9.352601e+00
1.518177e+02	8.258184e-01	-9.563554e-01	1.379785e+01	2.347587e+00	9.347599e-02	3.120815e-01	-8.073035e-01	2.193543e-01	9.459341e+00
1.493301e+02	7.761710e-01	-9.655784e-01	1.389597e+01	2.467320e+00	1.179011e-01	3.070774e-01	-8.128703e-01	1.939860e-01	9.565103e+00
1.317182e+02	7.597527e-01	-9.580144e-01	1.387802e+01	2.662422e+00	1.426272e-01	3.182294e-01	-8.148190e-01	1.706600e-01	9.654132e+00
1.242951e+02	7.688562e-01	-9.504640e-01	1.378125e+01	2.887976e+00	1.694093e-01	3.244986e-01	-8.149551e-01	1.505333e-01	9.760077e+00
1.227034e+02	7.602230e-01	-9.561587e-01	1.374709e+01	3.029518e+00	1.941706e-01	3.151506e-01	-8.151523e-01	1.301553e-01	9.862357e+00
1.173147e+02	7.469186e-01	-9.514050e-01	1.372609e+01	3.163083e+00	2.238883e-01	3.190828e-01	-8.153158e-01	1.115598e-01	9.912221e+00
1.124721e+02	7.120891e-01	-9.583241e-01	1.376616e+01	3.233126e+00	2.511543e-01	3.121306e-01	-8.126738e-01	9.543109e-02	1.002967e+01
1.053975e+02	6.994920e-01	-9.524270e-01	1.374467e+01	3.350812e+00	2.846607e-01	3.192010e-01	-8.101193e-01	8.139142e-02	1.007357e+01
1.012251e+02	6.641937e-01	-9.540712e-01	1.378657e+01	3.384576e+00	3.113193e-01	3.175616e-01	-8.120874e-01	6.524860e-02	1.015239e+01
9.606837e+01	6.499040e-01	-9.461232e-01	1.377919e+01	3.460956e+00	3.382899e-01	3.233453e-01	-8.099745e-01	5.181066e-02	1.014853e+01
9.441390e+01	6.327268e-01	-9.491244e-01	1.377913e+01	3.495172e+00	3.673731e-01	3.187283e-01	-8.112103e-01	3.861037e-02	1.019804e+01
9.522577e+01	6.376468e-01	-9.497042e-01	1.374070e+01	3.504410e+00	3.930203e-01	3.176091e-01	-8.107177e-01	2.738286e-02	1.020237e+01
9.276938e+01	6.202888e-01	-9.435272e-01	1.373126e+01	3.576857e+00	4.242689e-01	3.201294e-01	-8.045516e-01	1.997574e-02	1.015224e+01
1.479894e+02	5.569380e-01	-9.640448e-01	1.382728e+01	3.485453e+00	4.469960e-01	3.060046e-01	-8.234817e-01	-3.382931e-03	1.029704e+01
1.002639e+02	5.752544e-01	-9.268637e-01	1.375136e+01	3.643228e+00	4.787342e-01	3.310594e-01	-7.870985e-01	6.068737e-03	1.008714e+01
9.494582e+01	5.586789e-01	-9.464755e-01	1.377303e+01	3.556565e+00	4.932345e-01	2.997467e-01	-7.773151e-01	6.274019e-03	1.005527e+01
1.047513e+02	5.511176e-01	-9.601718e-01	1.376105e+01	3.519854e+00	5.187561e-01	2.894926e-01	-7.863510e-01	1.326221e-03	1.007698e+01
8.854454e+01	5.552462e-01	-9.482516e-01	1.371390e+01	3.555023e+00	5.473335e-01	3.117645e-01	-7.929894e-01	-4.291792e-03	1.006476e+01
8.828592e+01	5.781382e-01	-9.445603e-01	1.363767e+01	3.604695e+00	5.801533e-01	3.229719e-01	-8.011873e-01	-1.154615e-02	1.012366e+01
8.738111e+01	5.840731e-01	-9.498832e-01	1.361102e+01	3.566328e+00	6.057013e-01	3.213096e-01	-8.045901e-01	-1.892533e-02	1.017215e+01
8.725092e+01	5.598282e-01	-9.534255e-01	1.362080e+01	3.546158e+00	6.318290e-01	3.151789e-01	-7.985412e-01	-2.154867e-02	1.017595e+01
8.979101e+01	5.671087e-01	-9.443943e-01	1.356289e+01	3.605759e+00	6.621437e-01	3.195641e-01	-7.888150e-01	-1.948590e-02	1.013142e+01
8.365195e+01	5.200188e-01	-9.529920e-01	1.362844e+01	3.523680e+00	6.848800e-01	3.137961e-01	-7.919348e-01	-2.415619e-02	1.013866e+01
9.422678e+01	4.705258e-01	-9.617064e-01	1.370108e+01	3.427180e+00	7.049504e-01	3.112697e-01	-7.966387e-01	-3.132870e-02	1.016531e+01
8.104360e+01	4.947241e-01	-9.505558e-01	1.361294e+01	3.483702e+00	7.350288e-01	3.177689e-01	-7.986276e-01	-3.570963e-02	1.013360e+01
8.677539e+01	5.357619e-01	-9.415308e-01	1.349653e+01	3.567574e+00	7.705628e-01	3.234459e-01	-7.996704e-01	-4.036134e-02	1.012256e+01
1.141569e+02	4.961757e-01	-9.645407e-01	1.355333e+01	3.431083e+00	7.840011e-01	3.029151e-01	-8.147271e-01	-5.287216e-02	1.018955e+01
9.090279e+01	4.898457e-01	-9.323194e-01	1.352884e+01	3.452153e+00	8.026668e-01	3.252325e-01	-7.797817e-01	-4.314175e-02	1.002867e+01
1.016964e+02	4.985632e-01	-9.273992e-01	1.348103e+01	3.457717e+00	8.245229e-01	3.273140e-01	-7.725376e-01	-4.143570e-02	9.984840e+00
1.204836e+02	4.583841e-01	-9.753639e-01	1.354747e+01	3.281445e+00	8.323813e-01	2.812761e-01	-7.787977e-01	-4.378385e-02	1.007648e+01
9.471747e+01	4.770372e-01	-9.679664e-01	1.348473e+01	3.291495e+00	8.580533e-01	2.968595e-01	-7.808228e-01	-4.640327e-02	1.002645e+01
8.535454e+01	5.140381e-01	-9.558122e-01	1.338444e+01	3.340906e+00	8.891721e-01	3.120208e-01	-7.884372e-01	-4.962474e-02	9.997465e+00
9.108569e+01	5.193479e-01	-9.474615e-01	1.332165e+01	3.383190e+00	9.193139e-01	3.254714e-01	-7.972706e-01	-5.492321e-02	9.984234e+00
8.795867e+01	4.425950e-01	-9.691762e-01	1.340702e+01	3.299782e+00	9.440452e-01	3.055267e-01	-8.060906e-01	-6.073228e-02	1.001334e+01
8.432833e+01	4.399487e-01	-9.455591e-01	1.336950e+01	3.347282e+00	9.686309e-01	3.190679e-01	-7.782732e-01	-5.507684e-02	9.933020e+00
8.238656e+01	4.537388e-01	-9.541498e-01	1.330781e+01	3.359996e+00	9.933724e-01	3.055250e-01	-7.851346e-01	-5.696083e-02	9.974678e+00
8.251830e+01	4.114771e-01	-9.632697e-01	1.334889e+01	3.280680e+00	1.011930e+00	3.005972e-01	-7.898722e-01	-6.022138e-02	9.994623e+00
8.759574e+01	4.035566e-01	-9.678159e-01	1.333150e+01	3.247784e+00	1.035286e+00	2.993967e-01	-7.956604e-01	-6.402245e-02	1.002461e+01
7.789775e+01	4.182753e-01	-9.505876e-01	1.326030e+01	3.275186e+00	1.063306e+00	3.196910e-01	-8.177442e-01	-7.672093e-02	1.001983e+01
1.159002e+02	4.606345e-01	-9.578030e-01	1.315045e+01	3.307320e+00	1.093809e+00	3.142894e-01	-8.410930e-01	-9.336206e-02	1.009882e+01
9.811271e+01	4.012351e-01	-9.251813e-01	1.321032e+01	3.300338e+00	1.102916e+00	3.157830e-01	-7.670919e-01	-8.419534e-02	9.942869e+00
8.678329e+01	3.393058e-01	-9.315004e-01	1.328273e+01	3.217357e+00	1.114133e+00	2.986416e-01	-7.488504e-01	-7.985302e-02	9.878186e+00
1.054106e+02	2.874762e-01	-9.622981e-01	1.335893e+01	3.081899e+00	1.122540e+00	2.782008e-01	-7.603200e-01	-7.908038e-02	9.914452e+00
8.517654e+01	2.947986e-01	-9.585541e-01	1.332054e+01	3.091064e+00	1.143688e+00	2.976206e-01	-7.800022e-01	-7.995733e-02	9.933858e+00
7.548846e+01	3.415064e-01	-9.613520e-01	1.320257e+01	3.132698e+00	1.172779e+00	3.126979e-01	-8.015256e-01	-8.832985e-02	9.969316e+00
8.101323e+01	4.033464e-01	-9.550122e-01	1.304978e+01	3.202325e+00	1.204410e+00	3.257259e-01	-8.081082e-01	-9.340226e-02	9.990893e+00
7.860066e+01	3.700747e-01	-9.666059e-01	1.307560e+01	3.158622e+00	1.217480e+00	3.127331e-01	-7.967899e-01	-9.266100e-02	1.003734e+01
8.105347e+01	3.291613e-01	-9.671232e-01	1.310182e+01	3.135522e+00	1.232420e+00	3.154146e-01	-7.993415e-01	-9.769192e-02	1.007012e+01
8.777773e+01	3.458648e-01	-9.384411e-01	1.304790e+01	3.186334e+00	1.249428e+00	3.212506e-01	-7.596459e-01	-8.607584e-02	9.978682e+00
7.876197e+01	3.148136e-01	-9.452313e-01	1.309302e+01	3.091900e+00	1.259104e+00	3.098125e-01	-7.569606e-01	-8.059457e-02	9.945886e+00
9.676970e+01	2.909450e-01	-9.722640e-01	1.312307e+01	2.994929e+00	1.268649e+00	2.862956e-01	-7.663397e-01	-7.963453e-02	9.996948e+00
8.685617e+01	3.130259e-01	-9.687953e-01	1.305521e+01	3.000742e+00	1.289116e+00	2.951968e-01	-7.773237e-01	-7.965532e-02	1.003041e+01
8.668298e+01	3.493731e-01	-9.436746e-01	1.292977e+01	3.100026e+00	1.316600e+00	3.290741e-01	-7.864778e-01	-8.057600e-02	1.003045e+01
1.478333e+02	2.778323e-01	-9.837974e-01	1.306149e+01	2.878553e+00	1.308581e+00	3.014239e-01	-7.957453e-01	-9.738681e-02	1.014710e+01
9.693739e+01	3.178629e-01	-9.278501e-01	1.294715e+01	2.960952e+00	1.326705e+00	3.315386e-01	-7.349365e-01	-8.276449e-02	1.000184e+01
9.965214e+01	2.923413e-01	-9.612234e-01	1.297809e+01	2.866339e+00	1.328196e+00	2.800434e-01	-7.311267e-01	-7.705637e-02	1.001107e+01
1.027413e+02	2.970201e-01	-9.686484e-01	1.292804e+01	2.872831e+00	1.349421e+00	2.764445e-01	-7.515605e-01	-7.612173e-02	1.001320e+01
8.071479e+01	3.106388e-01	-9.553430e-01	1.283997e+01	2.941388e+00	1.379272e+00	2.998301e-01	-7.678739e-01	-7.540658e-02	1.000848e+01
8.630400e+01	2.827451e-01	-9.626823e-01	1.283493e+01	2.927532e+00	1.399537e+00	3.141754e-01	-8.113069e-01	-9.032336e-02	1.006881e+01
1.121869e+02	2.626995e-01	-9.212466e-01	1.284208e+01	2.948188e+00	1.406669e+00	3.398272e-01	-7.633738e-01	-7.905404e-02	9.960862e+00
8.250828e+01	1.906477e-01	-9.554835e-01	1.294391e+01	2.821645e+00	1.404419e+00	2.930044e-01	-7.588519e-01	-7.623093e-02	9.962046e+00
8.059135e+01	1.734182e-01	-9.568856e-01	1.296105e+01	2.776891e+00	1.412750e+00	2.992384e-01	-7.706705e-01	-7.675149e-02	9.959508e+00
8.193740e+01	2.083568e-01	-9.669545e-01	1.287006e+01	2.799277e+00	1.436003e+00	3.040929e-01	-7.902071e-01	-8.853579e-02	1.002873e+01
8.191685e+01	2.598301e-01	-9.435224e-01	1.272820e+01	2.902615e+00	1.464874e+00	3.340706e-01	-7.949841e-01	-9.519939e-02	1.004230e+01
9.254786e+01	2.073770e-01	-9.683434e-01	1.283132e+01	2.748553e+00	1.460848e+00	3.081287e-01	-7.974291e-01	-1.009423e-01	1.007493e+01
1.341368e+02	2.255477e-01	-9.030494e-01	1.279151e+01	2.803712e+00	1.470623e+00	3.328693e-01	-7.126419e-01	-7.440760e-02	9.883429e+00
1.603270e+02	1.334258e-01	-9.659087e-01	1.298186e+01	2.548357e+00	1.446227e+00	2.453205e-01	-6.996660e-01	-6.257095e-02	9.858566e+00
1.035166e+02	1.393166e-01	-9.497747e-01	1.296418e+01	2.508093e+00	1.453313e+00	2.846482e-01	-7.208700e-01	-5.579161e-02	9.820593e+00
8.223515e+01	1.863788e-01	-9.424140e-01	1.285509e+01	2.555694e+00	1.474577e+00	3.083624e-01	-7.471424e-01	-5.338227e-02	9.830971e+00
7.933918e+01	2.264852e-01	-9.540099e-01	1.273615e+01	2.631671e+00	1.502100e+00	3.045911e-01	-7.661178e-01	-5.318969e-02	9.870271e+00
7.888884e+01	2.632748e-01	-9.545376e-01	1.265723e+01	2.654492e+00	1.521444e+00	3.151127e-01	-7.912820e-01	-5.916033e-02	9.891245e+00
8.326290e+01	1.944604e-01	-9.767394e-01	1.269611e+01	2.646026e+00	1.533681e+00	3.137456e-01	-8.015993e-01	-6.489453e-02	9.962154e+00
8.803205e+01	1.947999e-01	-9.773790e-01	1.265567e+01	2.672630e+00	1.552538e+00	3.152960e-01	-8.050469e-01	-7.128741e-02	1.000103e+01
7.364270e+01	1.765988e-01	-9.666413e-01	1.264052e+01	2.684225e+00	1.568477e+00	3.267182e-01	-8.014154e-01	-7.704820e-02	1.002019e+01
1.047846e+02	1.952420e-01	-9.290696e-01	1.258358e+01	2.747158e+00	1.582574e+00	3.388675e-01	-7.626304e-01	-6.628541e-02	9.941804e+00
8.617630e+01	1.208703e-01	-9.637962e-01	1.273839e+01	2.556618e+00	1.557142e+00	2.972455e-01	-7.591788e-01	-6.553435e-02	9.964937e+00
7.141061e+01	1.012832e-01	-9.500053e-01	1.276041e+01	2.534866e+00	1.560149e+00	3.189785e-01	-7.718603e-01	-6.677206e-02	1.002173e+01
8.637466e+01	1.284374e-01	-9.571794e-01	1.272172e+01	2.515943e+00	1.572557e+00	3.179914e-01	-8.065594e-01	-8.082205e-02	1.009715e+01
7.591402e+01	1.619128e-01	-9.436677e-01	1.263790e+01	2.566689e+00	1.590119e+00	3.280806e-01	-8.089153e-01	-8.903503e-02	1.012176e+01
8.848386e+01	1.778940e-01	-9.490274e-01	1.259049e+01	2.572404e+00	1.601975e+00	3.101540e-01	-8.069203e-01	-9.483734e-02	1.014649e+01
1.561898e+02	1.791927e-01	-8.863839e-01	1.255912e+01	2.633110e+00	1.608634e+00	3.277693e-01	-7.048874e-01	-5.954725e-02	9.944001e+00
1.227985e+02	6.172243e-02	-9.428382e-01	1.272014e+01	2.451920e+00	1.595871e+00	2.495981e-01	-6.866728e-01	-4.450387e-02	9.889651e+00
1.093811e+02	2.605354e-02	-9.476881e-01	1.276834e+01	2.383409e+00	1.597244e+00	2.724291e-01	-7.107652e-01	-3.675281e-02	9.876124e+00
8.081980e+01	5.605447e-02	-9.297149e-01	1.271141e+01	2.408934e+00	1.614858e+00	3.182051e-01	-7.384104e-01	-3.454732e-02	9.879082e+00
7.509642e+01	1.107082e-01	-9.472522e-01	1.261497e+01	2.439234e+00	1.636270e+00	3.062755e-01	-7.670864e-01	-3.774574e-02	9.915284e+00
7.617350e+01	1.871399e-01	-9.548184e-01	1.247764e+01	2.492915e+00	1.660144e+00	3.096897e-01	-7.928063e-01	-4.712378e-02	9.961903e+00
8.042576e+01	1.398965e-01	-9.644232e-01	1.248478e+01	2.491208e+00	1.674604e+00	3.038864e-01	-8.035741e-01	-5.407907e-02	9.982121e+00
6.954152e+01	1.074345e-01	-9.470386e-01	1.247318e+01	2.507009e+00	1.692343e+00	3.290095e-01	-8.059135e-01	-6.073420e-02	9.968170e+00
7.632560e+01	5.596493e-02	-9.622171e-01	1.251590e+01	2.481421e+00	1.693997e+00	3.070983e-01	-8.034313e-01	-6.566683e-02	9.991442e+00
9.804316e+01	3.190315e-02	-9.699233e-01	1.253551e+01	2.456971e+00	1.696571e+00	2.943389e-01	-8.021398e-01	-6.999217e-02	1.001139e+01
2.009267e+02	8.748118e-02	-8.852997e-01	1.243733e+01	2.566977e+00	1.712453e+00	3.470872e-01	-7.119286e-01	-4.245545e-02	9.838143e+00
8.889240e+01	2.351153e-02	-9.167090e-01	1.261567e+01	2.378759e+00	1.683670e+00	3.095006e-01	-7.018918e-01	-3.368025e-02	9.803920e+00
1.524233e+02	-1.601583e-02	-9.713298e-01	1.271717e+01	2.248560e+00	1.671253e+00	2.574571e-01	-7.177738e-01	-3.031478e-02	9.832119e+00
1.016930e+02	3.108986e-02	-9.612894e-01	1.266931e+01	2.255581e+00	1.682269e+00	2.907046e-01	-7.404541e-01	-2.991938e-02	9.837988e+00
7.757902e+01	9.995614e-02	-9.393734e-01	1.253571e+01	2.343617e+00	1.708190e+00	3.264764e-01	-7.645700e-01	-3.276690e-02	9.850272e+00
8.512230e+01	1.317874e-01	-9.634350e-01	1.248947e+01	2.320793e+00	1.722002e+00	2.992546e-01	-7.777155e-01	-3.764383e-02	9.888997e+00
8.697628e+01	1.353273e-01	-9.747850e-01	1.240789e+01	2.398138e+00	1.740279e+00	3.017296e-01	-7.880512e-01	-4.219597e-02	9.952208e+00
1.331669e+02	1.404872e-01	-9.294861e-01	1.229631e+01	2.556284e+00	1.763735e+00	3.527237e-01	-7.729709e-01	-3.724578e-02	9.921704e+00
8.468055e+01	-5.564968e-02	-9.709049e-01	1.260257e+01	2.330015e+00	1.713493e+00	3.139616e-01	-7.761461e-01	-4.103060e-02	9.957588e+00
9.116031e+01	-1.111640e-01	-9.684019e-01	1.269944e+01	2.245666e+00	1.700272e+00	3.203096e-01	-7.814549e-01	-4.565072e-02	9.965326e+00
7.652366e+01	-7.289437e-02	-9.485498e-01	1.266657e+01	2.268106e+00	1.709854e+00	3.307228e-01	-7.823120e-01	-4.891544e-02	9.962734e+00
7.742665e+01	-3.265469e-03	-9.562810e-01	1.259417e+01	2.297339e+00	1.725159e+00	3.106649e-01	-7.896041e-01	-5.503431e-02	9.999755e+00
8.011954e+01	8.176660e-02	-9.259263e-01	1.246960e+01	2.377592e+00	1.749303e+00	3.328018e-01	-7.802313e-01	-5.389632e-02	9.971845e+00
1.171784e+02	1.076993e-01	-9.703680e-01	1.245647e+01	2.309970e+00	1.753266e+00	2.740999e-01	-7.924972e-01	-6.185848e-02	1.000974e+01
8.416863e+01	1.252930e-01	-9.362027e-01	1.239152e+01	2.381369e+00	1.768456e+00	2.847202e-01	-7.428172e-01	-5.009127e-02	9.915415e+00
7.846058e+01	1.518424e-02	-9.340715e-01	1.246765e+01	2.367205e+00	1.765549e+00	2.858400e-01	-7.429175e-01	-4.547976e-02	9.867414e+00
7.464979e+01	1.530085e-02	-9.291928e-01	1.241748e+01	2.413734e+00	1.782777e+00	3.040194e-01	-7.563343e-01	-4.639443e-02	9.867108e+00
6.943059e+01	-7.085018e-04	-9.378369e-01	1.240399e+01	2.424703e+00	1.790752e+00	3.096227e-01	-7.774794e-01	-5.129679e-02	9.895981e+00
9.231132e+01	-4.541850e-03	-9.693674e-01	1.241062e+01	2.384284e+00	1.794701e+00	2.847040e-01	-7.975563e-01	-5.994640e-02	9.938108e+00
1.014986e+02	5.557776e-02	-9.235879e-01	1.230047e+01	2.458517e+00	1.818964e+00	3.317100e-01	-7.647440e-01	-5.208480e-02	9.873056e+00
1.090942e+02	-5.217960e-02	-9.725258e-01	1.250269e+01	2.274899e+00	1.775339e+00	2.787753e-01	-7.659369e-01	-5.311154e-02	9.895158e+00
8.604843e+01	-2.385714e-02	-9.661877e-01	1.247232e+01	2.286970e+00	1.786381e+00	2.967825e-01	-7.919019e-01	-6.443416e-02	9.923029e+00
6.609041e+01	3.272449e-04	-9.533238e-01	1.245207e+01	2.307531e+00	1.791775e+00	3.310137e-01	-8.014841e-01	-7.130579e-02	9.931807e+00
6.648720e+01	4.533173e-02	-9.518888e-01	1.241457e+01	2.321254e+00	1.800150e+00	3.228155e-01	-7.959197e-01	-7.544684e-02	9.943101e+00
6.921194e+01	4.877202e-02	-9.556327e-01	1.239507e+01	2.333996e+00	1.806000e+00	3.153060e-01	-7.967039e-01	-7.878425e-02	9.966310e+00
7.209873e+01	3.198586e-02	-9.527003e-01	1.239954e+01	2.339257e+00	1.806487e+00	3.140683e-01	-8.084418e-01	-8.265063e-02	1.001008e+01
8.293458e+01	5.225522e-02	-9.209412e-01	1.236021e+01	2.378013e+00	1.814573e+00	3.215828e-01	-7.610947e-01	-6.602086e-02	9.958045e+00
7.307153e+01	-4.876134e-03	-9.388406e-01	1.242422e+01	2.334985e+00	1.803435e+00	2.943920e-01	-7.538061e-01	-6.021909e-02	9.965913e+00
8.909158e+01	-9.045724e-03	-9.551895e-01	1.242678e+01	2.314975e+00	1.807856e+00	2.782340e-01	-7.635307e-01	-5.890259e-02	9.988772e+00
7.766322e+01	2.780265e-02	-9.528953e-01	1.236986e+01	2.345113e+00	1.823690e+00	2.879445e-01	-7.761714e-01	-5.891108e-02	1.000239e+01
7.959497e+01	5.283984e-02	-9.293034e-01	1.230500e+01	2.402460e+00	1.842866e+00	3.265044e-01	-7.903466e-01	-6.483355e-02	9.998548e+00
9.528682e+01	-1.618429e-03	-9.636926e-01	1.236018e+01	2.347800e+00	1.832617e+00	2.920711e-01	-8.020337e-01	-7.282271e-02	1.004838e+01
7.787476e+01	-9.302823e-03	-9.203668e-01	1.235356e+01	2.372935e+00	1.831542e+00	3.085709e-01	-7.363814e-01	-5.420175e-02	9.941818e+00
7.953535e+01	-6.599058e-02	-9.339444e-01	1.242529e+01	2.320622e+00	1.815528e+00	2.824573e-01	-7.334625e-01	-4.893316e-02	9.906009e+00
7.775172e+01	-4.048298e-02	-9.395178e-01	1.238427e+01	2.334096e+00	1.825797e+00	2.831467e-01	-7.482883e-01	-4.751308e-02	9.909656e+00
7.479868e+01	-8.379042e-03	-9.274037e-01	1.232934e+01	2.374326e+00	1.838642e+00	3.124075e-01	-7.656304e-01	-4.881627e-02	9.904855e+00
7.469662e+01	-4.284996e-03	-9.540897e-01	1.233649e+01	2.333653e+00	1.839080e+00	2.914313e-01	-7.819773e-01	-5.319246e-02	9.956865e+00
8.074636e+01	1.002058e-02	-9.605057e-01	1.230537e+01	2.356292e+00	1.847334e+00	2.986555e-01	-8.052196e-01	-6.420534e-02	1.000785e+01
6.995994e+01	1.753936e-02	-9.496646e-01	1.229271e+01	2.354197e+00	1.852914e+00	3.182579e-01	-8.092912e-01	-7.286554e-02	1.002066e+01
7.036267e+01	-5.876572e-03	-9.323407e-01	1.232472e+01	2.346771e+00	1.842624e+00	3.216947e-01	-7.746780e-01	-6.516433e-02	9.988267e+00
6.807741e+01	-2.713232e-02	-9.419970e-01	1.236140e+01	2.295852e+00	1.836635e+00	3.056108e-01	-7.735767e-01	-6.781795e-02	9.991050e+00
9.332886e+01	-3.224896e-02	-9.569731e-01	1.239459e+01	2.232711e+00	1.830072e+00	2.905506e-01	-8.087865e-01	-7.210239e-02	1.001473e+01
6.713604e+01	7.664556e-03	-9.363051e-01	1.231502e+01	2.285986e+00	1.846214e+00	3.108621e-01	-8.126709e-01	-7.404480e-02	9.996860e+00
6.936068e+01	-1.195238e-02	-9.342650e-01	1.230117e+01	2.311520e+00	1.850282e+00	3.178758e-01	-7.818744e-01	-6.442101e-02	9.945517e+00
7.383865e+01	-9.772345e-03	-9.533402e-01	1.230192e+01	2.289668e+00	1.848929e+00	2.957294e-01	-7.759780e-01	-6.225616e-02	9.939658e+00
7.256872e+01	3.621484e-02	-9.488972e-01	1.223247e+01	2.304131e+00	1.864644e+00	3.063971e-01	-7.818139e-01	-6.564862e-02	9.929894e+00
1.015491e+02	-4.329434e-02	-9.726437e-01	1.228301e+01	2.290889e+00	1.858898e+00	3.059956e-01	-8.235048e-01	-8.665248e-02	9.942955e+00
3.402439e+02	-5.259927e-02	-8.583420e-01	1.227531e+01	2.365374e+00	1.853568e+00	3.647442e-01	-6.724447e-01	-4.486030e-02	9.680424e+00
2.003942e+02	-1.563225e-01	-9.785571e-01	1.244446e+01	2.166660e+00	1.809563e+00	2.285076e-01	-6.468206e-01	-2.397437e-02	9.682920e+00
1.703623e+02	-1.475797e-01	-9.886792e-01	1.241842e+01	2.162575e+00	1.812471e+00	2.549312e-01	-6.745787e-01	-1.219118e-02	9.688200e+00
8.265815e+01	-5.821494e-02	-9.497201e-01	1.228153e+01	2.248957e+00	1.840736e+00	3.354268e-01	-7.116979e-01	-9.170041e-03	9.688697e+00
8.345851e+01	-3.104683e-02	-9.785568e-01	1.224455e+01	2.240233e+00	1.845611e+00	3.105865e-01	-7.399795e-01	-1.049599e-02	9.737914e+00
7.749521e+01	2.088167e-02	-9.708092e-01	1.216443e+01	2.285595e+00	1.864519e+00	3.174933e-01	-7.654280e-01	-1.520799e-02	9.755673e+00
7.540143e+01	2.392466e-02	-9.704019e-01	1.214800e+01	2.273924e+00	1.872120e+00	3.212600e-01	-7.837149e-01	-2.192183e-02	9.789978e+00
7.126474e+01	-3.800599e-02	-9.706079e-01	1.218182e+01	2.284816e+00	1.866150e+00	3.180059e-01	-7.920778e-01	-2.945031e-02	9.811985e+00
7.162288e+01	-6.797082e-02	-9.664555e-01	1.220203e+01	2.290160e+00	1.856060e+00	3.203798e-01	-8.284528e-01	-3.742038e-02	9.834253e+00
7.605119e+01	-8.844027e-02	-9.619526e-01	1.221262e+01	2.285310e+00	1.855341e+00	3.082943e-01	-8.332501e-01	-6.267443e-02	9.840905e+00
1.296972e+02	-6.056766e-02	-9.073384e-01	1.213894e+01	2.363707e+00	1.868508e+00	3.325388e-01	-7.634031e-01	-5.385285e-02	9.749257e+00
1.959973e+02	-1.446791e-01	-9.912861e-01	1.232010e+01	2.140337e+00	1.813942e+00	2.305085e-01	-7.572757e-01	-5.589935e-02	9.805898e+00
1.442685e+02	-1.138411e-01	-9.829575e-01	1.231090e+01	2.109204e+00	1.805530e+00	2.583860e-01	-7.649911e-01	-6.004624e-02	9.820626e+00
7.618667e+01	-4.112044e-02	-9.402904e-01	1.220305e+01	2.188227e+00	1.829564e+00	3.408558e-01	-7.925732e-01	-6.729745e-02	9.843800e+00
7.309535e+01	2.378165e-02	-9.539420e-01	1.212863e+01	2.212268e+00	1.845059e+00	3.251711e-01	-8.139293e-01	-7.776379e-02	9.884467e+00
7.400752e+01	-7.111971e-02	-9.634169e-01	1.221338e+01	2.183889e+00	1.830063e+00	3.095229e-01	-7.962699e-01	-7.608994e-02	9.934890e+00
8.470037e+01	-1.316931e-01	-9.649389e-01	1.224656e+01	2.193569e+00	1.822688e+00	3.001151e-01	-7.865922e-01	-7.715205e-02	1.002198e+01
1.076426e+02	-8.605132e-02	-9.090397e-01	1.217939e+01	2.256325e+00	1.835963e+00	3.443233e-01	-7.407296e-01	-5.973409e-02	9.968222e+00
1.988211e+02	-1.527816e-01	-9.896328e-01	1.229555e+01	2.119331e+00	1.797612e+00	2.382566e-01	-7.440563e-01	-5.672768e-02	1.006586e+01
2.197538e+02	-9.712481e-02	-9.946853e-01	1.224448e+01	2.130654e+00	1.806122e+00	2.347820e-01	-7.566814e-01	-5.677691e-02	1.009739e+01
9.124301e+01	-1.135227e-02	-9.232059e-01	1.211820e+01	2.227935e+00	1.832661e+00	3.424043e-01	-7.633174e-01	-5.723412e-02	1.004725e+01
8.831191e+01	-4.807239e-02	-9.216028e-01	1.214590e+01	2.216667e+00	1.824019e+00	3.467251e-01	-7.750872e-01	-6.168290e-02	1.004526e+01
1.004153e+02	-1.352539e-01	-9.632951e-01	1.222065e+01	2.181058e+00	1.805454e+00	2.994694e-01	-7.925151e-01	-7.318085e-02	1.012253e+01
8.920098e+01	-9.642825e-02	-9.058941e-01	1.218033e+01	2.227167e+00	1.810190e+00	3.128130e-01	-6.862304e-01	-2.587712e-02	9.963789e+00
8.355967e+01	-6.339617e-02	-9.133279e-01	1.217814e+01	2.187144e+00	1.806376e+00	2.888719e-01	-6.698902e-01	-4.276303e-03	9.929918e+00
9.821493e+01	-1.120890e-01	-9.386006e-01	1.222985e+01	2.146385e+00	1.794521e+00	2.648876e-01	-6.969368e-01	3.034827e-03	9.926171e+00
8.114394e+01	-6.960510e-02	-9.350449e-01	1.214835e+01	2.195389e+00	1.816157e+00	2.791056e-01	-7.316881e-01	3.928628e-03	9.913605e+00
7.033643e+01	-9.499044e-02	-9.355491e-01	1.214708e+01	2.200994e+00	1.817725e+00	3.031917e-01	-7.630301e-01	-2.634891e-03	9.930255e+00
6.810667e+01	-9.844521e-02	-9.448207e-01	1.217882e+01	2.148475e+00	1.811167e+00	3.111931e-01	-7.830974e-01	-1.105260e-02	9.968647e+00
6.726825e+01	-9.398590e-02	-9.493284e-01	1.215435e+01	2.172935e+00	1.818603e+00	3.082650e-01	-7.943964e-01	-1.908618e-02	1.001124e+01
7.243021e+01	-9.215696e-02	-9.528639e-01	1.212272e+01	2.205324e+00	1.824587e+00	3.014648e-01	-7.989696e-01	-2.649342e-02	1.003731e+01
7.151531e+01	-6.387266e-02	-9.355218e-01	1.208639e+01	2.234366e+00	1.831174e+00	3.276931e-01	-7.926576e-01	-1.728704e-02	1.004285e+01
9.615004e+01	-9.088106e-02	-9.641583e-01	1.217734e+01	2.124974e+00	1.808287e+00	2.902344e-01	-7.952719e-01	-2.023412e-02	1.006871e+01
7.394470e+01	-6.503391e-02	-9.273179e-01	1.213005e+01	2.164905e+00	1.813261e+00	3.094187e-01	-7.430777e-01	5.308181e-03	9.990964e+00
7.465033e+01	-1.010658e-01	-9.219784e-01	1.214915e+01	2.165810e+00	1.802875e+00	3.102204e-01	-7.384419e-01	1.367185e-02	9.965361e+00
8.771060e+01	-1.137477e-01	-9.506638e-01	1.216288e+01	2.136821e+00	1.799065e+00	2.792419e-01	-7.573854e-01	8.751672e-03	9.983979e+00
7.307785e+01	-5.974349e-02	-9.414570e-01	1.208316e+01	2.178790e+00	1.824371e+00	2.957490e-01	-7.724129e-01	1.036843e-03	9.973935e+00
6.708606e+01	-8.350753e-02	-9.419304e-01	1.208363e+01	2.199315e+00	1.823762e+00	3.115459e-01	-7.943809e-01	-1.293385e-02	9.997640e+00
6.349636e+01	-1.275253e-01	-9.402896e-01	1.208783e+01	2.233398e+00	1.818831e+00	3.162590e-01	-8.049050e-01	-2.658978e-02	1.000953e+01
9.342244e+01	-1.516848e-01	-9.616921e-01	1.213774e+01	2.181125e+00	1.805377e+00	2.956803e-01	-8.113231e-01	-4.031042e-02	1.004178e+01
1.236330e+02	-1.153610e-01	-8.936713e-01	1.211694e+01	2.221985e+00	1.802562e+00	3.306262e-01	-7.030024e-01	6.386985e-03	9.894835e+00
9.946815e+01	-1.647794e-01	-9.353246e-01	1.224106e+01	2.094134e+00	1.767987e+00	2.665692e-01	-6.919312e-01	2.214863e-02	9.883066e+00
1.339842e+02	-1.721403e-01	-9.532932e-01	1.229182e+01	2.039792e+00	1.751369e+00	2.513808e-01	-7.098605e-01	2.804881e-02	9.873216e+00
1.010167e+02	-8.386078e-02	-9.094855e-01	1.217781e+01	2.110711e+00	1.780718e+00	3.360154e-01	-7.453623e-01	2.282265e-02	9.867095e+00
7.067919e+01	-8.950104e-02	-9.372677e-01	1.217105e+01	2.115606e+00	1.783888e+00	3.180964e-01	-7.734098e-01	1.169874e-02	9.920388e+00
8.123625e+01	-5.785441e-02	-9.611228e-01	1.213516e+01	2.112441e+00	1.794345e+00	2.963449e-01	-7.876391e-01	8.020609e-04	9.974306e+00
9.606331e+01	-7.463085e-02	-9.700754e-01	1.210712e+01	2.150007e+00	1.801746e+00	2.950722e-01	-8.066786e-01	-1.770991e-02	1.001780e+01
8.419989e+01	-2.853068e-02	-9.350541e-01	1.202235e+01	2.213775e+00	1.822096e+00	3.396089e-01	-8.041121e-01	-2.877683e-02	1.000240e+01
9.716877e+01	-1.188008e-01	-9.473466e-01	1.213590e+01	2.147743e+00	1.784812e+00	3.127172e-01	-8.419853e-01	-4.158851e-02	1.007429e+01
7.407048e+01	-1.283561e-01	-9.133665e-01	1.215591e+01	2.144591e+00	1.772985e+00	3.213458e-01	-7.787825e-01	-5.879948e-03	1.001782e+01
6.935575e+01	-1.494777e-01	-9.194722e-01	1.217182e+01	2.138782e+00	1.766055e+00	3.043490e-01	-7.640576e-01	7.446306e-03	1.000497e+01
8.881436e+01	-1.281992e-01	-9.444413e-01	1.217671e+01	2.107352e+00	1.761852e+00	2.747959e-01	-7.686196e-01	8.470184e-03	1.003043e+01
7.695664e+01	-9.853432e-02	-9.465089e-01	1.214289e+01	2.116569e+00	1.768689e+00	2.905709e-01	-7.821112e-01	-3.025587e-04	1.005391e+01
6.978885e+01	-3.655594e-02	-9.359848e-01	1.206765e+01	2.162319e+00	1.788833e+00	3.138318e-01	-8.114211e-01	-2.252795e-02	1.007215e+01
7.027979e+01	-1.161374e-01	-9.415344e-01	1.211504e+01	2.162028e+00	1.777976e+00	3.121762e-01	-8.160080e-01	-3.773317e-02	1.009097e+01
8.535404e+01	-9.948580e-02	-9.097262e-01	1.208561e+01	2.184509e+00	1.782214e+00	3.240601e-01	-7.553397e-01	-1.411836e-02	1.000994e+01
7.048941e+01	-1.551487e-01	-9.274457e-01	1.216312e+01	2.114457e+00	1.758198e+00	3.013479e-01	-7.501916e-01	-8.960811e-03	9.998955e+00
7.723291e+01	-1.419492e-01	-9.403141e-01	1.217061e+01	2.090565e+00	1.753719e+00	2.904488e-01	-7.594217e-01	-1.071716e-02	1.000268e+01
6.933938e+01	-8.227683e-02	-9.390313e-01	1.209151e+01	2.134058e+00	1.774595e+00	3.011769e-01	-7.830805e-01	-2.107458e-02	1.002467e+01
6.791669e+01	-8.193421e-02	-9.434606e-01	1.209480e+01	2.123588e+00	1.769885e+00	3.039441e-01	-7.936150e-01	-3.121870e-02	1.003317e+01
6.635497e+01	-6.883194e-02	-9.403869e-01	1.208692e+01	2.107292e+00	1.771177e+00	3.105586e-01	-7.965172e-01	-4.128283e-02	1.003037e+01
6.382618e+01	-9.907835e-02	-9.380888e-01	1.209195e+01	2.127670e+00	1.768951e+00	3.148997e-01	-7.967605e-01	-4.710592e-02	1.003261e+01
6.372107e+01	-1.313215e-01	-9.314128e-01	1.208210e+01	2.161625e+00	1.768715e+00	3.228512e-01	-7.973325e-01	-5.301668e-02	1.003289e+01
9.826692e+01	-1.451276e-01	-9.599518e-01	1.210595e+01	2.124970e+00	1.759505e+00	2.867437e-01	-7.985942e-01	-6.057684e-02	1.006605e+01
8.456300e+01	-7.305402e-02	-9.532636e-01	1.201200e+01	2.167247e+00	1.781437e+00	2.909735e-01	-7.997358e-01	-6.618671e-02	1.006661e+01
1.406781e+02	-9.401783e-02	-8.909088e-01	1.201168e+01	2.213104e+00	1.774306e+00	3.372367e-01	-7.191997e-01	-3.568176e-02	9.938004e+00
7.874070e+01	-2.325276e-01	-9.159434e-01	1.213462e+01	2.163317e+00	1.739962e+00	3.152208e-01	-7.128180e-01	-2.654295e-02	9.952911e+00
1.272789e+02	-2.593657e-01	-9.630771e-01	1.218663e+01	2.095336e+00	1.725589e+00	2.611194e-01	-7.394072e-01	-2.975070e-02	9.995723e+00
7.898576e+01	-1.908779e-01	-9.505946e-01	1.211478e+01	2.125866e+00	1.748574e+00	2.928649e-01	-7.615291e-01	-3.350718e-02	1.002967e+01
7.277430e+01	-1.093220e-01	-9.289667e-01	1.202164e+01	2.191745e+00	1.774853e+00	3.319452e-01	-7.826887e-01	-4.079139e-02	1.004904e+01
9.712533e+01	-1.627950e-01	-9.630754e-01	1.209438e+01	2.124832e+00	1.748572e+00	2.940034e-01	-7.950250e-01	-4.869908e-02	1.009486e+01
6.725119e+01	-1.050371e-01	-9.340561e-01	1.203000e+01	2.176493e+00	1.763778e+00	3.125396e-01	-7.692164e-01	-3.758218e-02	1.004889e+01
7.181791e+01	-5.839114e-02	-9.317294e-01	1.200857e+01	2.155227e+00	1.768583e+00	3.042073e-01	-7.665881e-01	-3.579262e-02	1.004492e+01
6.895584e+01	-1.420866e-01	-9.446365e-01	1.207679e+01	2.136587e+00	1.748366e+00	2.993461e-01	-7.819747e-01	-4.297701e-02	1.007004e+01
6.251518e+01	-1.527036e-01	-9.366345e-01	1.210545e+01	2.128352e+00	1.735821e+00	3.196857e-01	-7.861170e-01	-4.711433e-02	1.009309e+01
6.408635e+01	-1.437964e-01	-9.384943e-01	1.208230e+01	2.140658e+00	1.740662e+00	3.122537e-01	-7.901694e-01	-5.234952e-02	1.010198e+01
6.629637e+01	-1.189418e-01	-9.358795e-01	1.205276e+01	2.152539e+00	1.741604e+00	3.008375e-01	-7.728376e-01	-4.802431e-02	1.011901e+01
6.491116e+01	-1.025533e-01	-9.293297e-01	1.203512e+01	2.156306e+00	1.746018e+00	3.113801e-01	-7.776032e-01	-4.835870e-02	1.012112e+01
7.596811e+01	-9.772554e-02	-9.390999e-01	1.202083e+01	2.153495e+00	1.754423e+00	3.089505e-01	-8.060828e-01	-6.697673e-02	1.015606e+01
6.470009e+01	-1.318502e-01	-9.340755e-01	1.205908e+01	2.129395e+00	1.738994e+00	3.103603e-01	-7.891085e-01	-6.514963e-02	1.013241e+01
9.832802e+01	-1.251222e-01	-9.501042e-01	1.208417e+01	2.077137e+00	1.728447e+00	3.040377e-01	-8.104898e-01	-6.667808e-02	1.016022e+01
1.349312e+02	-1.052406e-01	-8.848438e-01	1.205726e+01	2.126352e+00	1.727522e+00	3.422031e-01	-7.159760e-01	-2.263225e-02	1.001959e+01
7.873791e+01	-1.468363e-01	-9.244382e-01	1.211342e+01	2.058452e+00	1.711232e+00	2.859004e-01	-7.123164e-01	-1.010803e-02	1.001271e+01
9.558387e+01	-1.492024e-01	-9.420757e-01	1.212720e+01	2.033382e+00	1.702483e+00	2.722006e-01	-7.280476e-01	-7.064965e-03	1.001539e+01
7.245326e+01	-1.131909e-01	-9.216567e-01	1.206041e+01	2.079142e+00	1.716397e+00	3.150043e-01	-7.501156e-01	-9.290345e-03	1.000396e+01
7.332576e+01	-9.390201e-02	-9.437669e-01	1.204055e+01	2.072929e+00	1.721073e+00	2.983749e-01	-7.730944e-01	-1.675595e-02	1.003043e+01
7.767943e+01	-1.022791e-02	-9.488732e-01	1.193348e+01	2.125729e+00	1.747277e+00	3.143423e-01	-7.842830e-01	-2.525213e-02	1.005209e+01
8.767375e+01	-1.868762e-01	-9.671492e-01	1.205853e+01	2.092716e+00	1.723605e+00	3.038993e-01	-7.940920e-01	-3.384939e-02	1.005539e+01
6.472401e+01	-2.467461e-01	-9.429289e-01	1.207515e+01	2.114795e+00	1.720827e+00	3.391731e-01	-7.988679e-01	-4.405274e-02	1.003677e+01
6.423458e+01	-2.224887e-01	-9.370193e-01	1.204555e+01	2.130905e+00	1.733133e+00	3.364472e-01	-8.010997e-01	-5.367637e-02	1.002962e+01
7.105602e+01	-2.004698e-01	-9.518877e-01	1.204199e+01	2.114440e+00	1.731961e+00	3.147685e-01	-8.024549e-01	-6.216486e-02	1.005975e+01
8.844117e+01	-1.126228e-01	-9.137848e-01	1.196793e+01	2.143116e+00	1.748803e+00	3.266528e-01	-7.417849e-01	-3.769122e-02	9.977974e+00
8.513231e+01	-1.801183e-01	-9.468895e-01	1.204108e+01	2.081977e+00	1.720740e+00	2.805658e-01	-7.409971e-01	-3.161050e-02	9.987971e+00
6.994675e+01	-1.444864e-01	-9.377452e-01	1.200087e+01	2.099402e+00	1.728808e+00	3.012120e-01	-7.540068e-01	-3.112706e-02	9.980011e+00
7.099870e+01	-1.374803e-01	-9.275797e-01	1.197708e+01	2.133190e+00	1.730766e+00	3.189004e-01	-7.686366e-01	-3.381002e-02	9.968896e+00
7.550381e+01	-1.395273e-01	-9.563655e-01	1.199815e+01	2.079188e+00	1.721788e+00	2.981406e-01	-7.833123e-01	-4.026796e-02	1.002041e+01
6.496762e+01	-1.658592e-01	-9.404753e-01	1.201988e+01	2.083063e+00	1.709440e+00	3.254761e-01	-7.778638e-01	-4.013432e-02	1.001370e+01
6.378515e+01	-1.296712e-01	-9.410857e-01	1.199565e+01	2.070266e+00	1.714791e+00	3.251814e-01	-7.888138e-01	-4.681059e-02	1.003183e+01
6.815218e+01	-8.518858e-02	-9.449895e-01	1.198433e+01	2.026526e+00	1.716873e+00	3.148650e-01	-7.934997e-01	-5.326202e-02	1.004029e+01
6.561824e+01	-1.288421e-01	-9.414546e-01	1.199058e+01	2.047316e+00	1.711864e+00	3.117341e-01	-7.797975e-01	-4.967550e-02	1.003284e+01
6.391238e+01	-1.493472e-01	-9.415430e-01	1.199185e+01	2.043227e+00	1.715726e+00	3.151320e-01	-7.831788e-01	-5.245298e-02	1.004263e+01
7.395542e+01	-1.560157e-01	-9.500236e-01	1.197070e+01	2.066943e+00	1.716129e+00	3.031259e-01	-7.991790e-01	-6.510417e-02	1.006391e+01
9.356668e+01	-1.087030e-01	-9.099595e-01	1.191330e+01	2.114522e+00	1.724232e+00	3.274675e-01	-7.440724e-01	-4.381323e-02	9.989030e+00
7.092987e+01	-2.137876e-01	-9.290382e-01	1.201998e+01	2.058298e+00	1.687435e+00	2.998432e-01	-7.398728e-01	-3.611497e-02	9.973485e+00
7.208115e+01	-2.283582e-01	-9.355136e-01	1.203355e+01	2.044362e+00	1.679874e+00	2.982659e-01	-7.543195e-01	-3.613172e-02	9.973105e+00
7.645064e+01	-1.999132e-01	-9.502308e-01	1.201888e+01	2.045497e+00	1.684630e+00	2.931904e-01	-7.743383e-01	-4.635844e-02	1.000711e+01
6.818139e+01	-9.862343e-02	-9.420062e-01	1.189954e+01	2.110929e+00	1.719973e+00	3.187833e-01	-8.016554e-01	-6.433310e-02	1.003232e+01
6.875455e+01	-1.715084e-01	-9.473782e-01	1.195377e+01	2.101994e+00	1.703353e+00	3.153094e-01	-8.080620e-01	-7.559485e-02	1.004725e+01
9.505935e+01	-1.584527e-01	-9.074188e-01	1.192543e+01	2.141794e+00	1.712512e+00	3.277014e-01	-7.374623e-01	-4.818324e-02	9.947756e+00
8.270980e+01	-2.402071e-01	-9.430795e-01	1.204097e+01	2.041489e+00	1.664737e+00	2.889853e-01	-7.287649e-01	-3.860990e-02	9.969401e+00
9.481308e+01	-2.200935e-01	-9.563082e-01	1.203046e+01	2.035111e+00	1.659944e+00	2.810652e-01	-7.436969e-01	-3.534666e-02	9.993174e+00
7.398304e+01	-1.468536e-01	-9.274314e-01	1.194559e+01	2.083151e+00	1.682483e+00	3.340319e-01	-7.689934e-01	-4.115170e-02	9.998083e+00
7.003291e+01	-1.463063e-01	-9.532614e-01	1.190992e+01	2.115394e+00	1.691067e+00	3.088064e-01	-8.002928e-01	-5.877872e-02	1.002958e+01
7.156022e+01	-1.279184e-01	-9.312830e-01	1.190890e+01	2.104189e+00	1.685022e+00	3.210627e-01	-7.645350e-01	-4.388738e-02	9.975018e+00
7.280267e+01	-8.378166e-02	-9.306869e-01	1.190131e+01	2.070850e+00	1.681831e+00	3.140410e-01	-7.754919e-01	-4.824851e-02	9.977124e+00
1.057787e+02	-2.245688e-01	-9.640817e-01	1.202509e+01	2.002274e+00	1.644530e+00	2.785089e-01	-7.842165e-01	-5.443644e-02	1.000979e+01
1.274040e+02	-2.521357e-01	-9.664045e-01	1.203889e+01	2.017992e+00	1.639887e+00	2.785592e-01	-8.044318e-01	-7.189892e-02	1.003573e+01
2.804699e+02	-1.591436e-01	-8.598101e-01	1.193319e+01	2.119783e+00	1.672626e+00	3.677058e-01	-7.091589e-01	-4.880342e-02	9.882724e+00
2.367773e+02	-2.039465e-01	-9.850964e-01	1.207920e+01	1.929838e+00	1.626404e+00	2.144473e-01	-6.937210e-01	-4.045423e-02	9.988202e+00
2.108273e+02	-1.678182e-01	-9.939840e-01	1.207154e+01	1.909460e+00	1.631192e+00	2.369971e-01	-7.235484e-01	-3.796505e-02	1.003461e+01
8.346147e+01	-5.057072e-02	-9.535101e-01	1.188170e+01	2.046936e+00	1.687838e+00	3.000217e-01	-7.452220e-01	-3.450701e-02	1.003039e+01
8.736750e+01	-1.325568e-01	-9.258824e-01	1.185985e+01	2.140760e+00	1.697263e+00	3.430045e-01	-7.651103e-01	-3.574198e-02	1.002302e+01
6.404504e+01	-2.194434e-01	-9.443379e-01	1.196361e+01	2.044016e+00	1.655060e+00	3.227429e-01	-7.814398e-01	-4.102741e-02	1.002276e+01
7.943270e+01	-2.501078e-01	-9.581036e-01	1.199381e+01	2.019725e+00	1.640583e+00	3.060747e-01	-7.897256e-01	-4.662293e-02	1.004227e+01
6.311781e+01	-1.744254e-01	-9.381120e-01	1.189751e+01	2.068114e+00	1.671974e+00	3.286995e-01	-7.915997e-01	-5.191897e-02	1.003534e+01
7.100582e+01	-1.758264e-01	-9.475464e-01	1.190203e+01	2.058190e+00	1.665127e+00	3.203023e-01	-8.132161e-01	-7.193989e-02	1.005641e+01
1.287317e+02	-9.203848e-02	-9.000261e-01	1.183266e+01	2.103376e+00	1.681513e+00	3.377375e-01	-7.369787e-01	-4.284385e-02	9.946602e+00
1.125935e+02	-2.910742e-01	-9.574238e-01	1.204020e+01	1.928312e+00	1.608114e+00	2.756140e-01	-7.304460e-01	-3.763639e-02	9.990842e+00
8.195793e+01	-3.221023e-01	-9.466833e-01	1.206594e+01	1.890034e+00	1.596882e+00	3.128780e-01	-7.555199e-01	-4.274502e-02	9.999563e+00
6.865770e+01	-2.629610e-01	-9.387204e-01	1.200048e+01	1.915693e+00	1.618507e+00	3.272470e-01	-7.740972e-01	-4.755664e-02	1.001975e+01
6.983028e+01	-2.118883e-01	-9.477289e-01	1.195104e+01	1.946283e+00	1.631401e+00	3.138034e-01	-7.937190e-01	-5.691181e-02	1.005287e+01
7.041913e+01	-9.497051e-02	-9.401038e-01	1.182463e+01	2.003039e+00	1.670132e+00	3.248478e-01	-7.989265e-01	-4.528643e-02	1.007514e+01
8.731770e+01	-5.725499e-02	-9.523921e-01	1.179078e+01	1.993849e+00	1.682765e+00	3.061541e-01	-7.987340e-01	-4.363991e-02	1.010359e+01
7.131964e+01	-1.963230e-01	-9.243055e-01	1.186560e+01	2.025506e+00	1.657276e+00	3.121583e-01	-7.307428e-01	-3.839770e-03	1.002084e+01
7.376107e+01	-3.010653e-01	-9.294486e-01	1.192904e+01	2.053255e+00	1.630937e+00	2.985374e-01	-7.283104e-01	9.881721e-03	1.000979e+01
7.685403e+01	-2.868016e-01	-9.391838e-01	1.191088e+01	2.058676e+00	1.639209e+00	2.890377e-01	-7.459792e-01	1.031469e-02	1.001260e+01
6.701773e+01	-2.110139e-01	-9.311942e-01	1.184133e+01	2.089782e+00	1.669744e+00	3.157062e-01	-7.700026e-01	4.775487e-03	1.002733e+01
8.128496e+01	-1.929898e-01	-9.555795e-01	1.184135e+01	2.053470e+00	1.664238e+00	2.902168e-01	-7.954167e-01	-1.528662e-02	1.006115e+01
7.729272e+01	-1.281200e-01	-9.253573e-01	1.178816e+01	2.081574e+00	1.674904e+00	3.118095e-01	-7.564026e-01	2.287218e-04	1.001099e+01
8.396534e+01	-2.331610e-01	-9.479665e-01	1.191561e+01	1.994380e+00	1.624524e+00	2.842162e-01	-7.561718e-01	1.121737e-03	1.000514e+01
8.731722e+01	-2.864022e-01	-9.507993e-01	1.199538e+01	1.946876e+00	1.586979e+00	2.915782e-01	-7.749489e-01	-9.889837e-03	1.001360e+01
6.390413e+01	-2.050948e-01	-9.275998e-01	1.189599e+01	2.006299e+00	1.621362e+00	3.242164e-01	-8.213376e-01	-4.468532e-02	1.000937e+01
9.443562e+01	-1.183369e-01	-9.441165e-01	1.180862e+01	2.044847e+00	1.654311e+00	3.006940e-01	-8.315562e-01	-6.511132e-02	1.007096e+01
8.911695e+01	-1.566697e-01	-8.975364e-01	1.183774e+01	2.056148e+00	1.631355e+00	3.022150e-01	-7.119043e-01	-2.947309e-02	9.952523e+00
8.950141e+01	-2.711217e-01	-9.196600e-01	1.197207e+01	1.942953e+00	1.568834e+00	2.708118e-01	-6.925661e-01	-1.862935e-02	9.931188e+00
9.348530e+01	-2.656840e-01	-9.304702e-01	1.197071e+01	1.933266e+00	1.569319e+00	2.696249e-01	-7.151122e-01	-1.341884e-02	9.929838e+00
9.694607e+01	-2.031550e-01	-9.465271e-01	1.192290e+01	1.948426e+00	1.583917e+00	2.689585e-01	-7.494938e-01	-1.521912e-02	9.967615e+00
1.264517e+02	-1.256531e-01	-9.012648e-01	1.181523e+01	2.042002e+00	1.624949e+00	3.483304e-01	-7.726199e-01	-1.912959e-02	9.949707e+00
7.974854e+01	-2.475349e-01	-9.535720e-01	1.193312e+01	1.948086e+00	1.581472e+00	2.975579e-01	-7.926072e-01	-3.081040e-02	1.000045e+01
8.743625e+01	-2.456151e-01	-9.578133e-01	1.193289e+01	1.933059e+00	1.579380e+00	2.964531e-01	-8.007796e-01	-4.073169e-02	1.000885e+01
1.563673e+02	-1.695991e-01	-8.896373e-01	1.185566e+01	1.992625e+00	1.599268e+00	3.584357e-01	-7.488006e-01	-1.697667e-02	9.910281e+00
7.535115e+01	-2.615418e-01	-9.344387e-01	1.198713e+01	1.853988e+00	1.536827e+00	3.183171e-01	-7.524581e-01	-1.676583e-02	9.952927e+00
1.242719e+02	-2.811926e-01	-9.704197e-01	1.204018e+01	1.787755e+00	1.505475e+00	2.849191e-01	-7.688056e-01	-2.163322e-02	1.001064e+01
7.376090e+01	-1.973768e-01	-9.302380e-01	1.192582e+01	1.858590e+00	1.538172e+00	3.412957e-01	-7.699880e-01	-2.078294e-02	9.998023e+00
7.834666e+01	-7.791972e-02	-9.329801e-01	1.177921e+01	1.933788e+00	1.590148e+00	3.251145e-01	-7.793053e-01	-2.535386e-02	1.001184e+01
8.734705e+01	-2.191563e-01	-9.607457e-01	1.183966e+01	1.946528e+00	1.581957e+00	2.975351e-01	-7.955602e-01	-3.864993e-02	1.005895e+01
8.720390e+01	-2.473048e-01	-9.107772e-01	1.184231e+01	1.991584e+00	1.584434e+00	3.348783e-01	-7.308100e-01	-1.192996e-02	9.973397e+00
8.668359e+01	-2.621909e-01	-9.462938e-01	1.185107e+01	1.975213e+00	1.579955e+00	2.819710e-01	-7.292302e-01	-6.267231e-03	9.989680e+00
7.146475e+01	-2.416461e-01	-9.411643e-01	1.181207e+01	2.005248e+00	1.593081e+00	2.999782e-01	-7.424165e-01	-5.811289e-03	9.982631e+00
6.891052e+01	-1.733536e-01	-9.401915e-01	1.174962e+01	2.031179e+00	1.616467e+00	3.066750e-01	-7.660841e-01	-1.252068e-02	1.000236e+01
6.595561e+01	-1.585216e-01	-9.420368e-01	1.175454e+01	2.027828e+00	1.617426e+00	3.178902e-01	-7.919431e-01	-2.852268e-02	1.001960e+01
8.401795e+01	-2.023276e-01	-9.597363e-01	1.179612e+01	1.996492e+00	1.598623e+00	2.967935e-01	-8.012099e-01	-4.015356e-02	1.004403e+01
6.417005e+01	-1.782017e-01	-9.376259e-01	1.175208e+01	2.039503e+00	1.616761e+00	3.143366e-01	-7.912798e-01	-4.474018e-02	1.002421e+01
7.267669e+01	-2.326664e-01	-9.488619e-01	1.181488e+01	1.994165e+00	1.583164e+00	3.071915e-01	-8.074958e-01	-6.482727e-02	1.004906e+01
7.088769e+01	-1.871839e-01	-9.462450e-01	1.178487e+01	1.992303e+00	1.591291e+00	3.062799e-01	-8.038021e-01	-7.423666e-02	1.005676e+01
9.940949e+01	-1.974792e-01	-9.009888e-01	1.179808e+01	2.009653e+00	1.572190e+00	3.323345e-01	-7.343677e-01	-4.815650e-02	9.959991e+00
1.172244e+02	-2.568977e-01	-9.553727e-01	1.185095e+01	1.987668e+00	1.538637e+00	2.561504e-01	-7.297084e-01	-4.044559e-02	1.000458e+01
1.260733e+02	-2.115728e-01	-9.673707e-01	1.180778e+01	2.012148e+00	1.555051e+00	2.535186e-01	-7.548762e-01	-4.252883e-02	1.003167e+01
9.436656e+01	-1.483949e-01	-9.189678e-01	1.173304e+01	2.074777e+00	1.587352e+00	3.423611e-01	-7.684099e-01	-4.003806e-02	1.001151e+01
6.420540e+01	-2.159624e-01	-9.374616e-01	1.180835e+01	2.016251e+00	1.545828e+00	3.317990e-01	-7.793856e-01	-4.590290e-02	1.005315e+01
8.757355e+01	-2.222315e-01	-9.467201e-01	1.181034e+01	2.012338e+00	1.540330e+00	3.189933e-01	-8.246519e-01	-5.164014e-02	1.013578e+01
1.113698e+02	-2.170284e-01	-9.511576e-01	1.182738e+01	1.980418e+00	1.523314e+00	3.033920e-01	-8.197242e-01	-5.385282e-02	1.016954e+01
1.447604e+02	-1.586129e-01	-8.820849e-01	1.178107e+01	2.026797e+00	1.523295e+00	3.457785e-01	-7.173769e-01	-5.931988e-05	1.003979e+01
1.688885e+02	-2.484487e-01	-9.643376e-01	1.194832e+01	1.835027e+00	1.459959e+00	2.443063e-01	-6.969622e-01	2.115530e-02	1.008152e+01
7.772798e+01	-2.226948e-01	-9.280072e-01	1.193057e+01	1.823092e+00	1.463498e+00	3.152018e-01	-7.175311e-01	2.822768e-02	1.005539e+01
7.284815e+01	-1.755842e-01	-9.272397e-01	1.187351e+01	1.839297e+00	1.481904e+00	3.197811e-01	-7.485321e-01	2.314644e-02	1.005360e+01
7.232419e+01	-1.610150e-01	-9.350854e-01	1.185792e+01	1.828442e+00	1.489592e+00	3.130068e-01	-7.700604e-01	1.391844e-02	1.004872e+01
7.852160e+01	-1.372372e-01	-9.475210e-01	1.178322e+01	1.894681e+00	1.517944e+00	3.003335e-01	-7.987532e-01	-6.599297e-03	1.008653e+01
7.079169e+01	-1.425227e-01	-9.312602e-01	1.172471e+01	1.961100e+00	1.545799e+00	3.086329e-01	-7.737790e-01	4.018299e-03	1.010370e+01
6.600062e+01	-2.038166e-01	-9.261764e-01	1.172988e+01	1.993935e+00	1.537986e+00	3.133774e-01	-7.716559e-01	4.271694e-03	1.010955e+01
6.552787e+01	-2.151718e-01	-9.332527e-01	1.170945e+01	2.012945e+00	1.545417e+00	3.061154e-01	-7.801677e-01	-9.651920e-04	1.012422e+01
1.150915e+02	-2.782105e-01	-9.605020e-01	1.176399e+01	1.970441e+00	1.517610e+00	2.915301e-01	-7.952698e-01	-5.179852e-02	1.018728e+01
6.588929e+01	-2.460115e-01	-9.262758e-01	1.171126e+01	2.006323e+00	1.531748e+00	3.419270e-01	-7.852675e-01	-7.910073e-02	1.016739e+01
6.217555e+01	-2.358990e-01	-9.293176e-01	1.175561e+01	1.941205e+00	1.505795e+00	3.321634e-01	-7.780308e-01	-8.781292e-02	1.019332e+01
7.517235e+01	-2.532103e-01	-9.411990e-01	1.181431e+01	1.870434e+00	1.472011e+00	3.150671e-01	-7.799197e-01	-9.398810e-02	1.020743e+01
1.011704e+02	-1.810794e-01	-8.927304e-01	1.176910e+01	1.895181e+00	1.485472e+00	3.361394e-01	-7.055879e-01	-5.295086e-02	1.008754e+01
7.787245e+01	-2.229106e-01	-9.211044e-01	1.178178e+01	1.907903e+00	1.479446e+00	2.846770e-01	-7.056778e-01	-3.364760e-02	1.007114e+01
8.072068e+01	-1.990450e-01	-9.324761e-01	1.175741e+01	1.906820e+00	1.491209e+00	2.821106e-01	-7.272014e-01	-2.745410e-02	1.006652e+01
8.102774e+01	-1.217653e-01	-9.223130e-01	1.164594e+01	1.962747e+00	1.538138e+00	3.126425e-01	-7.527519e-01	-2.676723e-02	1.006826e+01
8.563601e+01	-2.933797e-01	-9.522317e-01	1.177374e+01	1.892676e+00	1.487492e+00	2.887421e-01	-7.742950e-01	-3.211686e-02	1.007865e+01
6.805435e+01	-3.158663e-01	-9.410330e-01	1.179731e+01	1.877761e+00	1.473590e+00	3.108168e-01	-7.842613e-01	-3.929622e-02	1.005979e+01
6.093690e+01	-2.633108e-01	-9.351014e-01	1.171986e+01	1.925561e+00	1.506071e+00	3.199144e-01	-8.004292e-01	-5.033937e-02	1.006432e+01
6.468728e+01	-2.163168e-01	-9.285503e-01	1.164477e+01	1.979029e+00	1.538052e+00	3.248012e-01	-8.029385e-01	-5.913572e-02	1.008991e+01
7.753853e+01	-1.925949e-01	-9.468630e-01	1.166223e+01	1.934579e+00	1.528097e+00	2.910862e-01	-7.842368e-01	-5.352245e-02	1.010261e+01
6.168294e+01	-2.528836e-01	-9.344520e-01	1.170232e+01	1.929823e+00	1.505684e+00	3.105229e-01	-7.778477e-01	-5.397519e-02	1.008797e+01
6.716433e+01	-2.239916e-01	-9.394580e-01	1.168467e+01	1.931530e+00	1.512672e+00	3.109990e-01	-8.003663e-01	-6.932644e-02	1.011364e+01
6.685401e+01	-2.141838e-01	-9.232687e-01	1.168150e+01	1.930614e+00	1.502470e+00	3.078113e-01	-7.519632e-01	-4.850206e-02	1.006759e+01
6.725432e+01	-2.093687e-01	-9.302830e-01	1.167837e+01	1.929089e+00	1.503054e+00	2.993564e-01	-7.604995e-01	-4.955487e-02	1.006464e+01
7.243057e+01	-1.813614e-01	-9.420961e-01	1.166482e+01	1.920632e+00	1.508414e+00	2.950334e-01	-7.818681e-01	-5.787588e-02	1.008727e+01
6.378704e+01	-2.297142e-01	-9.306246e-01	1.168057e+01	1.938602e+00	1.498435e+00	3.089659e-01	-7.728141e-01	-5.305516e-02	1.006096e+01
1.204690e+02	-2.997037e-01	-9.624901e-01	1.173197e+01	1.911484e+00	1.472023e+00	2.901000e-01	-8.070022e-01	-5.397358e-02	1.011928e+01
6.815234e+01	-2.526387e-01	-9.243508e-01	1.167440e+01	1.964066e+00	1.488786e+00	3.428029e-01	-8.017249e-01	-5.436820e-02	1.010073e+01
7.149616e+01	-2.162480e-01	-9.451571e-01	1.166395e+01	1.946972e+00	1.490969e+00	3.065761e-01	-7.969591e-01	-5.913918e-02	1.012064e+01
7.773351e+01	-2.117254e-01	-9.119944e-01	1.166747e+01	1.949000e+00	1.475029e+00	3.185422e-01	-7.265508e-01	-2.287286e-02	1.003294e+01
9.124699e+01	-2.337191e-01	-9.434996e-01	1.172676e+01	1.868901e+00	1.452653e+00	2.765125e-01	-7.260414e-01	-1.086166e-02	1.002770e+01
6.968505e+01	-2.147334e-01	-9.320506e-01	1.168277e+01	1.898976e+00	1.463169e+00	3.057082e-01	-7.433821e-01	-9.311725e-03	1.002175e+01
7.177343e+01	-1.735144e-01	-9.300455e-01	1.162399e+01	1.943369e+00	1.485747e+00	3.174653e-01	-7.640752e-01	-1.122363e-02	1.003881e+01
8.296430e+01	-2.665316e-01	-9.561064e-01	1.170274e+01	1.890976e+00	1.452427e+00	2.916059e-01	-7.797651e-01	-2.000975e-02	1.005583e+01
7.175867e+01	-2.775760e-01	-9.491447e-01	1.167583e+01	1.923104e+00	1.458444e+00	2.976166e-01	-7.879935e-01	-2.747638e-02	1.004447e+01
7.980034e+01	-2.217493e-01	-9.181604e-01	1.162368e+01	1.950850e+00	1.477448e+00	3.365230e-01	-7.797642e-01	-2.645258e-02	1.001413e+01
6.857913e+01	-2.374710e-01	-9.457729e-01	1.167114e+01	1.880093e+00	1.457789e+00	3.026302e-01	-7.820323e-01	-4.339267e-02	1.005737e+01
7.493222e+01	-2.192405e-01	-9.484842e-01	1.163800e+01	1.892142e+00	1.461446e+00	2.958946e-01	-7.864823e-01	-5.443288e-02	1.007322e+01
6.993849e+01	-1.779493e-01	-9.396906e-01	1.157181e+01	1.941554e+00	1.490893e+00	3.029204e-01	-7.878447e-01	-5.979735e-02	1.007830e+01
6.557816e+01	-2.550417e-01	-9.227032e-01	1.162631e+01	1.939391e+00	1.457158e+00	3.209953e-01	-7.713949e-01	-5.504387e-02	1.003950e+01
6.898004e+01	-2.641813e-01	-9.442407e-01	1.163632e+01	1.928919e+00	1.457235e+00	2.947802e-01	-7.743059e-01	-5.529867e-02	1.004921e+01
6.772933e+01	-2.769091e-01	-9.444367e-01	1.164919e+01	1.930910e+00	1.441855e+00	2.986464e-01	-7.830566e-01	-5.962288e-02	1.005038e+01
6.618989e+01	-2.341669e-01	-9.414385e-01	1.161590e+01	1.963428e+00	1.453042e+00	3.032182e-01	-7.880026e-01	-6.420706e-02	1.008995e+01
7.774988e+01	-2.258872e-01	-9.131676e-01	1.160958e+01	1.969263e+00	1.447241e+00	3.277450e-01	-7.608952e-01	-4.924257e-02	1.004334e+01
6.871883e+01	-2.505639e-01	-9.353656e-01	1.168809e+01	1.853954e+00	1.406771e+00	3.006785e-01	-7.653930e-01	-4.666023e-02	1.003871e+01
6.740157e+01	-2.419469e-01	-9.405556e-01	1.168508e+01	1.837499e+00	1.403533e+00	3.042443e-01	-7.807521e-01	-5.229917e-02	1.005382e+01
6.261710e+01	-2.155256e-01	-9.299499e-01	1.166755e+01	1.842816e+00	1.413788e+00	3.275383e-01	-7.964515e-01	-6.328154e-02	1.006730e+01
8.078552e+01	-2.204817e-01	-9.480563e-01	1.164688e+01	1.860165e+00	1.416602e+00	3.032469e-01	-8.039575e-01	-7.158945e-02	1.009638e+01
7.432227e+01	-2.079143e-01	-9.448836e-01	1.162778e+01	1.868339e+00	1.423730e+00	3.007831e-01	-7.968580e-01	-7.512416e-02	1.008548e+01
1.119939e+02	-2.052207e-01	-8.955174e-01	1.158049e+01	1.937987e+00	1.433758e+00	3.352009e-01	-7.341818e-01	-4.822694e-02	9.988817e+00
7.716174e+01	-3.621764e-01	-9.306347e-01	1.169393e+01	1.885688e+00	1.377818e+00	2.914560e-01	-7.319650e-01	-3.844235e-02	9.999204e+00
8.622794e+01	-3.616900e-01	-9.439131e-01	1.169008e+01	1.880859e+00	1.387334e+00	2.830980e-01	-7.508883e-01	-3.869222e-02	1.000872e+01
6.539239e+01	-2.611985e-01	-9.252514e-01	1.159057e+01	1.930453e+00	1.441282e+00	3.216542e-01	-7.759070e-01	-4.723050e-02	1.001939e+01
6.047303e+01	-2.657997e-01	-9.360856e-01	1.161591e+01	1.887114e+00	1.422312e+00	3.146018e-01	-7.935285e-01	-5.499738e-02	1.002802e+01
1.064970e+02	-2.581216e-01	-9.626912e-01	1.161242e+01	1.867198e+00	1.418175e+00	2.874310e-01	-8.018728e-01	-6.253244e-02	1.006953e+01
2.650153e+02	-1.900280e-01	-8.581925e-01	1.155980e+01	1.917961e+00	1.426515e+00	3.564622e-01	-6.500574e-01	8.749963e-03	9.854328e+00
6.060944e+02	-4.306475e-01	-1.052321e+00	1.190096e+01	1.606081e+00	1.265029e+00	1.150540e-01	-6.258684e-01	3.991002e-02	9.909448e+00
7.166951e+02	-4.572747e-01	-1.096328e+00	1.199132e+01	1.515604e+00	1.230058e+00	1.051785e-01	-6.584636e-01	5.986338e-02	9.931057e+00
