# loss | a0 ... a8
5.167288e+02	7.878393e-01	-7.350089e-01	1.523625e+01	2.727009e-01	6.098714e+00	1.081071e-01	-6.905500e-01	-4.759152e-01	1.084272e+01
4.129491e+02	5.809702e-01	-6.546586e-01	1.545096e+01	5.172676e-01	5.889389e+00	3.088511e-01	-8.646929e-01	-3.094657e-01	1.063693e+01
2.544898e+02	3.797552e-01	-7.354809e-01	1.554500e+01	7.829673e-01	5.691043e+00	3.183053e-01	-8.994461e-01	-1.729749e-01	1.061066e+01
2.068856e+02	2.717880e-01	-8.495832e-01	1.544661e+01	1.021421e+00	5.574899e+00	2.426623e-01	-7.571388e-01	-3.566808e-02	1.066787e+01
2.907472e+02	2.294343e-01	-9.056886e-01	1.523664e+01	1.274039e+00	5.506067e+00	2.311450e-01	-7.400806e-01	7.017098e-02	1.066138e+01
2.199453e+02	3.161530e-01	-9.001838e-01	1.501421e+01	1.509554e+00	5.523786e+00	2.680054e-01	-7.443970e-01	1.375544e-01	1.062999e+01
1.381004e+02	4.872049e-01	-8.621996e-01	1.477746e+01	1.733853e+00	5.653911e+00	3.154892e-01	-7.636281e-01	1.685007e-01	1.055821e+01
1.296360e+02	6.731418e-01	-8.411318e-01	1.453482e+01	1.964406e+00	5.828940e+00	3.363871e-01	-7.803361e-01	1.720155e-01	1.050031e+01
1.022023e+02	8.732099e-01	-8.507971e-01	1.428241e+01	2.197063e+00	6.021942e+00	3.260219e-01	-7.997075e-01	1.445438e-01	1.045884e+01
8.354499e+01	1.042797e+00	-8.720579e-01	1.407646e+01	2.363884e+00	6.168755e+00	3.106794e-01	-8.121005e-01	1.127140e-01	1.042367e+01
1.043255e+02	9.642123e-01	-9.096059e-01	1.412823e+01	2.300910e+00	6.121693e+00	2.838376e-01	-8.295311e-01	4.872556e-02	1.040233e+01
7.962515e+01	9.296492e-01	-9.038994e-01	1.412936e+01	2.310257e+00	6.124265e+00	2.932015e-01	-7.937502e-01	7.624869e-02	1.036726e+01
7.125976e+01	9.427778e-01	-8.981891e-01	1.405960e+01	2.398857e+00	6.204612e+00	3.014797e-01	-7.917853e-01	3.388360e-02	1.033548e+01
9.108777e+01	8.522385e-01	-9.127031e-01	1.410472e+01	2.386560e+00	6.173023e+00	2.929625e-01	-8.184239e-01	-3.822352e-02	1.030685e+01
7.582078e+01	8.628647e-01	-8.883781e-01	1.404846e+01	2.453809e+00	6.221812e+00	3.076333e-01	-7.761497e-01	-3.638113e-02	1.025195e+01
7.723590e+01	7.538834e-01	-8.860114e-01	1.410102e+01	2.431867e+00	6.175445e+00	3.080221e-01	-7.674141e-01	-4.406516e-02	1.020447e+01
7.654515e+01	7.003993e-01	-9.143356e-01	1.415248e+01	2.370947e+00	6.089070e+00	2.850888e-01	-7.714610e-01	-5.472022e-02	1.018783e+01
7.060751e+01	7.309067e-01	-9.159772e-01	1.408707e+01	2.415654e+00	6.127399e+00	2.898747e-01	-7.854214e-01	-7.140994e-02	1.016906e+01
6.900561e+01	7.265573e-01	-9.172185e-01	1.406248e+01	2.437923e+00	6.122138e+00	2.931634e-01	-7.942256e-01	-8.331370e-02	1.014981e+01
7.666245e+01	7.496348e-01	-9.219292e-01	1.403018e+01	2.449826e+00	6.111956e+00	2.918209e-01	-8.101117e-01	-1.118465e-01	1.013508e+01
8.560808e+01	7.643705e-01	-8.904973e-01	1.398671e+01	2.506941e+00	6.125216e+00	3.055774e-01	-7.567815e-01	-1.042000e-01	1.008840e+01
9.861580e+01	7.138174e-01	-8.819255e-01	1.400760e+01	2.519663e+00	6.068965e+00	3.067063e-01	-7.407870e-01	-9.886145e-02	1.005266e+01
1.006162e+02	6.037891e-01	-9.304893e-01	1.413145e+01	2.389110e+00	5.900866e+00	2.648357e-01	-7.409281e-01	-1.037510e-01	1.004900e+01
8.930370e+01	5.998568e-01	-9.289518e-01	1.413745e+01	2.381286e+00	5.853224e+00	2.793478e-01	-7.515220e-01	-1.046844e-01	1.003949e+01
7.505273e+01	6.296115e-01	-9.297341e-01	1.409327e+01	2.412728e+00	5.869861e+00	2.928389e-01	-7.792639e-01	-1.074232e-01	1.004317e+01
7.297320e+01	6.689662e-01	-9.324795e-01	1.405614e+01	2.430936e+00	5.871381e+00	2.973977e-01	-7.958812e-01	-1.119158e-01	1.004325e+01
7.100366e+01	7.469723e-01	-9.163401e-01	1.395603e+01	2.515349e+00	5.942977e+00	3.149803e-01	-8.046010e-01	-1.150953e-01	1.003849e+01
8.981917e+01	7.940119e-01	-9.088020e-01	1.387942e+01	2.593998e+00	5.984933e+00	3.184013e-01	-7.957712e-01	-1.119135e-01	1.004741e+01
8.987703e+01	6.757120e-01	-9.465650e-01	1.401696e+01	2.470745e+00	5.835707e+00	2.826924e-01	-7.925722e-01	-1.126631e-01	1.005909e+01
1.196843e+02	6.143588e-01	-9.566149e-01	1.407743e+01	2.414098e+00	5.755049e+00	2.754854e-01	-7.906022e-01	-1.188103e-01	1.006334e+01
8.588831e+01	6.258861e-01	-9.032188e-01	1.407466e+01	2.423662e+00	5.727022e+00	3.123024e-01	-7.065504e-01	-1.049593e-01	1.001556e+01
9.717773e+01	6.395155e-01	-8.916193e-01	1.406515e+01	2.427202e+00	5.705141e+00	3.112852e-01	-6.804464e-01	-9.262149e-02	9.988393e+00
8.364441e+01	6.599898e-01	-9.082355e-01	1.405315e+01	2.421985e+00	5.683682e+00	2.926082e-01	-6.903008e-01	-8.627854e-02	9.986255e+00
7.988930e+01	6.869812e-01	-9.124842e-01	1.402329e+01	2.442558e+00	5.683043e+00	2.925855e-01	-7.089389e-01	-8.103822e-02	9.982667e+00
8.047524e+01	7.218009e-01	-9.295612e-01	1.398865e+01	2.455630e+00	5.686817e+00	2.820733e-01	-7.331547e-01	-7.590169e-02	9.989209e+00
7.384271e+01	7.378903e-01	-9.178330e-01	1.393630e+01	2.506234e+00	5.717073e+00	3.008078e-01	-7.532065e-01	-7.232531e-02	9.982629e+00
7.374933e+01	7.480394e-01	-9.392625e-01	1.393000e+01	2.491321e+00	5.690587e+00	2.871618e-01	-7.753012e-01	-7.614729e-02	9.996473e+00
1.160530e+02	6.908461e-01	-9.601285e-01	1.396588e+01	2.454471e+00	5.639115e+00	2.789143e-01	-8.103239e-01	-1.003178e-01	1.000794e+01
7.403529e+01	7.236988e-01	-9.335974e-01	1.390734e+01	2.502833e+00	5.665315e+00	3.146692e-01	-8.235118e-01	-1.207257e-01	1.000367e+01
7.535210e+01	7.665517e-01	-9.197845e-01	1.386512e+01	2.521223e+00	5.666887e+00	3.204764e-01	-8.094078e-01	-1.190498e-01	9.989286e+00
6.762356e+01	6.972411e-01	-9.246522e-01	1.390563e+01	2.496518e+00	5.608821e+00	3.093772e-01	-7.906701e-01	-1.180390e-01	9.982887e+00
6.859374e+01	6.383023e-01	-9.355173e-01	1.392654e+01	2.480492e+00	5.577796e+00	3.020822e-01	-7.991964e-01	-1.310754e-01	9.988547e+00
7.272943e+01	6.036004e-01	-9.398778e-01	1.394052e+01	2.470777e+00	5.539152e+00	2.970951e-01	-7.994172e-01	-1.406773e-01	9.987074e+00
8.100141e+01	6.331424e-01	-9.097720e-01	1.390548e+01	2.500311e+00	5.535424e+00	3.177954e-01	-7.761861e-01	-1.364859e-01	9.958743e+00
6.895823e+01	5.931268e-01	-9.314438e-01	1.392594e+01	2.477747e+00	5.484645e+00	2.967728e-01	-7.807438e-01	-1.413614e-01	9.964216e+00
8.179219e+01	5.917849e-01	-9.468370e-01	1.390566e+01	2.484025e+00	5.475753e+00	2.879224e-01	-8.013270e-01	-1.580021e-01	9.978936e+00
7.157911e+01	6.020712e-01	-9.390335e-01	1.387368e+01	2.510830e+00	5.478151e+00	3.017702e-01	-8.089559e-01	-1.648804e-01	9.982294e+00
6.969952e+01	6.153842e-01	-9.250967e-01	1.384880e+01	2.531023e+00	5.466918e+00	3.160768e-01	-8.099350e-01	-1.747144e-01	9.974843e+00
6.649149e+01	6.042044e-01	-9.292151e-01	1.384883e+01	2.525520e+00	5.435600e+00	3.051091e-01	-7.952780e-01	-1.783666e-01	9.980068e+00
6.707033e+01	5.518458e-01	-9.303283e-01	1.388975e+01	2.492948e+00	5.357433e+00	3.025387e-01	-7.909148e-01	-1.796808e-01	9.978593e+00
6.956831e+01	5.559490e-01	-9.339170e-01	1.388113e+01	2.491859e+00	5.333867e+00	2.934386e-01	-7.790453e-01	-1.741002e-01	9.996546e+00
6.835774e+01	6.120934e-01	-9.220359e-01	1.380352e+01	2.545862e+00	5.381951e+00	3.041632e-01	-7.780611e-01	-1.655554e-01	1.000528e+01
7.509727e+01	5.692107e-01	-9.390915e-01	1.383352e+01	2.516141e+00	5.325965e+00	2.927833e-01	-8.006573e-01	-1.722481e-01	1.002917e+01
8.098274e+01	5.598428e-01	-9.388440e-01	1.383274e+01	2.512037e+00	5.302078e+00	2.951362e-01	-8.122478e-01	-1.750186e-01	1.003876e+01
1.069761e+02	5.663203e-01	-8.869280e-01	1.382874e+01	2.522241e+00	5.265023e+00	3.106494e-01	-7.075478e-01	-1.421566e-01	9.965305e+00
9.367307e+01	4.881036e-01	-8.884845e-01	1.389012e+01	2.479214e+00	5.166132e+00	2.900245e-01	-6.729928e-01	-1.172797e-01	9.927902e+00
1.055230e+02	4.516510e-01	-9.229739e-01	1.392863e+01	2.425359e+00	5.089774e+00	2.558317e-01	-6.818452e-01	-9.330958e-02	9.921665e+00
1.113974e+02	4.461345e-01	-9.343591e-01	1.392221e+01	2.417281e+00	5.064603e+00	2.556724e-01	-7.051033e-01	-7.537860e-02	9.914050e+00
8.094532e+01	5.127946e-01	-9.105734e-01	1.384597e+01	2.477972e+00	5.117767e+00	2.993352e-01	-7.294991e-01	-5.751358e-02	9.904332e+00
8.147477e+01	5.533935e-01	-9.130721e-01	1.378653e+01	2.527880e+00	5.154239e+00	3.050810e-01	-7.491054e-01	-4.418207e-02	9.907098e+00
7.284046e+01	5.573563e-01	-9.332984e-01	1.378265e+01	2.510182e+00	5.125091e+00	2.947875e-01	-7.667460e-01	-4.193068e-02	9.916826e+00
9.489482e+01	5.067040e-01	-9.579633e-01	1.382472e+01	2.459623e+00	5.049623e+00	2.773568e-01	-7.793797e-01	-4.138896e-02	9.925802e+00
7.014926e+01	5.422360e-01	-9.390976e-01	1.377293e+01	2.491547e+00	5.065374e+00	3.073826e-01	-7.868572e-01	-4.997775e-02	9.926004e+00
8.988207e+01	5.968766e-01	-9.186509e-01	1.369652e+01	2.546744e+00	5.107455e+00	3.272588e-01	-7.937597e-01	-5.821857e-02	9.921709e+00
6.853992e+01	5.299911e-01	-9.423172e-01	1.375560e+01	2.479070e+00	5.002093e+00	3.087182e-01	-8.052556e-01	-8.533020e-02	9.943609e+00
8.863691e+01	4.526369e-01	-9.565236e-01	1.380672e+01	2.430244e+00	4.917868e+00	2.987836e-01	-8.059922e-01	-1.020025e-01	9.962694e+00
8.925083e+01	4.610417e-01	-9.109029e-01	1.380297e+01	2.432672e+00	4.876729e+00	3.238403e-01	-7.356537e-01	-6.586068e-02	9.917416e+00
9.960490e+01	4.541546e-01	-8.995846e-01	1.381904e+01	2.410690e+00	4.817389e+00	3.200555e-01	-7.171655e-01	-4.343241e-02	9.889689e+00
9.565244e+01	4.687613e-01	-9.360929e-01	1.382009e+01	2.386196e+00	4.775542e+00	2.751622e-01	-7.186839e-01	-3.078663e-02	9.901307e+00
1.150365e+02	4.922607e-01	-9.524128e-01	1.379330e+01	2.396702e+00	4.767743e+00	2.620776e-01	-7.303729e-01	-2.046452e-02	9.906474e+00
7.726213e+01	5.803484e-01	-9.239118e-01	1.369961e+01	2.473384e+00	4.834442e+00	3.047893e-01	-7.461119e-01	-1.954170e-02	9.902748e+00
9.607398e+01	6.550003e-01	-9.163698e-01	1.359858e+01	2.560406e+00	4.922615e+00	3.153509e-01	-7.593489e-01	-2.140676e-02	9.912303e+00
8.102914e+01	5.215155e-01	-9.488638e-01	1.371459e+01	2.463176e+00	4.781889e+00	2.872038e-01	-7.718610e-01	-3.098928e-02	9.922938e+00
8.498005e+01	4.296373e-01	-9.539952e-01	1.378571e+01	2.407486e+00	4.693029e+00	2.951555e-01	-7.912225e-01	-4.601100e-02	9.931835e+00
7.182002e+01	4.234962e-01	-9.388989e-01	1.377502e+01	2.416370e+00	4.673188e+00	3.115140e-01	-7.965270e-01	-6.654602e-02	9.931442e+00
7.188224e+01	4.253149e-01	-9.333482e-01	1.375908e+01	2.433726e+00	4.658862e+00	3.217579e-01	-8.220100e-01	-1.073018e-01	9.947613e+00
7.253251e+01	4.688073e-01	-9.371216e-01	1.371861e+01	2.453606e+00	4.668554e+00	3.087274e-01	-8.203976e-01	-1.408032e-01	9.957787e+00
7.535228e+01	5.607768e-01	-9.173040e-01	1.364667e+01	2.496183e+00	4.700604e+00	3.038481e-01	-7.610120e-01	-1.320625e-01	9.933715e+00
7.338810e+01	5.214753e-01	-9.231832e-01	1.366096e+01	2.484158e+00	4.668992e+00	2.876339e-01	-7.561852e-01	-1.402963e-01	9.918698e+00
7.614793e+01	5.175842e-01	-9.297000e-01	1.365923e+01	2.469134e+00	4.646111e+00	2.773813e-01	-7.663231e-01	-1.511243e-01	9.909770e+00
6.991180e+01	4.773215e-01	-9.243230e-01	1.366186e+01	2.480705e+00	4.633264e+00	2.959288e-01	-7.808897e-01	-1.529928e-01	9.912286e+00
6.940859e+01	4.080036e-01	-9.356655e-01	1.370354e+01	2.451952e+00	4.574483e+00	2.990360e-01	-7.922645e-01	-1.505001e-01	9.930393e+00
6.654344e+01	4.137336e-01	-9.301090e-01	1.367170e+01	2.477033e+00	4.583450e+00	3.068056e-01	-7.974021e-01	-1.498426e-01	9.932970e+00
6.957758e+01	4.409749e-01	-9.231832e-01	1.361997e+01	2.524660e+00	4.611876e+00	3.133149e-01	-8.023651e-01	-1.448381e-01	9.937581e+00
7.617316e+01	4.242569e-01	-9.457537e-01	1.363015e+01	2.498947e+00	4.572249e+00	2.883384e-01	-8.045846e-01	-1.496348e-01	9.951269e+00
7.232290e+01	4.127847e-01	-9.439723e-01	1.361524e+01	2.509345e+00	4.562154e+00	2.930295e-01	-8.026871e-01	-1.518398e-01	9.959805e+00
7.647368e+01	4.376158e-01	-9.171666e-01	1.358922e+01	2.524333e+00	4.553994e+00	3.059680e-01	-7.596557e-01	-1.380320e-01	9.926578e+00
7.363175e+01	3.848870e-01	-9.234678e-01	1.362219e+01	2.505359e+00	4.497652e+00	2.926706e-01	-7.478823e-01	-1.231766e-01	9.917572e+00
7.454238e+01	3.869400e-01	-9.323917e-01	1.361650e+01	2.498046e+00	4.475161e+00	2.846221e-01	-7.579864e-01	-1.190072e-01	9.916152e+00
7.046368e+01	4.109065e-01	-9.238051e-01	1.359377e+01	2.503268e+00	4.470157e+00	3.019005e-01	-7.806738e-01	-1.207784e-01	9.907842e+00
6.979350e+01	4.025455e-01	-9.411722e-01	1.359076e+01	2.499212e+00	4.448134e+00	2.921535e-01	-7.957967e-01	-1.234749e-01	9.926313e+00
8.241683e+01	4.017790e-01	-9.539459e-01	1.358791e+01	2.486223e+00	4.427183e+00	2.837491e-01	-7.927205e-01	-1.189748e-01	9.940475e+00
7.069520e+01	4.251651e-01	-9.291264e-01	1.355132e+01	2.523086e+00	4.442602e+00	3.212206e-01	-8.097635e-01	-1.393701e-01	9.944393e+00
6.921542e+01	4.210047e-01	-9.295708e-01	1.354011e+01	2.530205e+00	4.435514e+00	3.155216e-01	-8.103284e-01	-1.396523e-01	9.942905e+00
6.782669e+01	3.874080e-01	-9.384391e-01	1.357782e+01	2.496910e+00	4.363812e+00	3.022353e-01	-8.080399e-01	-1.451032e-01	9.945624e+00
6.762272e+01	3.430662e-01	-9.283364e-01	1.360427e+01	2.493341e+00	4.309957e+00	3.155409e-01	-8.053979e-01	-1.552052e-01	9.948962e+00
6.953424e+01	3.490938e-01	-9.358850e-01	1.361626e+01	2.468514e+00	4.259975e+00	2.959584e-01	-7.874239e-01	-1.478874e-01	9.940448e+00
7.305008e+01	3.624051e-01	-9.361555e-01	1.362502e+01	2.448454e+00	4.208344e+00	2.895745e-01	-7.855135e-01	-1.450955e-01	9.927899e+00
6.594179e+01	4.149181e-01	-9.294697e-01	1.357083e+01	2.479613e+00	4.233854e+00	3.020926e-01	-7.967192e-01	-1.457780e-01	9.938400e+00
6.749590e+01	4.553473e-01	-9.240387e-01	1.352759e+01	2.505532e+00	4.245442e+00	3.081418e-01	-8.064096e-01	-1.482834e-01	9.943004e+00
6.780845e+01	4.480115e-01	-9.364038e-01	1.352016e+01	2.500507e+00	4.228483e+00	2.985717e-01	-8.090236e-01	-1.514085e-01	9.958776e+00
7.193417e+01	4.834136e-01	-9.256600e-01	1.347011e+01	2.528760e+00	4.254184e+00	3.039876e-01	-7.745691e-01	-1.399960e-01	9.948819e+00
7.094061e+01	3.882418e-01	-9.348304e-01	1.352926e+01	2.479342e+00	4.165547e+00	2.930428e-01	-7.703981e-01	-1.387155e-01	9.941291e+00
7.327841e+01	3.260901e-01	-9.363083e-01	1.355874e+01	2.447318e+00	4.114661e+00	2.910645e-01	-7.758622e-01	-1.320508e-01	9.931237e+00
6.909542e+01	3.072896e-01	-9.358609e-01	1.355468e+01	2.449454e+00	4.098361e+00	3.016826e-01	-8.048348e-01	-1.598441e-01	9.955925e+00
6.687516e+01	3.129158e-01	-9.307643e-01	1.353808e+01	2.460923e+00	4.092754e+00	3.036392e-01	-7.977709e-01	-1.752799e-01	9.962988e+00
6.697213e+01	3.450075e-01	-9.213318e-01	1.350266e+01	2.483601e+00	4.107485e+00	3.103536e-01	-7.971818e-01	-1.846471e-01	9.967549e+00
6.679348e+01	3.639095e-01	-9.216236e-01	1.347868e+01	2.491843e+00	4.114989e+00	3.084548e-01	-7.997307e-01	-1.858426e-01	9.970870e+00
7.977108e+01	3.526929e-01	-9.443906e-01	1.349032e+01	2.473822e+00	4.073642e+00	2.870797e-01	-8.059715e-01	-1.832592e-01	9.979141e+00
7.115696e+01	4.138255e-01	-9.260683e-01	1.344041e+01	2.509761e+00	4.094563e+00	2.828883e-01	-7.731183e-01	-1.730403e-01	9.939935e+00
7.474397e+01	3.831263e-01	-9.121173e-01	1.345560e+01	2.508893e+00	4.061554e+00	2.949975e-01	-7.712791e-01	-1.613563e-01	9.906828e+00
7.375546e+01	2.790369e-01	-9.316664e-01	1.351631e+01	2.482966e+00	3.992914e+00	2.808532e-01	-7.834497e-01	-1.509931e-01	9.901833e+00
7.825408e+01	2.575169e-01	-9.402693e-01	1.351594e+01	2.489879e+00	3.981299e+00	2.945623e-01	-8.259554e-01	-1.610374e-01	9.925412e+00
8.334586e+01	3.131752e-01	-9.080179e-01	1.348557e+01	2.507071e+00	3.977824e+00	3.113917e-01	-7.700822e-01	-1.473791e-01	9.890374e+00
8.711518e+01	3.031161e-01	-9.068852e-01	1.347914e+01	2.519374e+00	3.967450e+00	3.129426e-01	-7.605479e-01	-1.378640e-01	9.884507e+00
7.994068e+01	2.381766e-01	-9.357882e-01	1.353531e+01	2.469537e+00	3.885727e+00	2.835081e-01	-7.614505e-01	-1.319432e-01	9.886368e+00
8.160955e+01	2.483368e-01	-9.479762e-01	1.352757e+01	2.474300e+00	3.876578e+00	2.835789e-01	-7.841725e-01	-1.290146e-01	9.904520e+00
7.092295e+01	2.817163e-01	-9.437297e-01	1.348576e+01	2.518661e+00	3.909865e+00	2.942388e-01	-8.001721e-01	-1.331286e-01	9.917371e+00
6.852694e+01	3.493844e-01	-9.286412e-01	1.343002e+01	2.554470e+00	3.950451e+00	3.149147e-01	-8.067556e-01	-1.328785e-01	9.949582e+00
6.689444e+01	3.605900e-01	-9.326615e-01	1.344485e+01	2.532808e+00	3.898076e+00	3.129203e-01	-8.099352e-01	-1.355528e-01	9.973246e+00
6.849218e+01	3.659656e-01	-9.306775e-01	1.344993e+01	2.519072e+00	3.863465e+00	2.999825e-01	-7.698629e-01	-1.114838e-01	9.972837e+00
7.642925e+01	3.440160e-01	-9.410642e-01	1.345945e+01	2.509187e+00	3.829292e+00	2.844338e-01	-7.586689e-01	-9.356555e-02	9.986676e+00
6.572833e+01	3.547776e-01	-9.365476e-01	1.344466e+01	2.517451e+00	3.821042e+00	3.043541e-01	-7.877884e-01	-9.185234e-02	9.987362e+00
6.748033e+01	3.688790e-01	-9.392634e-01	1.342242e+01	2.527198e+00	3.829932e+00	3.051239e-01	-8.058832e-01	-8.929374e-02	9.986168e+00
7.584342e+01	3.645691e-01	-9.206338e-01	1.342241e+01	2.529772e+00	3.797341e+00	3.172310e-01	-7.779751e-01	-6.147575e-02	9.962300e+00
7.007224e+01	3.494995e-01	-9.276016e-01	1.344334e+01	2.498387e+00	3.739692e+00	3.057195e-01	-7.747124e-01	-5.525689e-02	9.951291e+00
7.419468e+01	3.192673e-01	-9.440425e-01	1.346422e+01	2.474477e+00	3.686360e+00	2.910513e-01	-7.870655e-01	-6.981402e-02	9.964663e+00
7.253500e+01	3.454693e-01	-9.413607e-01	1.345119e+01	2.469642e+00	3.658561e+00	2.926733e-01	-7.996941e-01	-9.633736e-02	9.964904e+00
6.672603e+01	3.635106e-01	-9.379241e-01	1.340850e+01	2.503750e+00	3.683074e+00	3.138985e-01	-8.054170e-01	-1.131751e-01	9.995267e+00
6.694045e+01	3.334701e-01	-9.266335e-01	1.343054e+01	2.484626e+00	3.613529e+00	3.202495e-01	-7.937749e-01	-1.311682e-01	1.000363e+01
6.573900e+01	3.469418e-01	-9.335325e-01	1.340183e+01	2.502688e+00	3.623848e+00	3.042560e-01	-7.890970e-01	-1.426439e-01	1.002580e+01
6.708958e+01	4.022601e-01	-9.331380e-01	1.334712e+01	2.538740e+00	3.653227e+00	3.078786e-01	-8.032306e-01	-1.353398e-01	1.002103e+01
7.526827e+01	3.379666e-01	-9.451434e-01	1.337605e+01	2.518276e+00	3.598543e+00	2.956436e-01	-8.046722e-01	-1.273614e-01	1.001414e+01
9.583633e+01	2.733172e-01	-8.998500e-01	1.340501e+01	2.521814e+00	3.535057e+00	3.151586e-01	-7.193395e-01	-6.591280e-02	9.930690e+00
8.789501e+01	2.319648e-01	-9.049548e-01	1.344936e+01	2.476670e+00	3.450365e+00	3.017340e-01	-6.937265e-01	-2.569180e-02	9.902234e+00
1.050768e+02	2.233367e-01	-9.409348e-01	1.345945e+01	2.448110e+00	3.420140e+00	2.658104e-01	-6.960109e-01	4.089673e-03	9.907132e+00
8.045225e+01	2.753632e-01	-9.225971e-01	1.341923e+01	2.475252e+00	3.446443e+00	2.994237e-01	-7.152727e-01	1.656701e-02	9.896162e+00
7.684626e+01	3.420384e-01	-9.329475e-01	1.337502e+01	2.491295e+00	3.472555e+00	2.944888e-01	-7.408818e-01	1.406036e-02	9.903134e+00
7.750313e+01	3.659125e-01	-9.254366e-01	1.334052e+01	2.518627e+00	3.495709e+00	3.100839e-01	-7.583142e-01	7.066427e-03	9.904129e+00
7.181732e+01	3.375757e-01	-9.383294e-01	1.335869e+01	2.503608e+00	3.442000e+00	3.033748e-01	-7.727377e-01	-1.086054e-02	9.920697e+00
6.903018e+01	3.234299e-01	-9.450487e-01	1.335482e+01	2.500845e+00	3.432301e+00	3.003909e-01	-8.032481e-01	-5.843801e-02	9.932387e+00
6.984088e+01	3.133868e-01	-9.433462e-01	1.335890e+01	2.482593e+00	3.409983e+00	3.037989e-01	-8.133165e-01	-1.031813e-01	9.933979e+00
8.826404e+01	3.395756e-01	-9.107437e-01	1.331581e+01	2.519244e+00	3.432454e+00	3.192913e-01	-7.656163e-01	-8.539629e-02	9.903736e+00
8.038504e+01	2.658327e-01	-9.374144e-01	1.334279e+01	2.499217e+00	3.382529e+00	2.781395e-01	-7.504503e-01	-8.072998e-02	9.906925e+00
7.950891e+01	2.524809e-01	-9.394858e-01	1.333106e+01	2.504701e+00	3.374622e+00	2.756161e-01	-7.721525e-01	-9.241481e-02	9.905555e+00
6.744057e+01	2.729321e-01	-9.229143e-01	1.329117e+01	2.540198e+00	3.389128e+00	2.937925e-01	-7.988430e-01	-1.053487e-01	9.917833e+00
6.532016e+01	2.654430e-01	-9.279504e-01	1.328136e+01	2.536626e+00	3.379317e+00	2.969992e-01	-8.096695e-01	-1.193078e-01	9.943373e+00
8.704721e+01	1.846801e-01	-9.462662e-01	1.333877e+01	2.481490e+00	3.275857e+00	2.821583e-01	-8.133344e-01	-1.264208e-01	9.959179e+00
1.212185e+02	2.283876e-01	-8.861776e-01	1.329280e+01	2.508420e+00	3.291101e+00	3.205040e-01	-7.210496e-01	-8.280644e-02	9.889982e+00
9.473058e+01	2.417283e-01	-9.265871e-01	1.329409e+01	2.472468e+00	3.234490e+00	2.576330e-01	-6.987935e-01	-5.307409e-02	9.879265e+00
1.133551e+02	2.395766e-01	-9.422438e-01	1.329143e+01	2.456949e+00	3.203592e+00	2.488940e-01	-7.027652e-01	-3.289335e-02	9.876052e+00
8.017963e+01	2.850759e-01	-9.224579e-01	1.323159e+01	2.503570e+00	3.261514e+00	2.814165e-01	-7.195001e-01	-1.397193e-02	9.859728e+00
7.664400e+01	2.766301e-01	-9.294418e-01	1.322953e+01	2.498276e+00	3.235426e+00	2.894129e-01	-7.418202e-01	-9.241649e-03	9.870004e+00
7.410735e+01	2.299581e-01	-9.286665e-01	1.323130e+01	2.504274e+00	3.226320e+00	3.084013e-01	-7.628804e-01	-1.323767e-02	9.891058e+00
7.319031e+01	2.185143e-01	-9.435748e-01	1.323829e+01	2.489115e+00	3.189425e+00	2.964573e-01	-7.760338e-01	-2.106110e-02	9.910279e+00
7.451745e+01	2.065804e-01	-9.517218e-01	1.323483e+01	2.483881e+00	3.176356e+00	2.942107e-01	-7.955020e-01	-4.598810e-02	9.926723e+00
6.968882e+01	2.494083e-01	-9.314089e-01	1.319188e+01	2.513357e+00	3.199401e+00	3.182622e-01	-8.009976e-01	-7.143770e-02	9.931215e+00
7.348112e+01	1.972645e-01	-9.253211e-01	1.320619e+01	2.516694e+00	3.159228e+00	3.256763e-01	-8.021953e-01	-9.316342e-02	9.941865e+00
2.236319e+02	1.863875e-01	-9.730492e-01	1.322449e+01	2.474758e+00	3.106450e+00	2.775220e-01	-8.430599e-01	-1.738758e-01	9.972879e+00
1.203462e+02	2.959173e-01	-8.902414e-01	1.316867e+01	2.505382e+00	3.115164e+00	3.125942e-01	-7.033739e-01	-2.778643e-01	9.868611e+00
1.252453e+02	2.148996e-01	-8.833760e-01	1.321416e+01	2.480261e+00	3.044723e+00	3.036381e-01	-6.619358e-01	-3.079026e-01	9.822835e+00
1.157892e+02	1.264667e-01	-9.263696e-01	1.328515e+01	2.415085e+00	2.938879e+00	2.622075e-01	-6.667899e-01	-2.877485e-01	9.820437e+00
9.770077e+01	9.374752e-02	-9.309293e-01	1.329708e+01	2.399538e+00	2.921846e+00	2.854351e-01	-6.969378e-01	-2.285165e-01	9.820542e+00
8.964553e+01	9.827930e-02	-9.424210e-01	1.327916e+01	2.404494e+00	2.948625e+00	2.922085e-01	-7.280853e-01	-1.605557e-01	9.831428e+00
8.776460e+01	1.885744e-01	-9.219880e-01	1.319419e+01	2.464912e+00	3.060265e+00	3.309143e-01	-7.551353e-01	-1.069455e-01	9.834837e+00
8.196173e+01	2.410739e-01	-9.585926e-01	1.317694e+01	2.446080e+00	3.068998e+00	2.908655e-01	-7.752709e-01	-7.475187e-02	9.865780e+00
1.145667e+02	2.960056e-01	-9.841701e-01	1.310366e+01	2.487212e+00	3.153609e+00	2.794116e-01	-7.933757e-01	-8.151557e-02	9.920274e+00
1.319451e+02	3.562585e-01	-9.200906e-01	1.299555e+01	2.587874e+00	3.274028e+00	3.361110e-01	-7.153239e-01	-1.118360e-02	9.874695e+00
8.000558e+01	1.657343e-01	-9.361931e-01	1.313634e+01	2.490790e+00	3.082617e+00	3.115541e-01	-6.966451e-01	1.998926e-02	9.876967e+00
9.849750e+01	1.903935e-02	-9.558429e-01	1.323258e+01	2.429686e+00	2.952807e+00	2.919500e-01	-7.077606e-01	3.095180e-02	9.896944e+00
8.572588e+01	-1.654162e-02	-9.395060e-01	1.325144e+01	2.426134e+00	2.914896e+00	3.121677e-01	-7.236361e-01	3.011042e-02	9.894059e+00
9.194234e+01	2.336044e-02	-9.181510e-01	1.321511e+01	2.459588e+00	2.948656e+00	3.305204e-01	-7.452374e-01	1.740753e-02	9.883442e+00
7.624602e+01	7.365921e-02	-9.361808e-01	1.319982e+01	2.447270e+00	2.946812e+00	3.086874e-01	-7.594837e-01	2.855474e-03	9.904670e+00
7.461337e+01	1.218929e-01	-9.451461e-01	1.318141e+01	2.439773e+00	2.947015e+00	3.018549e-01	-7.783247e-01	-3.565706e-02	9.921903e+00
6.903223e+01	2.226294e-01	-9.469438e-01	1.310719e+01	2.469211e+00	3.008092e+00	2.991945e-01	-7.908195e-01	-6.129048e-02	9.941525e+00
6.852171e+01	2.969320e-01	-9.360587e-01	1.304186e+01	2.504128e+00	3.068872e+00	3.122708e-01	-7.977877e-01	-8.956850e-02	9.952074e+00
6.913798e+01	2.667431e-01	-9.421980e-01	1.305496e+01	2.493144e+00	3.036233e+00	3.084421e-01	-8.133963e-01	-1.283627e-01	9.967784e+00
7.214453e+01	1.675842e-01	-9.246185e-01	1.311883e+01	2.464238e+00	2.953053e+00	3.106165e-01	-7.624645e-01	-1.052535e-01	9.926721e+00
7.258881e+01	1.443562e-01	-9.292382e-01	1.313770e+01	2.451152e+00	2.913221e+00	2.974376e-01	-7.565934e-01	-1.089348e-01	9.910953e+00
8.023455e+01	1.490314e-01	-9.446094e-01	1.312499e+01	2.455397e+00	2.919665e+00	2.785324e-01	-7.737247e-01	-1.240795e-01	9.921684e+00
6.549750e+01	1.802623e-01	-9.361351e-01	1.308867e+01	2.485016e+00	2.954333e+00	3.042593e-01	-8.099968e-01	-1.531080e-01	9.941233e+00
8.394925e+01	1.928491e-01	-9.150631e-01	1.304921e+01	2.536555e+00	2.993757e+00	3.257877e-01	-8.079560e-01	-1.686955e-01	9.925644e+00
7.959658e+01	1.543792e-01	-9.479847e-01	1.311075e+01	2.469666e+00	2.902749e+00	2.858252e-01	-8.055185e-01	-1.842016e-01	9.946109e+00
7.521048e+01	1.594427e-01	-9.455609e-01	1.312697e+01	2.445173e+00	2.852636e+00	2.889804e-01	-7.938978e-01	-1.799761e-01	9.939749e+00
7.757223e+01	1.992072e-01	-9.161446e-01	1.309714e+01	2.466286e+00	2.872076e+00	3.125608e-01	-7.626336e-01	-1.656624e-01	9.906616e+00
8.303833e+01	2.633098e-01	-9.140512e-01	1.305014e+01	2.484257e+00	2.904327e+00	3.136897e-01	-7.663203e-01	-1.467729e-01	9.898103e+00
9.115450e+01	1.720300e-01	-9.548760e-01	1.310769e+01	2.435825e+00	2.835419e+00	2.736381e-01	-7.810064e-01	-1.394381e-01	9.912958e+00
8.593294e+01	1.243034e-01	-9.526482e-01	1.312779e+01	2.430928e+00	2.802959e+00	2.810285e-01	-7.827953e-01	-1.250590e-01	9.899875e+00
7.579704e+01	1.598198e-01	-9.239891e-01	1.306506e+01	2.481012e+00	2.867258e+00	3.227662e-01	-7.873905e-01	-1.148032e-01	9.889385e+00
6.689812e+01	1.679269e-01	-9.416503e-01	1.306220e+01	2.462619e+00	2.841536e+00	3.015314e-01	-8.060644e-01	-1.204259e-01	9.894983e+00
6.656656e+01	1.819464e-01	-9.339583e-01	1.303552e+01	2.481280e+00	2.863921e+00	3.118468e-01	-7.975221e-01	-1.181929e-01	9.897131e+00
7.132446e+01	1.470080e-01	-9.294721e-01	1.302422e+01	2.500327e+00	2.879819e+00	3.197900e-01	-7.936023e-01	-1.215748e-01	9.903931e+00
1.018346e+02	1.330091e-01	-9.704694e-01	1.304288e+01	2.470516e+00	2.840961e+00	2.898707e-01	-8.003820e-01	-1.312478e-01	9.962978e+00
8.448819e+01	1.816003e-01	-9.632886e-01	1.299448e+01	2.499420e+00	2.867689e+00	3.059349e-01	-8.046989e-01	-1.382483e-01	9.986627e+00
1.133390e+02	2.202789e-01	-9.137851e-01	1.295509e+01	2.531886e+00	2.885591e+00	3.361081e-01	-6.764149e-01	-1.307710e-01	9.939939e+00
9.185616e+01	1.261644e-01	-9.430296e-01	1.306172e+01	2.434056e+00	2.754873e+00	2.910845e-01	-6.425566e-01	-1.305419e-01	9.935130e+00
8.709524e+01	1.250553e-01	-9.406446e-01	1.305491e+01	2.428180e+00	2.752161e+00	2.972069e-01	-6.510657e-01	-1.096915e-01	9.927504e+00
8.082793e+01	1.781331e-01	-9.309177e-01	1.301619e+01	2.435952e+00	2.776409e+00	3.169923e-01	-6.795925e-01	-9.505743e-02	9.929160e+00
7.556337e+01	1.628109e-01	-9.366157e-01	1.299765e+01	2.450412e+00	2.798283e+00	3.101128e-01	-7.096558e-01	-7.560215e-02	9.930693e+00
7.235564e+01	1.275798e-01	-9.401194e-01	1.297948e+01	2.480496e+00	2.825807e+00	3.055434e-01	-7.345062e-01	-6.476709e-02	9.930170e+00
7.075995e+01	1.174573e-01	-9.452153e-01	1.297268e+01	2.480096e+00	2.825255e+00	3.023764e-01	-7.568838e-01	-5.767154e-02	9.935757e+00
7.422800e+01	1.248727e-01	-9.301659e-01	1.295522e+01	2.501131e+00	2.821621e+00	3.221911e-01	-7.720305e-01	-5.840199e-02	9.937670e+00
8.124312e+01	9.012620e-02	-9.576437e-01	1.298116e+01	2.462226e+00	2.774786e+00	2.915577e-01	-8.002787e-01	-9.437435e-02	9.962734e+00
7.570560e+01	9.643466e-02	-9.239928e-01	1.296943e+01	2.466625e+00	2.775618e+00	3.184897e-01	-7.632036e-01	-6.440427e-02	9.919528e+00
7.309493e+01	8.499936e-02	-9.257109e-01	1.299438e+01	2.435636e+00	2.718571e+00	3.114379e-01	-7.598323e-01	-6.463071e-02	9.912218e+00
7.521331e+01	9.208692e-02	-9.410354e-01	1.301834e+01	2.389109e+00	2.661076e+00	2.948605e-01	-7.687519e-01	-8.132314e-02	9.918795e+00
6.743043e+01	1.288367e-01	-9.354220e-01	1.298842e+01	2.397744e+00	2.673375e+00	3.091116e-01	-7.879669e-01	-9.984697e-02	9.928215e+00
8.491628e+01	1.656422e-01	-9.460937e-01	1.294435e+01	2.420007e+00	2.703368e+00	3.072144e-01	-8.316979e-01	-1.617929e-01	9.962487e+00
7.217962e+01	1.884113e-01	-9.360334e-01	1.291112e+01	2.436587e+00	2.725461e+00	3.153191e-01	-8.217825e-01	-1.896507e-01	9.973626e+00
7.502675e+01	1.548748e-01	-9.432714e-01	1.292278e+01	2.415905e+00	2.712448e+00	3.038663e-01	-8.152599e-01	-2.101737e-01	9.985938e+00
8.869334e+01	1.515228e-01	-9.039761e-01	1.291180e+01	2.430759e+00	2.694249e+00	3.017119e-01	-7.160364e-01	-2.139084e-01	9.908140e+00
1.081059e+02	1.414947e-01	-8.909148e-01	1.288324e+01	2.455550e+00	2.719709e+00	3.024629e-01	-6.912438e-01	-1.938067e-01	9.874472e+00
1.476693e+02	1.262951e-03	-9.491866e-01	1.299718e+01	2.365130e+00	2.577226e+00	2.353024e-01	-6.961788e-01	-1.663902e-01	9.876201e+00
8.567156e+01	-3.238331e-02	-9.254086e-01	1.301127e+01	2.373395e+00	2.559553e+00	2.884492e-01	-7.150219e-01	-1.253404e-01	9.856437e+00
9.043019e+01	5.062937e-03	-9.105317e-01	1.297642e+01	2.403323e+00	2.610998e+00	3.215542e-01	-7.400105e-01	-8.865860e-02	9.853451e+00
7.313310e+01	6.683528e-02	-9.354965e-01	1.294542e+01	2.411058e+00	2.641817e+00	2.970851e-01	-7.645138e-01	-6.193240e-02	9.872942e+00
7.316360e+01	1.100920e-01	-9.491482e-01	1.290516e+01	2.428381e+00	2.687388e+00	2.931817e-01	-7.841156e-01	-5.471128e-02	9.911765e+00
1.256885e+02	1.298460e-01	-9.659131e-01	1.287794e+01	2.442118e+00	2.716839e+00	2.935197e-01	-8.300384e-01	-1.211634e-01	9.973918e+00
1.200250e+02	1.922911e-01	-9.064695e-01	1.281475e+01	2.501347e+00	2.773387e+00	3.316976e-01	-7.435202e-01	-7.928545e-02	9.914133e+00
7.995085e+01	9.679579e-02	-9.200329e-01	1.287583e+01	2.473044e+00	2.698409e+00	3.033873e-01	-7.111402e-01	-5.880905e-02	9.907274e+00
1.017321e+02	5.811525e-03	-9.481170e-01	1.295339e+01	2.412246e+00	2.603000e+00	2.672032e-01	-7.142509e-01	-4.472834e-02	9.908547e+00
7.643929e+01	2.821077e-02	-9.264522e-01	1.292444e+01	2.434088e+00	2.631370e+00	2.988686e-01	-7.273369e-01	-3.521271e-02	9.889179e+00
7.752401e+01	3.566750e-02	-9.401707e-01	1.292070e+01	2.425108e+00	2.620808e+00	2.897600e-01	-7.459099e-01	-3.370506e-02	9.900128e+00
