# loss | a0 ... a8
6.018490e+02	-8.539107e-01	-1.070821e+00	1.162937e+01	2.591406e+00	-6.672857e-01	4.705714e-01	-8.625429e-01	-6.980134e-01	9.048170e+00
9.331533e+02	-6.232969e-01	-1.171973e+00	1.186306e+01	2.369357e+00	-4.561933e-01	2.777097e-01	-9.695828e-01	-5.185733e-01	9.244179e+00
1.474916e+03	-7.836582e-01	-1.035324e+00	1.211730e+01	2.323731e+00	-2.401918e-01	3.950172e-01	-1.047132e+00	-3.419740e-01	9.267591e+00
3.520951e+02	-6.479489e-01	-8.927143e-01	1.197201e+01	2.522056e+00	-2.353076e-01	2.502425e-01	-8.272015e-01	-4.571746e-01	9.110079e+00
4.429974e+02	-5.603924e-01	-8.441705e-01	1.193036e+01	2.599274e+00	-1.988403e-01	2.282807e-01	-7.576430e-01	-4.945334e-01	9.046242e+00
3.974038e+02	-5.991075e-01	-8.352860e-01	1.197749e+01	2.626328e+00	-4.739314e-02	2.542380e-01	-7.481580e-01	-4.792444e-01	9.031843e+00
3.301933e+02	-5.952825e-01	-8.627966e-01	1.200483e+01	2.628823e+00	3.634749e-02	2.421730e-01	-7.563366e-01	-4.594938e-01	9.041293e+00
2.804231e+02	-5.955239e-01	-8.890387e-01	1.202948e+01	2.627181e+00	1.342869e-01	2.435221e-01	-7.686614e-01	-4.321542e-01	9.060894e+00
2.327146e+02	-5.771041e-01	-9.061998e-01	1.204787e+01	2.617763e+00	2.106627e-01	2.709385e-01	-7.804827e-01	-4.027791e-01	9.083584e+00
1.999843e+02	-5.644861e-01	-9.262566e-01	1.206419e+01	2.602480e+00	2.908627e-01	2.848699e-01	-7.909676e-01	-3.687939e-01	9.110674e+00
1.751715e+02	-5.096543e-01	-9.316136e-01	1.205515e+01	2.602565e+00	3.451736e-01	3.089818e-01	-7.965190e-01	-3.442994e-01	9.132919e+00
1.577591e+02	-4.457592e-01	-9.387170e-01	1.203427e+01	2.605383e+00	3.936154e-01	3.171416e-01	-8.001002e-01	-3.223344e-01	9.154888e+00
1.428604e+02	-3.749725e-01	-9.447690e-01	1.200327e+01	2.605769e+00	4.350057e-01	3.163320e-01	-8.021593e-01	-3.030765e-01	9.174859e+00
1.294703e+02	-3.043297e-01	-9.469811e-01	1.196541e+01	2.609563e+00	4.732437e-01	3.218954e-01	-8.034008e-01	-2.857489e-01	9.193419e+00
1.171953e+02	-2.248951e-01	-9.540683e-01	1.191399e+01	2.612578e+00	5.115939e-01	3.126381e-01	-8.046543e-01	-2.695513e-01	9.212862e+00
1.084891e+02	-1.442551e-01	-9.569112e-01	1.184330e+01	2.623978e+00	5.484545e-01	3.152577e-01	-8.055066e-01	-2.551801e-01	9.232986e+00
1.050821e+02	-1.043809e-01	-9.607292e-01	1.180578e+01	2.622214e+00	5.843775e-01	3.129290e-01	-8.060489e-01	-2.409208e-01	9.253075e+00
1.012341e+02	-1.166080e-01	-9.581639e-01	1.177652e+01	2.661988e+00	6.227768e-01	3.220902e-01	-8.055067e-01	-2.293444e-01	9.269317e+00
9.641309e+01	-1.179223e-01	-9.651790e-01	1.176924e+01	2.638190e+00	6.529270e-01	3.127590e-01	-8.064957e-01	-2.176253e-01	9.290177e+00
9.122490e+01	-1.566968e-01	-9.694744e-01	1.178280e+01	2.631956e+00	6.794571e-01	3.156197e-01	-8.080795e-01	-2.068563e-01	9.313757e+00
8.891105e+01	-1.349118e-01	-9.684490e-01	1.173769e+01	2.634694e+00	7.115926e-01	3.174197e-01	-8.074600e-01	-1.980208e-01	9.332501e+00
8.689444e+01	-1.302140e-01	-9.686139e-01	1.173589e+01	2.605101e+00	7.350611e-01	3.216694e-01	-8.075441e-01	-1.897751e-01	9.352078e+00
8.571643e+01	-1.292115e-01	-9.681510e-01	1.168866e+01	2.618192e+00	7.663852e-01	3.190321e-01	-8.069282e-01	-1.824198e-01	9.371576e+00
8.253037e+01	-1.826704e-01	-9.707651e-01	1.172221e+01	2.587822e+00	7.860808e-01	3.156042e-01	-8.077188e-01	-1.756467e-01	9.388614e+00
8.132320e+01	-1.516439e-01	-9.690660e-01	1.166503e+01	2.602649e+00	8.168637e-01	3.181782e-01	-8.076278e-01	-1.700456e-01	9.405120e+00
8.087334e+01	-1.539309e-01	-9.686614e-01	1.163148e+01	2.610607e+00	8.439348e-01	3.149732e-01	-8.070726e-01	-1.655138e-01	9.420017e+00
8.001610e+01	-1.473995e-01	-9.691123e-01	1.161892e+01	2.594184e+00	8.655508e-01	3.175457e-01	-8.076230e-01	-1.609028e-01	9.437732e+00
7.831314e+01	-1.674118e-01	-9.671569e-01	1.162432e+01	2.574177e+00	8.842988e-01	3.198811e-01	-8.074228e-01	-1.564823e-01	9.451412e+00
7.668735e+01	-1.726715e-01	-9.702841e-01	1.162676e+01	2.546604e+00	9.022675e-01	3.152171e-01	-8.074685e-01	-1.533512e-01	9.468876e+00
7.744597e+01	-1.518547e-01	-9.703352e-01	1.162360e+01	2.497336e+00	9.159865e-01	3.126614e-01	-8.070586e-01	-1.511539e-01	9.483280e+00
7.498523e+01	-1.747011e-01	-9.693141e-01	1.161726e+01	2.504772e+00	9.369132e-01	3.179483e-01	-8.067496e-01	-1.482056e-01	9.498187e+00
7.513007e+01	-1.759837e-01	-9.676474e-01	1.160452e+01	2.498952e+00	9.543942e-01	3.163153e-01	-8.052942e-01	-1.461600e-01	9.509225e+00
7.272996e+01	-1.902546e-01	-9.694475e-01	1.160302e+01	2.483866e+00	9.724699e-01	3.190380e-01	-8.079345e-01	-1.439779e-01	9.524527e+00
7.199677e+01	-2.289789e-01	-9.721384e-01	1.163528e+01	2.451006e+00	9.836477e-01	3.155384e-01	-8.093542e-01	-1.424909e-01	9.540437e+00
7.149522e+01	-1.896962e-01	-9.692207e-01	1.157751e+01	2.453445e+00	1.005241e+00	3.204818e-01	-8.086515e-01	-1.411087e-01	9.554089e+00
7.433342e+01	-1.604827e-01	-9.692857e-01	1.153682e+01	2.458770e+00	1.024261e+00	3.263294e-01	-8.092505e-01	-1.399671e-01	9.573077e+00
7.073815e+01	-2.004253e-01	-9.710741e-01	1.157958e+01	2.404899e+00	1.031640e+00	3.132157e-01	-8.077845e-01	-1.391083e-01	9.584781e+00
7.176586e+01	-2.299449e-01	-9.686883e-01	1.162268e+01	2.345243e+00	1.037577e+00	3.096122e-01	-8.061262e-01	-1.383887e-01	9.592120e+00
6.963600e+01	-2.039054e-01	-9.646505e-01	1.157482e+01	2.366021e+00	1.055862e+00	3.232653e-01	-8.062333e-01	-1.375520e-01	9.604959e+00
7.249869e+01	-1.871966e-01	-9.632040e-01	1.152607e+01	2.372598e+00	1.076330e+00	3.285734e-01	-8.067959e-01	-1.370417e-01	9.618083e+00
7.026091e+01	-2.000338e-01	-9.684340e-01	1.155191e+01	2.327021e+00	1.082140e+00	3.100633e-01	-8.062470e-01	-1.366027e-01	9.631243e+00
6.809941e+01	-2.014173e-01	-9.674956e-01	1.156300e+01	2.317375e+00	1.087078e+00	3.168706e-01	-8.065373e-01	-1.359487e-01	9.658471e+00
6.810347e+01	-2.030993e-01	-9.638753e-01	1.154628e+01	2.312743e+00	1.101320e+00	3.196274e-01	-8.051431e-01	-1.356740e-01	9.672265e+00
6.561449e+01	-2.117408e-01	-9.673147e-01	1.152928e+01	2.323441e+00	1.115619e+00	3.208938e-01	-8.106928e-01	-1.359491e-01	9.685033e+00
6.503456e+01	-2.150524e-01	-9.681280e-01	1.153430e+01	2.296858e+00	1.124451e+00	3.194820e-01	-8.104381e-01	-1.355358e-01	9.693946e+00
6.741577e+01	-2.262908e-01	-9.624985e-01	1.151998e+01	2.313901e+00	1.134861e+00	3.334061e-01	-8.083624e-01	-1.352789e-01	9.702615e+00
6.880858e+01	-2.298197e-01	-9.724828e-01	1.155100e+01	2.241881e+00	1.141640e+00	3.085700e-01	-8.125746e-01	-1.379743e-01	9.722473e+00
6.621308e+01	-2.221168e-01	-9.673946e-01	1.155420e+01	2.219039e+00	1.147921e+00	3.107927e-01	-8.067581e-01	-1.390101e-01	9.725952e+00
7.062423e+01	-1.931770e-01	-9.573088e-01	1.149135e+01	2.255000e+00	1.164086e+00	3.273868e-01	-8.039059e-01	-1.386626e-01	9.729594e+00
6.515019e+01	-2.265375e-01	-9.560360e-01	1.149893e+01	2.235399e+00	1.177161e+00	3.253133e-01	-8.103413e-01	-1.419117e-01	9.753170e+00
6.485645e+01	-2.474844e-01	-9.604731e-01	1.153886e+01	2.181776e+00	1.180838e+00	3.077914e-01	-8.101638e-01	-1.430775e-01	9.767404e+00
6.352030e+01	-2.650388e-01	-9.561184e-01	1.153896e+01	2.193812e+00	1.187812e+00	3.083802e-01	-8.059798e-01	-1.432845e-01	9.777423e+00
6.521401e+01	-2.284036e-01	-9.512184e-01	1.149359e+01	2.195552e+00	1.200468e+00	3.211620e-01	-8.038630e-01	-1.425480e-01	9.786175e+00
6.423318e+01	-2.434357e-01	-9.586905e-01	1.153836e+01	2.140441e+00	1.202833e+00	3.092294e-01	-8.069485e-01	-1.442119e-01	9.798333e+00
6.376016e+01	-2.240630e-01	-9.550545e-01	1.148699e+01	2.165474e+00	1.216223e+00	3.222403e-01	-8.062056e-01	-1.442255e-01	9.805530e+00
6.251647e+01	-2.583698e-01	-9.573951e-01	1.153411e+01	2.104747e+00	1.219313e+00	3.147900e-01	-8.044599e-01	-1.448056e-01	9.811869e+00
6.476740e+01	-2.263430e-01	-9.523139e-01	1.146111e+01	2.142886e+00	1.232971e+00	3.218569e-01	-8.013447e-01	-1.432769e-01	9.811686e+00
6.757338e+01	-2.374548e-01	-9.517699e-01	1.140854e+01	2.196268e+00	1.246961e+00	3.224763e-01	-8.021852e-01	-1.434912e-01	9.817470e+00
6.685349e+01	-2.805038e-01	-9.604176e-01	1.151767e+01	2.094268e+00	1.238348e+00	3.035881e-01	-8.028186e-01	-1.433456e-01	9.827915e+00
7.017772e+01	-2.859135e-01	-9.628529e-01	1.154576e+01	2.055259e+00	1.242407e+00	3.009015e-01	-7.981240e-01	-1.416409e-01	9.822700e+00
7.115547e+01	-2.371701e-01	-9.480427e-01	1.147504e+01	2.114391e+00	1.255053e+00	3.407919e-01	-7.968016e-01	-1.405320e-01	9.817956e+00
6.829014e+01	-2.088278e-01	-9.485350e-01	1.146932e+01	2.094077e+00	1.259365e+00	3.265035e-01	-7.972931e-01	-1.397606e-01	9.815587e+00
7.236877e+01	-2.739638e-01	-9.648275e-01	1.153435e+01	2.041733e+00	1.259047e+00	2.991076e-01	-8.028094e-01	-1.426730e-01	9.830153e+00
6.226750e+01	-2.964371e-01	-9.586147e-01	1.149429e+01	2.122357e+00	1.271724e+00	3.336926e-01	-8.089624e-01	-1.455510e-01	9.832461e+00
6.144644e+01	-2.707742e-01	-9.540211e-01	1.149766e+01	2.084699e+00	1.275654e+00	3.301459e-01	-8.029473e-01	-1.454937e-01	9.825498e+00
6.154427e+01	-2.713394e-01	-9.512300e-01	1.149898e+01	2.082358e+00	1.279068e+00	3.256333e-01	-7.997081e-01	-1.449109e-01	9.823972e+00
6.361995e+01	-2.437304e-01	-9.551466e-01	1.149334e+01	2.041402e+00	1.284263e+00	3.086849e-01	-7.993112e-01	-1.445853e-01	9.826901e+00
6.814153e+01	-2.188314e-01	-9.494740e-01	1.142817e+01	2.114495e+00	1.294485e+00	3.244585e-01	-7.995072e-01	-1.436223e-01	9.839038e+00
7.271075e+01	-2.717320e-01	-9.616343e-01	1.151622e+01	2.011368e+00	1.289863e+00	2.952014e-01	-8.023183e-01	-1.446072e-01	9.851843e+00
6.068747e+01	-2.752805e-01	-9.496218e-01	1.152805e+01	2.000954e+00	1.290894e+00	3.247850e-01	-7.995570e-01	-1.448544e-01	9.838071e+00
6.330414e+01	-2.555689e-01	-9.464600e-01	1.147364e+01	2.036783e+00	1.303518e+00	3.268558e-01	-7.992239e-01	-1.450480e-01	9.837909e+00
6.538852e+01	-2.872038e-01	-9.564384e-01	1.153205e+01	1.958992e+00	1.304779e+00	3.087709e-01	-8.025500e-01	-1.466908e-01	9.851855e+00
6.312269e+01	-2.536939e-01	-9.565476e-01	1.145478e+01	2.010334e+00	1.318437e+00	3.246155e-01	-8.097323e-01	-1.468520e-01	9.871558e+00
6.872254e+01	-2.358534e-01	-9.491813e-01	1.139045e+01	2.079388e+00	1.326304e+00	3.292718e-01	-8.037174e-01	-1.455633e-01	9.870603e+00
6.400240e+01	-2.771107e-01	-9.554014e-01	1.145426e+01	2.024037e+00	1.323937e+00	3.073615e-01	-8.009319e-01	-1.453382e-01	9.877476e+00
6.612059e+01	-3.202004e-01	-9.515405e-01	1.152413e+01	1.977474e+00	1.317165e+00	2.992067e-01	-7.939476e-01	-1.423283e-01	9.864339e+00
7.030049e+01	-2.735074e-01	-9.376011e-01	1.146200e+01	2.026405e+00	1.329806e+00	3.340044e-01	-7.924613e-01	-1.410652e-01	9.858131e+00
9.067901e+01	-2.271255e-01	-9.332906e-01	1.141288e+01	2.061409e+00	1.340883e+00	3.454922e-01	-7.948419e-01	-1.405441e-01	9.860517e+00
1.092453e+02	-3.551638e-01	-9.655676e-01	1.161669e+01	1.889459e+00	1.315115e+00	2.703455e-01	-7.973594e-01	-1.407990e-01	9.877704e+00
6.330638e+01	-3.549763e-01	-9.509917e-01	1.158753e+01	1.915187e+00	1.321583e+00	3.252920e-01	-7.990124e-01	-1.402250e-01	9.878173e+00
6.193382e+01	-2.909476e-01	-9.427888e-01	1.149573e+01	1.960014e+00	1.335877e+00	3.312111e-01	-7.957603e-01	-1.385320e-01	9.874301e+00
6.048148e+01	-2.849732e-01	-9.480029e-01	1.152482e+01	1.903760e+00	1.337201e+00	3.190308e-01	-7.964243e-01	-1.376854e-01	9.882042e+00
6.442560e+01	-2.335070e-01	-9.445455e-01	1.142763e+01	1.959166e+00	1.350911e+00	3.192346e-01	-7.963494e-01	-1.370272e-01	9.881540e+00
6.192895e+01	-2.743507e-01	-9.479356e-01	1.143229e+01	1.983836e+00	1.352122e+00	3.086523e-01	-7.971568e-01	-1.371162e-01	9.883516e+00
6.167402e+01	-2.759136e-01	-9.445724e-01	1.142414e+01	1.992869e+00	1.355604e+00	3.176206e-01	-7.963234e-01	-1.360781e-01	9.882787e+00
6.160429e+01	-2.883999e-01	-9.496701e-01	1.144921e+01	1.948213e+00	1.357551e+00	3.095923e-01	-7.970546e-01	-1.355281e-01	9.890319e+00
6.036369e+01	-2.869208e-01	-9.434140e-01	1.144605e+01	1.962423e+00	1.358409e+00	3.167523e-01	-7.953250e-01	-1.340748e-01	9.895095e+00
6.066195e+01	-2.946754e-01	-9.415235e-01	1.143533e+01	1.990415e+00	1.359026e+00	3.163312e-01	-7.970251e-01	-1.336934e-01	9.897266e+00
6.083849e+01	-2.939377e-01	-9.463234e-01	1.145168e+01	1.962765e+00	1.359466e+00	3.101571e-01	-7.981573e-01	-1.340084e-01	9.906051e+00
6.026764e+01	-2.794347e-01	-9.460553e-01	1.148005e+01	1.929150e+00	1.358272e+00	3.209047e-01	-7.989112e-01	-1.345481e-01	9.920229e+00
6.081047e+01	-2.734952e-01	-9.449421e-01	1.144370e+01	1.959376e+00	1.364563e+00	3.158705e-01	-7.945732e-01	-1.324923e-01	9.923885e+00
6.020400e+01	-2.867982e-01	-9.439644e-01	1.144125e+01	1.959417e+00	1.369224e+00	3.177269e-01	-7.933870e-01	-1.297584e-01	9.925050e+00
6.036497e+01	-2.886345e-01	-9.433532e-01	1.143519e+01	1.969574e+00	1.370413e+00	3.145619e-01	-7.932329e-01	-1.296573e-01	9.932042e+00
7.045338e+01	-3.063538e-01	-9.503616e-01	1.150965e+01	1.880924e+00	1.356703e+00	2.936184e-01	-7.926447e-01	-1.296377e-01	9.933873e+00
8.518691e+01	-2.649155e-01	-9.303882e-01	1.141320e+01	1.969830e+00	1.373776e+00	3.508854e-01	-7.942381e-01	-1.290595e-01	9.928040e+00
6.437885e+01	-2.690285e-01	-9.460720e-01	1.142196e+01	1.970204e+00	1.377640e+00	3.308227e-01	-8.067518e-01	-1.379386e-01	9.961996e+00
9.966213e+01	-3.216722e-01	-9.642129e-01	1.149701e+01	1.909188e+00	1.370701e+00	2.956040e-01	-8.125183e-01	-1.446911e-01	9.983667e+00
1.406525e+02	-2.525642e-01	-9.060173e-01	1.140674e+01	2.011365e+00	1.381637e+00	3.569843e-01	-7.700067e-01	-1.370983e-01	9.890902e+00
8.058725e+01	-3.673392e-01	-9.342469e-01	1.160800e+01	1.799188e+00	1.350598e+00	2.799639e-01	-7.661945e-01	-1.351020e-01	9.880046e+00
7.424090e+01	-3.595588e-01	-9.354480e-01	1.161614e+01	1.773773e+00	1.350479e+00	2.937526e-01	-7.724822e-01	-1.326522e-01	9.876811e+00
6.399783e+01	-3.032846e-01	-9.323982e-01	1.153275e+01	1.817402e+00	1.367035e+00	3.215460e-01	-7.839639e-01	-1.318019e-01	9.890690e+00
6.087439e+01	-2.699744e-01	-9.441257e-01	1.149948e+01	1.810593e+00	1.376721e+00	3.191941e-01	-7.946508e-01	-1.317451e-01	9.928958e+00
6.424227e+01	-2.424686e-01	-9.459427e-01	1.141798e+01	1.887818e+00	1.390585e+00	3.180897e-01	-7.995100e-01	-1.315220e-01	9.956034e+00
5.950799e+01	-3.238668e-01	-9.410277e-01	1.147012e+01	1.891819e+00	1.384564e+00	3.126046e-01	-7.953282e-01	-1.335502e-01	9.946230e+00
6.135722e+01	-2.963898e-01	-9.374321e-01	1.140259e+01	1.949056e+00	1.395850e+00	3.191294e-01	-7.942418e-01	-1.344016e-01	9.947909e+00
5.956064e+01	-3.117645e-01	-9.393856e-01	1.143064e+01	1.925171e+00	1.396359e+00	3.198104e-01	-7.938610e-01	-1.359020e-01	9.963099e+00
6.203295e+01	-3.001037e-01	-9.442626e-01	1.142084e+01	1.929310e+00	1.397917e+00	3.060048e-01	-7.956553e-01	-1.354863e-01	9.969305e+00
6.025112e+01	-3.304964e-01	-9.411410e-01	1.145859e+01	1.923889e+00	1.392097e+00	3.163903e-01	-8.037972e-01	-1.392506e-01	9.977596e+00
6.391237e+01	-2.877588e-01	-9.303627e-01	1.141900e+01	1.948499e+00	1.399355e+00	3.229090e-01	-7.938191e-01	-1.372090e-01	9.966126e+00
8.679418e+01	-3.423337e-01	-9.495289e-01	1.152911e+01	1.836146e+00	1.381683e+00	2.750998e-01	-7.940442e-01	-1.381034e-01	9.971583e+00
7.036834e+01	-2.771206e-01	-9.294238e-01	1.142599e+01	1.919827e+00	1.399527e+00	3.381573e-01	-7.955372e-01	-1.377349e-01	9.965075e+00
6.881536e+01	-2.599182e-01	-9.462742e-01	1.143169e+01	1.887202e+00	1.403119e+00	2.945445e-01	-7.967994e-01	-1.387103e-01	9.975271e+00
6.067971e+01	-2.880008e-01	-9.361015e-01	1.144496e+01	1.910340e+00	1.400105e+00	3.050366e-01	-7.869088e-01	-1.344256e-01	9.953032e+00
6.073532e+01	-3.116328e-01	-9.314270e-01	1.146574e+01	1.898706e+00	1.401040e+00	3.143635e-01	-7.867839e-01	-1.326092e-01	9.938072e+00
5.954025e+01	-3.123885e-01	-9.395060e-01	1.145801e+01	1.911750e+00	1.402418e+00	3.134349e-01	-7.979278e-01	-1.358846e-01	9.947398e+00
7.421594e+01	-3.311155e-01	-9.525234e-01	1.146840e+01	1.906732e+00	1.400937e+00	2.968476e-01	-8.058544e-01	-1.374411e-01	9.968498e+00
9.609593e+01	-2.744084e-01	-9.195956e-01	1.139898e+01	1.976181e+00	1.410641e+00	3.483222e-01	-7.860113e-01	-1.330260e-01	9.953768e+00
6.343586e+01	-3.302223e-01	-9.275588e-01	1.149398e+01	1.909377e+00	1.391535e+00	3.247920e-01	-7.830516e-01	-1.319711e-01	9.962083e+00
8.382280e+01	-3.462415e-01	-9.485116e-01	1.155118e+01	1.829822e+00	1.384456e+00	2.809395e-01	-7.974045e-01	-1.383831e-01	9.978728e+00
6.542130e+01	-3.180866e-01	-9.359740e-01	1.152084e+01	1.838689e+00	1.387125e+00	2.906936e-01	-7.865904e-01	-1.371774e-01	9.966615e+00
1.057928e+02	-2.442082e-01	-9.120724e-01	1.140840e+01	1.930475e+00	1.407605e+00	3.475611e-01	-7.872436e-01	-1.357132e-01	9.948887e+00
7.030229e+01	-2.803372e-01	-9.428956e-01	1.147458e+01	1.907248e+00	1.395960e+00	2.842516e-01	-7.933240e-01	-1.371316e-01	9.972098e+00
6.258819e+01	-2.995418e-01	-9.375170e-01	1.148237e+01	1.921402e+00	1.396055e+00	2.947012e-01	-7.892515e-01	-1.345019e-01	9.959557e+00
6.180818e+01	-2.961742e-01	-9.323195e-01	1.142924e+01	1.988853e+00	1.403518e+00	3.107609e-01	-7.907378e-01	-1.323113e-01	9.951913e+00
6.189052e+01	-3.091887e-01	-9.414089e-01	1.146785e+01	1.940771e+00	1.398367e+00	3.023601e-01	-7.961932e-01	-1.339726e-01	9.963690e+00
6.162537e+01	-3.358645e-01	-9.394998e-01	1.151286e+01	1.896801e+00	1.391595e+00	3.199543e-01	-8.083961e-01	-1.403499e-01	9.991715e+00
6.443912e+01	-2.778224e-01	-9.249458e-01	1.144554e+01	1.931552e+00	1.401933e+00	3.192765e-01	-7.937056e-01	-1.375994e-01	9.969337e+00
6.041213e+01	-3.190300e-01	-9.309752e-01	1.150912e+01	1.856049e+00	1.391096e+00	2.995066e-01	-7.899929e-01	-1.371378e-01	9.966635e+00
6.020274e+01	-2.858483e-01	-9.299918e-01	1.145261e+01	1.886448e+00	1.401657e+00	3.121995e-01	-7.929325e-01	-1.360921e-01	9.965802e+00
6.280145e+01	-2.481310e-01	-9.315964e-01	1.144409e+01	1.843986e+00	1.404926e+00	3.161993e-01	-7.966884e-01	-1.368061e-01	9.961792e+00
6.290850e+01	-3.223023e-01	-9.423531e-01	1.146554e+01	1.880019e+00	1.403673e+00	3.032389e-01	-7.988385e-01	-1.365763e-01	9.987616e+00
7.541955e+01	-2.971527e-01	-9.301488e-01	1.137831e+01	1.984900e+00	1.421723e+00	3.409946e-01	-8.024877e-01	-1.376049e-01	9.987215e+00
8.768847e+01	-3.573148e-01	-9.552296e-01	1.147939e+01	1.877390e+00	1.402479e+00	2.866747e-01	-7.987031e-01	-1.375890e-01	1.000968e+01
7.635955e+01	-2.975217e-01	-9.179310e-01	1.140956e+01	1.932816e+00	1.411935e+00	3.236110e-01	-7.652221e-01	-1.278300e-01	9.944828e+00
6.584554e+01	-3.272424e-01	-9.237088e-01	1.144251e+01	1.943330e+00	1.403843e+00	2.948343e-01	-7.641088e-01	-1.230235e-01	9.921415e+00
6.943409e+01	-3.108356e-01	-9.359692e-01	1.143085e+01	1.933198e+00	1.409836e+00	2.813560e-01	-7.742237e-01	-1.207831e-01	9.923682e+00
6.052762e+01	-3.125274e-01	-9.404584e-01	1.142452e+01	1.973620e+00	1.411295e+00	3.169158e-01	-7.958706e-01	-1.202092e-01	9.923904e+00
6.201938e+01	-3.497182e-01	-9.433522e-01	1.147772e+01	1.959063e+00	1.400752e+00	3.354619e-01	-8.047586e-01	-1.209591e-01	9.937677e+00
6.774482e+01	-3.092819e-01	-9.543011e-01	1.145785e+01	1.945294e+00	1.403672e+00	3.047099e-01	-8.043863e-01	-1.225237e-01	9.948017e+00
7.426360e+01	-2.639089e-01	-9.559646e-01	1.142827e+01	1.930774e+00	1.410505e+00	2.956271e-01	-8.015239e-01	-1.239611e-01	9.957866e+00
1.193071e+02	-2.479726e-01	-9.172971e-01	1.137972e+01	2.018053e+00	1.413480e+00	3.532437e-01	-7.817693e-01	-1.185502e-01	9.911023e+00
1.155381e+02	-3.542604e-01	-9.592819e-01	1.157114e+01	1.873149e+00	1.373736e+00	2.548368e-01	-7.810773e-01	-1.203059e-01	9.936232e+00
9.859959e+01	-3.234575e-01	-9.545732e-01	1.151563e+01	1.917255e+00	1.379719e+00	2.591233e-01	-7.765797e-01	-1.181320e-01	9.923878e+00
6.748558e+01	-2.930970e-01	-9.325138e-01	1.144429e+01	1.994006e+00	1.391103e+00	3.237660e-01	-7.801744e-01	-1.167944e-01	9.920288e+00
6.645194e+01	-2.423595e-01	-9.434593e-01	1.138917e+01	1.999075e+00	1.402087e+00	3.143347e-01	-7.889862e-01	-1.184065e-01	9.942905e+00
7.386686e+01	-3.089141e-01	-9.557528e-01	1.146816e+01	1.938595e+00	1.390193e+00	2.909193e-01	-7.940041e-01	-1.199097e-01	9.957442e+00
8.767990e+01	-2.729348e-01	-9.260427e-01	1.141405e+01	2.000859e+00	1.402363e+00	3.443701e-01	-7.811156e-01	-1.153901e-01	9.928958e+00
6.248399e+01	-3.334333e-01	-9.426287e-01	1.153659e+01	1.893339e+00	1.375236e+00	3.060595e-01	-7.838916e-01	-1.168582e-01	9.929051e+00
7.156666e+01	-3.162593e-01	-9.531270e-01	1.153931e+01	1.865719e+00	1.376802e+00	2.972600e-01	-7.930373e-01	-1.204233e-01	9.942117e+00
6.433555e+01	-2.762711e-01	-9.372502e-01	1.146788e+01	1.938159e+00	1.388684e+00	3.345896e-01	-8.044476e-01	-1.293950e-01	9.951905e+00
6.075050e+01	-2.823339e-01	-9.410910e-01	1.147591e+01	1.911993e+00	1.390951e+00	3.194772e-01	-8.020000e-01	-1.299813e-01	9.959632e+00
6.226996e+01	-2.549390e-01	-9.410135e-01	1.145746e+01	1.885359e+00	1.398393e+00	3.169994e-01	-8.000266e-01	-1.307299e-01	9.959794e+00
5.906016e+01	-3.065484e-01	-9.366446e-01	1.147571e+01	1.908922e+00	1.395006e+00	3.122604e-01	-7.908997e-01	-1.273044e-01	9.974005e+00
6.211245e+01	-3.225672e-01	-9.293792e-01	1.146134e+01	1.970992e+00	1.394347e+00	3.221199e-01	-7.880479e-01	-1.255933e-01	9.976286e+00
6.031885e+01	-3.271113e-01	-9.384711e-01	1.149562e+01	1.912980e+00	1.390266e+00	3.057553e-01	-7.903277e-01	-1.249677e-01	9.984402e+00
5.940499e+01	-3.011183e-01	-9.355153e-01	1.149124e+01	1.884700e+00	1.394645e+00	3.252688e-01	-7.926877e-01	-1.253325e-01	9.992849e+00
6.036739e+01	-2.786538e-01	-9.360587e-01	1.145441e+01	1.912985e+00	1.401353e+00	3.157310e-01	-7.922182e-01	-1.238634e-01	1.000108e+01
6.186701e+01	-2.816045e-01	-9.390060e-01	1.142856e+01	1.948806e+00	1.410175e+00	3.141827e-01	-7.946714e-01	-1.244192e-01	1.002662e+01
5.938530e+01	-2.999083e-01	-9.348841e-01	1.146112e+01	1.930295e+00	1.400414e+00	3.109192e-01	-7.861069e-01	-1.182576e-01	1.001372e+01
7.378306e+01	-2.909618e-01	-9.216004e-01	1.145277e+01	1.936889e+00	1.403316e+00	3.363377e-01	-7.863615e-01	-1.163335e-01	1.000477e+01
1.091600e+02	-3.374554e-01	-9.545352e-01	1.154441e+01	1.843054e+00	1.387009e+00	2.706644e-01	-7.937653e-01	-1.276016e-01	1.006582e+01
6.162125e+01	-3.206614e-01	-9.276029e-01	1.152024e+01	1.880080e+00	1.388638e+00	3.349238e-01	-7.856993e-01	-1.292376e-01	1.005423e+01
6.827482e+01	-2.770785e-01	-9.226953e-01	1.146974e+01	1.897126e+00	1.397916e+00	3.368383e-01	-7.857510e-01	-1.302436e-01	1.004920e+01
6.225462e+01	-2.860833e-01	-9.380611e-01	1.153239e+01	1.784005e+00	1.391438e+00	3.161321e-01	-7.929639e-01	-1.349123e-01	1.005945e+01
6.297589e+01	-2.741378e-01	-9.385823e-01	1.145781e+01	1.833845e+00	1.401734e+00	3.147124e-01	-7.954914e-01	-1.364828e-01	1.006125e+01
6.197138e+01	-2.919891e-01	-9.373813e-01	1.142637e+01	1.894001e+00	1.400680e+00	3.126597e-01	-7.959025e-01	-1.378852e-01	1.005467e+01
7.226437e+01	-2.931528e-01	-9.194121e-01	1.140231e+01	1.919137e+00	1.404434e+00	3.290057e-01	-7.810859e-01	-1.304084e-01	1.001551e+01
9.485394e+01	-3.566149e-01	-9.459077e-01	1.149777e+01	1.830994e+00	1.382447e+00	2.645159e-01	-7.932483e-01	-1.359066e-01	1.001278e+01
6.346640e+01	-3.151011e-01	-9.366070e-01	1.143020e+01	1.883833e+00	1.396432e+00	2.935475e-01	-7.969708e-01	-1.387436e-01	1.000223e+01
8.703463e+01	-2.479801e-01	-9.243327e-01	1.129690e+01	1.989968e+00	1.418049e+00	3.300253e-01	-7.985900e-01	-1.387479e-01	9.998024e+00
6.240551e+01	-3.662994e-01	-9.386660e-01	1.150549e+01	1.820504e+00	1.386252e+00	3.087653e-01	-7.983451e-01	-1.404846e-01	9.996601e+00
6.368454e+01	-3.642123e-01	-9.374670e-01	1.156278e+01	1.754439e+00	1.378971e+00	3.131449e-01	-7.965608e-01	-1.410020e-01	9.989150e+00
5.934466e+01	-3.105173e-01	-9.315411e-01	1.149675e+01	1.794692e+00	1.395143e+00	3.251474e-01	-7.915308e-01	-1.431001e-01	9.989396e+00
6.552428e+01	-2.579770e-01	-9.307957e-01	1.140831e+01	1.848833e+00	1.419291e+00	3.285188e-01	-7.903137e-01	-1.424926e-01	9.996383e+00
7.140877e+01	-3.241167e-01	-9.462569e-01	1.147650e+01	1.817385e+00	1.402267e+00	2.919432e-01	-7.919332e-01	-1.426066e-01	1.000094e+01
8.499501e+01	-2.790415e-01	-9.172932e-01	1.135913e+01	1.919074e+00	1.420046e+00	3.332295e-01	-7.785353e-01	-1.380349e-01	9.962716e+00
8.728853e+01	-4.064547e-01	-9.450238e-01	1.157230e+01	1.767716e+00	1.372190e+00	2.783412e-01	-7.802020e-01	-1.360149e-01	9.963273e+00
6.738287e+01	-3.770025e-01	-9.256679e-01	1.157176e+01	1.796657e+00	1.371020e+00	3.300279e-01	-7.813653e-01	-1.327976e-01	9.943765e+00
6.250533e+01	-3.154802e-01	-9.394736e-01	1.151760e+01	1.807143e+00	1.384288e+00	3.034721e-01	-7.883052e-01	-1.325219e-01	9.955207e+00
6.383321e+01	-2.442388e-01	-9.393481e-01	1.141732e+01	1.872818e+00	1.409662e+00	3.101015e-01	-7.938911e-01	-1.316418e-01	9.958766e+00
6.179043e+01	-2.622590e-01	-9.401224e-01	1.143007e+01	1.877036e+00	1.405685e+00	3.152776e-01	-7.933096e-01	-1.300337e-01	9.974419e+00
6.065745e+01	-2.805278e-01	-9.366065e-01	1.143464e+01	1.908505e+00	1.405979e+00	3.163109e-01	-7.936924e-01	-1.254935e-01	9.967519e+00
5.919435e+01	-3.272201e-01	-9.389798e-01	1.147358e+01	1.891489e+00	1.395870e+00	3.138112e-01	-7.948122e-01	-1.251544e-01	9.970891e+00
6.180349e+01	-3.092987e-01	-9.423029e-01	1.147437e+01	1.889121e+00	1.394305e+00	3.061551e-01	-7.993243e-01	-1.253193e-01	9.975124e+00
7.437146e+01	-2.926735e-01	-9.228631e-01	1.142548e+01	1.933160e+00	1.401913e+00	3.323120e-01	-7.887490e-01	-1.203656e-01	9.947035e+00
7.230182e+01	-2.982540e-01	-9.471763e-01	1.146158e+01	1.886467e+00	1.395096e+00	2.865513e-01	-7.912484e-01	-1.199172e-01	9.992734e+00
5.955583e+01	-3.097863e-01	-9.369449e-01	1.146130e+01	1.899847e+00	1.394957e+00	3.260812e-01	-7.931146e-01	-1.208786e-01	1.000028e+01
6.385718e+01	-2.777439e-01	-9.339687e-01	1.144582e+01	1.905373e+00	1.396985e+00	3.345734e-01	-7.933212e-01	-1.230410e-01	1.001102e+01
6.459175e+01	-3.252375e-01	-9.452645e-01	1.148197e+01	1.874715e+00	1.389542e+00	3.035886e-01	-7.927598e-01	-1.219842e-01	1.001176e+01
6.574959e+01	-3.007011e-01	-9.357600e-01	1.142330e+01	1.929298e+00	1.404345e+00	3.389367e-01	-8.003210e-01	-1.248434e-01	1.001401e+01
6.588921e+01	-3.202842e-01	-9.454178e-01	1.147604e+01	1.855220e+00	1.389505e+00	2.993814e-01	-7.908710e-01	-1.219153e-01	1.000046e+01
6.597532e+01	-3.104486e-01	-9.419539e-01	1.146448e+01	1.851138e+00	1.385917e+00	2.928639e-01	-7.829615e-01	-1.209216e-01	9.982348e+00
9.018762e+01	-2.651423e-01	-9.193206e-01	1.139488e+01	1.913214e+00	1.400759e+00	3.455712e-01	-7.842685e-01	-1.203560e-01	9.967000e+00
1.201438e+02	-2.929314e-01	-9.627248e-01	1.143953e+01	1.839193e+00	1.396414e+00	2.581477e-01	-7.916471e-01	-1.239365e-01	1.000974e+01
6.896801e+01	-2.908306e-01	-9.209838e-01	1.140215e+01	1.913326e+00	1.397819e+00	2.969185e-01	-7.582097e-01	-1.148166e-01	9.930046e+00
7.924258e+01	-3.088559e-01	-9.090161e-01	1.140691e+01	1.913473e+00	1.397199e+00	3.116979e-01	-7.583764e-01	-1.134270e-01	9.892460e+00
7.462245e+01	-3.645276e-01	-9.376903e-01	1.148291e+01	1.856380e+00	1.381752e+00	2.786898e-01	-7.721614e-01	-1.148490e-01	9.908161e+00
6.835663e+01	-3.387506e-01	-9.279911e-01	1.144224e+01	1.907583e+00	1.395255e+00	3.336534e-01	-7.835644e-01	-1.150082e-01	9.944921e+00
6.201568e+01	-3.041656e-01	-9.455521e-01	1.141954e+01	1.906908e+00	1.399889e+00	3.085839e-01	-7.934053e-01	-1.177361e-01	9.976961e+00
8.574499e+01	-3.410309e-01	-9.538479e-01	1.143997e+01	1.898905e+00	1.395619e+00	2.920476e-01	-8.097311e-01	-1.185463e-01	1.001343e+01
1.216482e+02	-2.692041e-01	-9.046299e-01	1.136683e+01	1.971422e+00	1.407630e+00	3.480614e-01	-7.834448e-01	-1.221637e-01	9.961215e+00
7.013315e+01	-3.258767e-01	-9.148546e-01	1.142827e+01	1.971089e+00	1.396280e+00	3.147322e-01	-7.782810e-01	-1.247888e-01	9.965579e+00
1.526223e+02	-4.077473e-01	-9.585158e-01	1.160422e+01	1.808975e+00	1.358119e+00	2.393680e-01	-7.873999e-01	-1.284284e-01	1.000534e+01
6.553600e+01	-3.442919e-01	-9.279430e-01	1.154835e+01	1.851555e+00	1.370402e+00	2.980532e-01	-7.609170e-01	-1.237570e-01	9.982589e+00
9.911265e+01	-2.730500e-01	-9.070599e-01	1.148762e+01	1.890753e+00	1.383578e+00	3.458998e-01	-7.636237e-01	-1.210824e-01	9.964658e+00
7.062281e+01	-3.076305e-01	-9.409555e-01	1.149530e+01	1.897571e+00	1.384594e+00	2.826720e-01	-7.738178e-01	-1.220808e-01	9.981462e+00
6.268188e+01	-2.680669e-01	-9.410136e-01	1.144631e+01	1.922782e+00	1.397653e+00	3.027314e-01	-7.837543e-01	-1.217891e-01	9.987861e+00
8.422192e+01	-2.768689e-01	-9.267367e-01	1.140808e+01	2.014960e+00	1.402016e+00	3.479685e-01	-7.910443e-01	-1.216333e-01	1.000454e+01
1.416533e+02	-3.345376e-01	-9.687708e-01	1.151291e+01	1.866370e+00	1.381229e+00	2.753192e-01	-8.031971e-01	-1.307821e-01	1.005512e+01
9.505385e+01	-3.012388e-01	-8.932075e-01	1.148209e+01	1.902582e+00	1.379852e+00	3.151632e-01	-7.303761e-01	-1.166525e-01	9.906690e+00
7.853755e+01	-2.860091e-01	-8.996499e-01	1.150282e+01	1.858015e+00	1.374589e+00	2.811232e-01	-7.253782e-01	-1.099171e-01	9.865712e+00
8.145290e+01	-2.663013e-01	-9.196107e-01	1.145227e+01	1.906387e+00	1.382199e+00	2.613370e-01	-7.415255e-01	-1.059123e-01	9.864518e+00
6.695887e+01	-3.089918e-01	-9.243980e-01	1.147257e+01	1.891003e+00	1.385259e+00	3.024897e-01	-7.648221e-01	-1.043099e-01	9.879384e+00
6.421989e+01	-3.771724e-01	-9.353385e-01	1.152979e+01	1.844751e+00	1.376073e+00	3.162196e-01	-7.856161e-01	-1.046975e-01	9.890325e+00
6.466013e+01	-3.211415e-01	-9.532503e-01	1.146621e+01	1.866065e+00	1.393394e+00	3.105982e-01	-8.013609e-01	-1.058827e-01	9.938577e+00
6.915698e+01	-2.715357e-01	-9.396090e-01	1.138489e+01	1.911149e+00	1.411141e+00	3.394484e-01	-7.996785e-01	-1.069002e-01	9.926918e+00
6.422963e+01	-2.776587e-01	-9.521165e-01	1.140044e+01	1.917647e+00	1.406503e+00	3.116886e-01	-7.988945e-01	-1.095258e-01	9.939922e+00
6.384110e+01	-2.914392e-01	-9.521634e-01	1.145273e+01	1.873797e+00	1.388243e+00	3.106563e-01	-7.970383e-01	-1.114554e-01	9.938275e+00
6.710489e+01	-2.962026e-01	-9.309141e-01	1.142276e+01	1.929599e+00	1.395480e+00	3.279595e-01	-7.851572e-01	-1.185598e-01	9.946260e+00
6.169857e+01	-3.262619e-01	-9.438752e-01	1.144786e+01	1.936017e+00	1.387395e+00	3.122350e-01	-8.015360e-01	-1.368796e-01	9.991497e+00
7.351694e+01	-3.186004e-01	-9.505063e-01	1.144063e+01	1.933988e+00	1.389417e+00	3.060986e-01	-8.067112e-01	-1.439385e-01	1.001547e+01
6.659351e+01	-2.956772e-01	-9.310172e-01	1.140764e+01	1.980319e+00	1.392862e+00	3.312738e-01	-7.940968e-01	-1.393425e-01	9.994151e+00
6.407620e+01	-2.976087e-01	-9.279074e-01	1.144378e+01	1.913753e+00	1.384759e+00	3.278640e-01	-7.889775e-01	-1.373816e-01	9.976394e+00
6.023130e+01	-2.875274e-01	-9.381006e-01	1.145039e+01	1.884799e+00	1.387092e+00	3.173361e-01	-7.976588e-01	-1.410713e-01	9.981975e+00
7.211875e+01	-3.170384e-01	-9.497439e-01	1.148812e+01	1.843553e+00	1.378133e+00	2.991110e-01	-7.997627e-01	-1.430725e-01	9.992522e+00
