# loss | a0 ... a8
9.229991e+01	1.001054e+00	-9.944196e-01	1.498750e+01	3.550871e+00	3.852857e+00	3.341143e-01	-9.293500e-01	3.369643e-01	9.447946e+00
1.341273e+03	1.190352e+00	-8.567664e-01	1.474531e+01	3.742174e+00	4.049900e+00	4.513066e-01	-7.474431e-01	4.558684e-01	9.277063e+00
1.355354e+02	9.894136e-01	-1.002492e+00	1.495090e+01	3.506611e+00	3.852022e+00	2.665631e-01	-7.326821e-01	3.445609e-01	9.459580e+00
2.928839e+02	8.960777e-01	-1.048277e+00	1.503492e+01	3.389261e+00	3.761423e+00	2.243553e-01	-7.216342e-01	2.870561e-01	9.546499e+00
3.008349e+02	8.555509e-01	-1.054135e+00	1.506123e+01	3.324486e+00	3.720638e+00	2.296892e-01	-7.660981e-01	1.577297e-01	9.591199e+00
2.034234e+02	8.484913e-01	-1.030861e+00	1.504489e+01	3.300001e+00	3.715442e+00	2.654249e-01	-7.263380e-01	6.913926e-02	9.592023e+00
1.320844e+02	8.618640e-01	-1.003348e+00	1.500832e+01	3.294159e+00	3.727617e+00	2.951322e-01	-6.981241e-01	-8.332132e-03	9.578218e+00
9.077404e+01	8.856692e-01	-9.805732e-01	1.496151e+01	3.296508e+00	3.749317e+00	3.129308e-01	-7.976396e-01	-9.470325e-02	9.581718e+00
8.274143e+01	9.124725e-01	-9.602370e-01	1.491316e+01	3.301302e+00	3.771691e+00	3.247030e-01	-8.210531e-01	-1.856833e-01	9.570187e+00
8.275099e+01	9.323929e-01	-9.518047e-01	1.487414e+01	3.297230e+00	3.785798e+00	3.220596e-01	-8.357837e-01	-2.657414e-01	9.574370e+00
1.715651e+02	9.558836e-01	-9.490106e-01	1.483077e+01	3.295284e+00	3.804753e+00	3.206770e-01	-9.295064e-01	-2.193081e-01	9.597741e+00
1.118150e+02	9.912338e-01	-9.282264e-01	1.478757e+01	3.295034e+00	3.810392e+00	3.160533e-01	-7.885809e-01	-3.258713e-01	9.475349e+00
1.136953e+02	1.007465e+00	-9.299743e-01	1.475826e+01	3.281275e+00	3.811969e+00	3.009427e-01	-7.390284e-01	-3.608397e-01	9.421055e+00
1.070530e+02	1.015575e+00	-9.379719e-01	1.473564e+01	3.261545e+00	3.811017e+00	2.888483e-01	-7.312651e-01	-3.375055e-01	9.397913e+00
9.994851e+01	1.023204e+00	-9.427962e-01	1.470575e+01	3.248998e+00	3.821929e+00	2.877103e-01	-7.432643e-01	-2.763537e-01	9.392735e+00
9.281682e+01	1.030443e+00	-9.444249e-01	1.467295e+01	3.238473e+00	3.836218e+00	2.915477e-01	-7.624617e-01	-2.090793e-01	9.403125e+00
8.793722e+01	1.038029e+00	-9.464311e-01	1.463977e+01	3.230314e+00	3.850729e+00	2.941196e-01	-7.783100e-01	-1.519934e-01	9.416042e+00
8.386435e+01	1.039237e+00	-9.521860e-01	1.461511e+01	3.213948e+00	3.858736e+00	2.923706e-01	-7.947613e-01	-1.058260e-01	9.438017e+00
8.202037e+01	1.047372e+00	-9.504727e-01	1.457963e+01	3.208906e+00	3.873486e+00	2.979777e-01	-8.047678e-01	-7.542825e-02	9.455242e+00
8.065674e+01	1.058034e+00	-9.499865e-01	1.454177e+01	3.205439e+00	3.888911e+00	3.023697e-01	-8.187889e-01	-6.077732e-02	9.483065e+00
7.912634e+01	1.056667e+00	-9.511087e-01	1.451700e+01	3.193133e+00	3.895922e+00	3.018585e-01	-8.243117e-01	-6.030105e-02	9.506482e+00
7.576773e+01	1.051615e+00	-9.556986e-01	1.449606e+01	3.176474e+00	3.901708e+00	2.989693e-01	-8.371886e-01	-7.703506e-02	9.532928e+00
7.478401e+01	1.049199e+00	-9.542845e-01	1.447347e+01	3.164702e+00	3.906224e+00	3.011330e-01	-8.362288e-01	-9.886057e-02	9.570665e+00
7.433709e+01	1.056343e+00	-9.549469e-01	1.443514e+01	3.165739e+00	3.922150e+00	3.065160e-01	-8.313227e-01	-1.154111e-01	9.598853e+00
7.145770e+01	1.047176e+00	-9.587833e-01	1.441986e+01	3.148350e+00	3.920326e+00	3.030886e-01	-8.273026e-01	-1.390775e-01	9.621913e+00
7.053055e+01	1.039754e+00	-9.601929e-01	1.439620e+01	3.137226e+00	3.928483e+00	3.015794e-01	-8.245177e-01	-1.606448e-01	9.643064e+00
6.984380e+01	1.031453e+00	-9.589191e-01	1.437915e+01	3.123837e+00	3.928767e+00	3.037960e-01	-8.313536e-01	-1.823768e-01	9.668357e+00
7.202164e+01	1.034337e+00	-9.508800e-01	1.435320e+01	3.117845e+00	3.931944e+00	3.120954e-01	-8.298795e-01	-1.989006e-01	9.676262e+00
6.981097e+01	1.016946e+00	-9.529892e-01	1.434317e+01	3.101412e+00	3.930685e+00	3.068906e-01	-8.298466e-01	-2.125226e-01	9.693998e+00
7.096070e+01	1.006396e+00	-9.495446e-01	1.432173e+01	3.097381e+00	3.939503e+00	3.094940e-01	-8.279762e-01	-2.150479e-01	9.701800e+00
6.911709e+01	9.858762e-01	-9.538181e-01	1.431836e+01	3.074478e+00	3.932838e+00	3.017102e-01	-8.253734e-01	-2.205376e-01	9.715104e+00
6.989332e+01	9.702881e-01	-9.526807e-01	1.431053e+01	3.058147e+00	3.927685e+00	3.007603e-01	-8.150264e-01	-2.256320e-01	9.710315e+00
6.988748e+01	9.589768e-01	-9.510553e-01	1.429444e+01	3.045791e+00	3.930446e+00	3.016977e-01	-8.136777e-01	-2.155461e-01	9.716952e+00
6.917347e+01	9.492336e-01	-9.499056e-01	1.426748e+01	3.042572e+00	3.944779e+00	3.025719e-01	-8.174144e-01	-2.049212e-01	9.728758e+00
6.904126e+01	9.394952e-01	-9.492971e-01	1.425149e+01	3.029995e+00	3.946153e+00	3.045304e-01	-8.267163e-01	-1.926476e-01	9.744292e+00
7.137066e+01	9.267801e-01	-9.471443e-01	1.423311e+01	3.022270e+00	3.952766e+00	3.072366e-01	-8.434073e-01	-1.833561e-01	9.752338e+00
7.731223e+01	9.217453e-01	-9.397777e-01	1.421873e+01	3.010427e+00	3.947986e+00	3.051648e-01	-7.970500e-01	-1.796710e-01	9.691560e+00
8.380438e+01	9.059235e-01	-9.343676e-01	1.419845e+01	3.010308e+00	3.958802e+00	3.098664e-01	-7.976165e-01	-1.703118e-01	9.666977e+00
7.455634e+01	8.869952e-01	-9.450278e-01	1.420207e+01	2.981208e+00	3.943168e+00	2.960355e-01	-8.010549e-01	-1.644772e-01	9.665167e+00
7.408911e+01	8.602502e-01	-9.511156e-01	1.420278e+01	2.959732e+00	3.936385e+00	2.914025e-01	-8.106452e-01	-1.591285e-01	9.670819e+00
7.083677e+01	8.576765e-01	-9.496660e-01	1.418470e+01	2.950577e+00	3.938738e+00	2.983923e-01	-8.206445e-01	-1.507265e-01	9.680567e+00
7.349285e+01	8.640970e-01	-9.540314e-01	1.416149e+01	2.940451e+00	3.941586e+00	2.977331e-01	-8.472319e-01	-1.700847e-01	9.710885e+00
7.257212e+01	8.649384e-01	-9.477510e-01	1.413283e+01	2.940879e+00	3.952820e+00	3.078493e-01	-8.515112e-01	-1.874219e-01	9.718766e+00
7.949815e+01	8.530596e-01	-9.403770e-01	1.412543e+01	2.924934e+00	3.945807e+00	3.036225e-01	-7.865352e-01	-2.114193e-01	9.641274e+00
9.058529e+01	8.566996e-01	-9.320355e-01	1.409594e+01	2.926878e+00	3.953321e+00	3.080256e-01	-7.667289e-01	-2.079594e-01	9.600670e+00
9.027059e+01	8.633920e-01	-9.323758e-01	1.406824e+01	2.922326e+00	3.959537e+00	3.080269e-01	-7.738291e-01	-1.859199e-01	9.591704e+00
7.782645e+01	8.326673e-01	-9.444702e-01	1.407306e+01	2.900688e+00	3.951798e+00	2.955635e-01	-7.879520e-01	-1.572939e-01	9.614938e+00
7.600704e+01	7.940660e-01	-9.519973e-01	1.407760e+01	2.883261e+00	3.949560e+00	2.918440e-01	-7.983990e-01	-1.376396e-01	9.636563e+00
7.117981e+01	7.852656e-01	-9.516981e-01	1.405868e+01	2.878916e+00	3.956049e+00	2.991606e-01	-8.214954e-01	-1.244041e-01	9.668828e+00
8.289441e+01	7.895969e-01	-9.528634e-01	1.401923e+01	2.887387e+00	3.978612e+00	3.064078e-01	-8.612619e-01	-1.414370e-01	9.734613e+00
8.949261e+01	7.820070e-01	-9.514630e-01	1.400223e+01	2.881108e+00	3.979938e+00	3.086820e-01	-8.647637e-01	-1.762206e-01	9.769155e+00
7.792094e+01	7.732753e-01	-9.384306e-01	1.400235e+01	2.866492e+00	3.960280e+00	3.099255e-01	-7.900443e-01	-1.843979e-01	9.697977e+00
7.999502e+01	7.691929e-01	-9.371295e-01	1.398453e+01	2.863031e+00	3.963680e+00	3.058364e-01	-7.754245e-01	-1.841683e-01	9.684510e+00
7.496939e+01	7.542612e-01	-9.447675e-01	1.398933e+01	2.840037e+00	3.950233e+00	2.968413e-01	-7.864247e-01	-1.677870e-01	9.691088e+00
7.178742e+01	7.475095e-01	-9.464346e-01	1.396829e+01	2.838701e+00	3.958451e+00	2.986740e-01	-8.085158e-01	-1.594912e-01	9.706813e+00
7.367507e+01	7.252962e-01	-9.467075e-01	1.395864e+01	2.835276e+00	3.962120e+00	3.014332e-01	-8.545614e-01	-1.551529e-01	9.717944e+00
7.285996e+01	7.321478e-01	-9.416944e-01	1.393119e+01	2.838434e+00	3.971408e+00	3.046304e-01	-8.554264e-01	-1.621157e-01	9.710126e+00
8.589894e+01	7.500849e-01	-9.297224e-01	1.390313e+01	2.839443e+00	3.975577e+00	3.092025e-01	-8.058444e-01	-1.662877e-01	9.638009e+00
8.052448e+01	7.270200e-01	-9.348904e-01	1.390433e+01	2.827321e+00	3.967711e+00	2.993568e-01	-7.991329e-01	-1.701052e-01	9.601064e+00
7.777393e+01	7.141401e-01	-9.445096e-01	1.390208e+01	2.810607e+00	3.959556e+00	2.882477e-01	-8.018296e-01	-1.618505e-01	9.585573e+00
7.390823e+01	6.933481e-01	-9.511006e-01	1.389776e+01	2.802186e+00	3.957439e+00	2.900144e-01	-8.252282e-01	-1.507802e-01	9.610815e+00
7.163017e+01	7.060551e-01	-9.464879e-01	1.386573e+01	2.807319e+00	3.966685e+00	3.003323e-01	-8.320718e-01	-1.531829e-01	9.622416e+00
7.385077e+01	6.850426e-01	-9.503261e-01	1.385532e+01	2.804571e+00	3.971069e+00	3.059962e-01	-8.566371e-01	-1.699339e-01	9.679456e+00
7.812452e+01	6.812637e-01	-9.405309e-01	1.384914e+01	2.795466e+00	3.959742e+00	3.051740e-01	-7.928931e-01	-1.782590e-01	9.630861e+00
8.270460e+01	6.685383e-01	-9.368591e-01	1.383666e+01	2.795350e+00	3.961343e+00	3.066141e-01	-7.808776e-01	-1.790590e-01	9.608670e+00
8.177495e+01	6.567287e-01	-9.376405e-01	1.382242e+01	2.790946e+00	3.967147e+00	3.058653e-01	-7.844957e-01	-1.677887e-01	9.602171e+00
7.391332e+01	6.335442e-01	-9.481826e-01	1.382409e+01	2.777139e+00	3.958527e+00	2.974248e-01	-8.048164e-01	-1.516240e-01	9.628809e+00
6.960711e+01	6.332889e-01	-9.506202e-01	1.380191e+01	2.775720e+00	3.965327e+00	3.012096e-01	-8.288620e-01	-1.427188e-01	9.662569e+00
6.996317e+01	6.210721e-01	-9.521331e-01	1.379150e+01	2.771475e+00	3.963679e+00	3.021082e-01	-8.355087e-01	-1.389168e-01	9.686571e+00
6.918719e+01	6.182081e-01	-9.517219e-01	1.378054e+01	2.766067e+00	3.955092e+00	3.009074e-01	-8.263016e-01	-1.539403e-01	9.738960e+00
7.544023e+01	6.215665e-01	-9.386838e-01	1.375788e+01	2.772761e+00	3.960132e+00	3.098029e-01	-7.975253e-01	-1.517835e-01	9.728310e+00
7.958751e+01	6.220003e-01	-9.350351e-01	1.373242e+01	2.776358e+00	3.970925e+00	3.077316e-01	-7.847661e-01	-1.590829e-01	9.723399e+00
6.999432e+01	5.990152e-01	-9.442349e-01	1.374164e+01	2.759123e+00	3.954489e+00	3.009423e-01	-8.085818e-01	-1.541524e-01	9.743060e+00
7.210664e+01	5.670212e-01	-9.525875e-01	1.375038e+01	2.744173e+00	3.941771e+00	2.959059e-01	-8.346623e-01	-1.867673e-01	9.768170e+00
6.871629e+01	5.649853e-01	-9.463070e-01	1.373587e+01	2.742686e+00	3.940430e+00	3.056034e-01	-8.360771e-01	-2.141712e-01	9.764279e+00
7.110668e+01	5.805401e-01	-9.390249e-01	1.371136e+01	2.744793e+00	3.943052e+00	3.132607e-01	-8.285957e-01	-2.417695e-01	9.756677e+00
6.869596e+01	5.669855e-01	-9.386688e-01	1.370961e+01	2.734935e+00	3.931682e+00	3.077337e-01	-8.317657e-01	-2.539313e-01	9.784873e+00
6.803847e+01	5.594551e-01	-9.418996e-01	1.368568e+01	2.738542e+00	3.943385e+00	2.999022e-01	-8.309992e-01	-2.452061e-01	9.808405e+00
7.417296e+01	5.506951e-01	-9.351680e-01	1.368462e+01	2.727387e+00	3.925156e+00	2.995561e-01	-7.959550e-01	-2.627639e-01	9.759808e+00
7.476739e+01	5.312772e-01	-9.375809e-01	1.369658e+01	2.701478e+00	3.900960e+00	2.968178e-01	-7.884265e-01	-2.581943e-01	9.739765e+00
7.108778e+01	5.263078e-01	-9.386814e-01	1.368365e+01	2.699769e+00	3.898758e+00	3.007021e-01	-8.066964e-01	-2.069029e-01	9.741459e+00
9.299423e+01	5.377376e-01	-9.477180e-01	1.365949e+01	2.699029e+00	3.905505e+00	3.035458e-01	-8.616850e-01	-1.820346e-01	9.814799e+00
7.565412e+01	5.393871e-01	-9.333839e-01	1.364321e+01	2.703186e+00	3.902082e+00	3.069758e-01	-7.968343e-01	-1.423986e-01	9.744204e+00
7.602832e+01	5.047608e-01	-9.381442e-01	1.366559e+01	2.677092e+00	3.870485e+00	2.930728e-01	-7.738006e-01	-1.249811e-01	9.705557e+00
7.741927e+01	5.069352e-01	-9.338610e-01	1.364794e+01	2.681014e+00	3.871353e+00	3.014815e-01	-7.797787e-01	-1.098160e-01	9.692242e+00
7.867110e+01	5.057821e-01	-9.318150e-01	1.363389e+01	2.687454e+00	3.867146e+00	3.093951e-01	-7.977926e-01	-1.117680e-01	9.703868e+00
7.135519e+01	4.977814e-01	-9.435282e-01	1.363167e+01	2.673002e+00	3.857734e+00	2.977002e-01	-8.095052e-01	-1.158688e-01	9.720594e+00
7.036777e+01	4.882501e-01	-9.486810e-01	1.362180e+01	2.668740e+00	3.854384e+00	2.928638e-01	-8.145314e-01	-1.217758e-01	9.732126e+00
6.933638e+01	5.019346e-01	-9.431884e-01	1.359760e+01	2.672858e+00	3.858471e+00	3.023915e-01	-8.154239e-01	-1.396807e-01	9.732691e+00
7.218630e+01	4.943661e-01	-9.471747e-01	1.358733e+01	2.672815e+00	3.854122e+00	3.053067e-01	-8.449508e-01	-1.893045e-01	9.759641e+00
7.212658e+01	5.060095e-01	-9.434719e-01	1.356387e+01	2.676437e+00	3.858787e+00	3.086754e-01	-8.477607e-01	-2.347099e-01	9.761696e+00
7.608307e+01	5.468788e-01	-9.367620e-01	1.350503e+01	2.700441e+00	3.886510e+00	3.120779e-01	-8.387140e-01	-2.720438e-01	9.755160e+00
6.818416e+01	4.921291e-01	-9.444450e-01	1.354375e+01	2.670802e+00	3.852602e+00	2.980792e-01	-8.358635e-01	-3.001256e-01	9.766186e+00
7.885846e+01	4.561275e-01	-9.339169e-01	1.354916e+01	2.672435e+00	3.843414e+00	3.015500e-01	-8.048600e-01	-3.429042e-01	9.716330e+00
6.926922e+01	4.184963e-01	-9.450091e-01	1.357110e+01	2.649202e+00	3.821083e+00	2.948675e-01	-8.202609e-01	-2.665040e-01	9.734396e+00
7.434922e+01	3.828987e-01	-9.532729e-01	1.359331e+01	2.625174e+00	3.796720e+00	2.910897e-01	-8.296270e-01	-1.918555e-01	9.748218e+00
7.532509e+01	4.067385e-01	-9.347941e-01	1.356255e+01	2.640068e+00	3.807834e+00	3.083025e-01	-8.008801e-01	-1.560469e-01	9.690653e+00
7.369236e+01	4.118199e-01	-9.383802e-01	1.356346e+01	2.627960e+00	3.786633e+00	3.020971e-01	-7.999796e-01	-1.431547e-01	9.679667e+00
7.452815e+01	4.361399e-01	-9.360950e-01	1.352709e+01	2.637744e+00	3.799043e+00	3.063236e-01	-8.107563e-01	-1.321907e-01	9.678920e+00
7.482425e+01	4.582282e-01	-9.361174e-01	1.349240e+01	2.642138e+00	3.812628e+00	3.072007e-01	-8.191221e-01	-1.319944e-01	9.692182e+00
6.894676e+01	4.533847e-01	-9.456868e-01	1.348521e+01	2.634851e+00	3.801925e+00	2.977764e-01	-8.277684e-01	-1.439016e-01	9.719013e+00
6.934820e+01	4.692662e-01	-9.413776e-01	1.345996e+01	2.639572e+00	3.801917e+00	3.043378e-01	-8.226539e-01	-1.632224e-01	9.750106e+00
6.848258e+01	4.473211e-01	-9.460018e-01	1.346324e+01	2.631056e+00	3.787203e+00	2.990906e-01	-8.223942e-01	-1.810275e-01	9.777044e+00
7.383920e+01	4.624741e-01	-9.329591e-01	1.343274e+01	2.641030e+00	3.792890e+00	3.087741e-01	-8.278242e-01	-1.994632e-01	9.751803e+00
6.861050e+01	4.156001e-01	-9.373859e-01	1.345514e+01	2.622841e+00	3.762770e+00	3.004290e-01	-8.293984e-01	-2.019650e-01	9.738737e+00
7.036005e+01	4.033125e-01	-9.453381e-01	1.346503e+01	2.599978e+00	3.735779e+00	2.885870e-01	-8.281334e-01	-2.030728e-01	9.733628e+00
6.802831e+01	3.866259e-01	-9.407731e-01	1.346168e+01	2.602765e+00	3.724862e+00	3.011617e-01	-8.354846e-01	-2.060577e-01	9.751539e+00
6.896741e+01	3.634616e-01	-9.364671e-01	1.345967e+01	2.604724e+00	3.714754e+00	3.097947e-01	-8.308173e-01	-2.066446e-01	9.760174e+00
6.872467e+01	3.721912e-01	-9.335518e-01	1.344543e+01	2.607242e+00	3.707598e+00	3.061628e-01	-8.307950e-01	-2.129724e-01	9.792164e+00
9.189723e+01	4.166633e-01	-9.341682e-01	1.338889e+01	2.629694e+00	3.733340e+00	3.081574e-01	-8.636242e-01	-2.494691e-01	9.862249e+00
8.890167e+01	3.946665e-01	-9.225156e-01	1.341503e+01	2.609264e+00	3.690184e+00	2.919708e-01	-7.607928e-01	-3.674537e-01	9.768510e+00
9.538575e+01	3.679043e-01	-9.260184e-01	1.343220e+01	2.586463e+00	3.666894e+00	2.813892e-01	-7.330310e-01	-3.777026e-01	9.723093e+00
8.825077e+01	3.507064e-01	-9.217764e-01	1.342793e+01	2.589489e+00	3.663366e+00	2.958450e-01	-7.461498e-01	-2.789669e-01	9.701117e+00
7.602189e+01	3.093274e-01	-9.335916e-01	1.344413e+01	2.572976e+00	3.645591e+00	2.941555e-01	-7.760931e-01	-1.486138e-01	9.708165e+00
7.441514e+01	3.179273e-01	-9.356058e-01	1.341821e+01	2.581911e+00	3.655278e+00	3.007113e-01	-7.963994e-01	-5.610951e-02	9.715659e+00
7.231371e+01	3.351345e-01	-9.440508e-01	1.340742e+01	2.571787e+00	3.647256e+00	2.991013e-01	-8.165990e-01	-1.590804e-02	9.736053e+00
7.310102e+01	3.568185e-01	-9.398540e-01	1.337455e+01	2.587834e+00	3.660161e+00	3.046011e-01	-8.183691e-01	-6.478861e-03	9.741477e+00
7.467365e+01	3.624380e-01	-9.375007e-01	1.336294e+01	2.582468e+00	3.657779e+00	3.086940e-01	-8.154550e-01	-1.413898e-02	9.738928e+00
6.932629e+01	3.700425e-01	-9.429617e-01	1.334433e+01	2.589018e+00	3.656694e+00	3.011569e-01	-8.266975e-01	-7.221395e-02	9.757606e+00
7.124895e+01	3.934541e-01	-9.424609e-01	1.331429e+01	2.602641e+00	3.662874e+00	3.045992e-01	-8.378736e-01	-1.584011e-01	9.779078e+00
6.895439e+01	3.651640e-01	-9.450130e-01	1.332372e+01	2.595030e+00	3.643102e+00	2.998193e-01	-8.332936e-01	-2.161227e-01	9.784114e+00
7.818711e+01	3.535376e-01	-9.331751e-01	1.332783e+01	2.588159e+00	3.624096e+00	3.002216e-01	-7.854085e-01	-2.638849e-01	9.718272e+00
7.632824e+01	3.264732e-01	-9.364941e-01	1.333234e+01	2.584602e+00	3.608792e+00	2.985231e-01	-7.821144e-01	-2.484270e-01	9.716880e+00
7.299069e+01	2.995227e-01	-9.457736e-01	1.332145e+01	2.593102e+00	3.611179e+00	2.902492e-01	-7.927210e-01	-2.122765e-01	9.733960e+00
6.840714e+01	2.940377e-01	-9.395092e-01	1.331117e+01	2.598694e+00	3.608303e+00	3.089895e-01	-8.234671e-01	-1.726316e-01	9.797125e+00
9.189384e+01	3.285648e-01	-9.390721e-01	1.326326e+01	2.621480e+00	3.632059e+00	3.158528e-01	-8.558829e-01	-1.445474e-01	9.883466e+00
9.618265e+01	3.118379e-01	-9.148180e-01	1.329321e+01	2.602301e+00	3.578381e+00	3.089738e-01	-7.248396e-01	-5.880467e-02	9.778927e+00
8.484369e+01	2.838095e-01	-9.240372e-01	1.332773e+01	2.571514e+00	3.530959e+00	2.849674e-01	-6.940813e-01	-1.966374e-02	9.745577e+00
8.545180e+01	2.586220e-01	-9.246747e-01	1.335581e+01	2.547905e+00	3.488385e+00	2.856887e-01	-6.969634e-01	6.316230e-03	9.712930e+00
8.564190e+01	2.512524e-01	-9.229011e-01	1.337648e+01	2.525123e+00	3.451678e+00	2.935705e-01	-7.212567e-01	5.992668e-03	9.688069e+00
8.228679e+01	2.679554e-01	-9.291210e-01	1.335825e+01	2.526477e+00	3.447428e+00	2.913385e-01	-7.423297e-01	6.882701e-03	9.685055e+00
7.905455e+01	3.135244e-01	-9.305093e-01	1.332015e+01	2.535291e+00	3.456924e+00	2.984610e-01	-7.708494e-01	-1.977845e-02	9.695603e+00
7.581577e+01	3.254756e-01	-9.350708e-01	1.329689e+01	2.542243e+00	3.460557e+00	2.975961e-01	-7.859431e-01	-4.284494e-02	9.703260e+00
7.740189e+01	3.759683e-01	-9.349833e-01	1.323987e+01	2.571019e+00	3.492341e+00	2.992590e-01	-7.950981e-01	-6.643692e-02	9.711469e+00
7.129061e+01	3.313243e-01	-9.433631e-01	1.326337e+01	2.556164e+00	3.469030e+00	2.966866e-01	-8.105568e-01	-1.030478e-01	9.729321e+00
8.728304e+01	2.799952e-01	-9.496441e-01	1.329125e+01	2.532615e+00	3.447316e+00	2.939309e-01	-8.543572e-01	-1.361815e-01	9.794763e+00
8.241581e+01	2.892055e-01	-9.209895e-01	1.327455e+01	2.548481e+00	3.444582e+00	3.115283e-01	-7.988248e-01	-1.192539e-01	9.746807e+00
8.364574e+01	2.835286e-01	-9.196116e-01	1.327089e+01	2.544598e+00	3.437115e+00	3.086675e-01	-7.832910e-01	-1.238341e-01	9.737820e+00
7.377564e+01	2.682268e-01	-9.341010e-01	1.328414e+01	2.528530e+00	3.409250e+00	2.881510e-01	-7.862594e-01	-1.217436e-01	9.745918e+00
7.231004e+01	2.754637e-01	-9.370379e-01	1.327777e+01	2.525431e+00	3.391346e+00	2.878795e-01	-7.987952e-01	-1.355087e-01	9.750943e+00
6.988066e+01	2.871937e-01	-9.347184e-01	1.325401e+01	2.536953e+00	3.399770e+00	2.986024e-01	-8.120656e-01	-1.384769e-01	9.759372e+00
7.346395e+01	2.477226e-01	-9.488351e-01	1.327159e+01	2.519618e+00	3.375203e+00	2.876718e-01	-8.281061e-01	-1.962762e-01	9.783067e+00
7.094966e+01	2.801130e-01	-9.326165e-01	1.321909e+01	2.547214e+00	3.404371e+00	3.134836e-01	-8.390024e-01	-2.361502e-01	9.785403e+00
9.766075e+01	2.601561e-01	-9.176250e-01	1.319205e+01	2.573552e+00	3.419846e+00	3.229501e-01	-8.054164e-01	-2.659951e-01	9.736568e+00
7.724243e+01	2.479610e-01	-9.479791e-01	1.322108e+01	2.530042e+00	3.374145e+00	2.801537e-01	-8.027376e-01	-2.660956e-01	9.740855e+00
8.419768e+01	2.154892e-01	-9.601016e-01	1.323929e+01	2.510355e+00	3.349092e+00	2.868089e-01	-8.340157e-01	-2.198901e-01	9.765682e+00
6.920676e+01	2.633127e-01	-9.473844e-01	1.319455e+01	2.531157e+00	3.370959e+00	3.058587e-01	-8.381392e-01	-1.922079e-01	9.755725e+00
7.290729e+01	2.983667e-01	-9.367986e-01	1.315948e+01	2.545740e+00	3.387671e+00	3.156492e-01	-8.322095e-01	-1.964708e-01	9.743290e+00
7.040007e+01	2.957895e-01	-9.394919e-01	1.315559e+01	2.544773e+00	3.371708e+00	3.027267e-01	-8.150858e-01	-1.967802e-01	9.727645e+00
7.380389e+01	3.165946e-01	-9.374445e-01	1.312589e+01	2.558468e+00	3.384696e+00	3.021414e-01	-8.161630e-01	-1.780599e-01	9.718948e+00
8.485503e+01	2.470715e-01	-9.555146e-01	1.315974e+01	2.538667e+00	3.348851e+00	2.933745e-01	-8.496246e-01	-2.041709e-01	9.778275e+00
8.587133e+01	2.206169e-01	-9.271650e-01	1.317430e+01	2.540549e+00	3.308208e+00	3.043132e-01	-7.627372e-01	-2.734857e-01	9.675995e+00
8.837139e+01	2.026654e-01	-9.267379e-01	1.317852e+01	2.534293e+00	3.289213e+00	2.964605e-01	-7.462206e-01	-2.708081e-01	9.632656e+00
8.616551e+01	2.330346e-01	-9.346106e-01	1.315851e+01	2.532287e+00	3.284763e+00	2.846228e-01	-7.497565e-01	-2.558816e-01	9.622408e+00
7.743961e+01	2.128807e-01	-9.383252e-01	1.315002e+01	2.537686e+00	3.288223e+00	2.939805e-01	-7.768638e-01	-1.623905e-01	9.635182e+00
7.435687e+01	1.723038e-01	-9.411463e-01	1.315555e+01	2.536193e+00	3.279865e+00	3.020883e-01	-7.976010e-01	-9.212012e-02	9.648542e+00
7.160731e+01	1.864011e-01	-9.438081e-01	1.312821e+01	2.546013e+00	3.292316e+00	3.047838e-01	-8.178678e-01	-7.143420e-02	9.690557e+00
7.368040e+01	2.212008e-01	-9.432180e-01	1.308039e+01	2.569944e+00	3.329031e+00	3.165967e-01	-8.395702e-01	-7.994326e-02	9.764918e+00
7.702794e+01	2.021930e-01	-9.548500e-01	1.310244e+01	2.549345e+00	3.290064e+00	2.998974e-01	-8.382764e-01	-1.041371e-01	9.810924e+00
7.140059e+01	2.364730e-01	-9.395634e-01	1.308288e+01	2.553964e+00	3.284631e+00	3.055876e-01	-8.030362e-01	-1.165968e-01	9.793232e+00
7.932794e+01	2.091493e-01	-9.541697e-01	1.310992e+01	2.537557e+00	3.240138e+00	2.968535e-01	-8.325919e-01	-1.268405e-01	9.852674e+00
1.041369e+02	2.159781e-01	-9.154392e-01	1.309049e+01	2.565548e+00	3.227737e+00	3.208866e-01	-7.497285e-01	-5.560689e-02	9.754848e+00
8.721814e+01	1.766147e-01	-9.205759e-01	1.314172e+01	2.518414e+00	3.147598e+00	3.052055e-01	-7.295237e-01	-4.227113e-02	9.713843e+00
8.604518e+01	1.686984e-01	-9.373401e-01	1.318265e+01	2.465611e+00	3.076113e+00	2.803871e-01	-7.311019e-01	-3.787433e-02	9.691099e+00
8.710253e+01	1.776402e-01	-9.434684e-01	1.318521e+01	2.451885e+00	3.051186e+00	2.788721e-01	-7.534217e-01	-4.007830e-02	9.687654e+00
8.830304e+01	2.358348e-01	-9.214199e-01	1.313315e+01	2.484793e+00	3.075693e+00	3.135143e-01	-7.728075e-01	-4.673049e-02	9.674240e+00
8.861732e+01	2.549266e-01	-9.227882e-01	1.311560e+01	2.485648e+00	3.081863e+00	3.198778e-01	-7.960126e-01	-7.282112e-02	9.685658e+00
7.132258e+01	2.243240e-01	-9.402754e-01	1.314184e+01	2.464247e+00	3.040570e+00	3.052522e-01	-8.128651e-01	-1.016360e-01	9.712941e+00
7.204494e+01	2.294629e-01	-9.534018e-01	1.312313e+01	2.463717e+00	3.043655e+00	2.957982e-01	-8.179422e-01	-1.319188e-01	9.729374e+00
6.797058e+01	2.309214e-01	-9.451669e-01	1.309079e+01	2.481643e+00	3.059658e+00	3.100651e-01	-8.167566e-01	-1.497016e-01	9.727149e+00
6.881436e+01	2.603063e-01	-9.463637e-01	1.304633e+01	2.500187e+00	3.083627e+00	3.120724e-01	-8.344347e-01	-1.966162e-01	9.756149e+00
7.758728e+01	2.492885e-01	-9.460454e-01	1.300914e+01	2.527543e+00	3.108927e+00	3.163371e-01	-8.535311e-01	-2.591152e-01	9.777720e+00
9.144782e+01	2.461579e-01	-9.313113e-01	1.300825e+01	2.522195e+00	3.084886e+00	3.008305e-01	-7.696396e-01	-3.723765e-01	9.670408e+00
9.127701e+01	2.413824e-01	-9.331457e-01	1.300545e+01	2.509235e+00	3.075068e+00	2.937447e-01	-7.586819e-01	-3.509019e-01	9.640978e+00
8.247659e+01	1.760468e-01	-9.364203e-01	1.301870e+01	2.507044e+00	3.065699e+00	2.966015e-01	-7.680060e-01	-2.673922e-01	9.627131e+00
7.894281e+01	1.834492e-01	-9.368729e-01	1.298001e+01	2.532099e+00	3.102654e+00	3.027234e-01	-7.870437e-01	-1.778548e-01	9.633034e+00
7.133812e+01	1.132382e-01	-9.480456e-01	1.300786e+01	2.515693e+00	3.074119e+00	3.008418e-01	-8.102896e-01	-1.109258e-01	9.658162e+00
6.844761e+01	8.600373e-02	-9.502881e-01	1.300917e+01	2.512761e+00	3.068917e+00	3.060942e-01	-8.288496e-01	-8.414893e-02	9.714482e+00
6.811509e+01	9.832912e-02	-9.459784e-01	1.299444e+01	2.517093e+00	3.065769e+00	3.109064e-01	-8.285830e-01	-8.126883e-02	9.747122e+00
7.138770e+01	1.124719e-01	-9.532222e-01	1.299815e+01	2.493985e+00	3.040614e+00	2.966376e-01	-8.258686e-01	-9.758149e-02	9.771113e+00
7.483709e+01	1.633800e-01	-9.351572e-01	1.295410e+01	2.516840e+00	3.051525e+00	3.152238e-01	-8.121232e-01	-1.229140e-01	9.769380e+00
8.787531e+01	2.223927e-01	-9.296263e-01	1.289016e+01	2.546037e+00	3.089952e+00	3.161263e-01	-8.041400e-01	-1.526271e-01	9.774715e+00
7.057668e+01	1.393830e-01	-9.514521e-01	1.295488e+01	2.496461e+00	2.999980e+00	2.900414e-01	-8.115533e-01	-1.808882e-01	9.829645e+00
6.868795e+01	8.035015e-02	-9.456549e-01	1.298783e+01	2.475953e+00	2.941086e+00	2.932822e-01	-7.961007e-01	-2.057327e-01	9.840676e+00
6.960422e+01	9.409132e-02	-9.302394e-01	1.297268e+01	2.482744e+00	2.932310e+00	3.109948e-01	-7.956706e-01	-2.161259e-01	9.839469e+00
9.252017e+01	1.485167e-01	-9.160977e-01	1.292527e+01	2.504362e+00	2.954257e+00	3.254938e-01	-8.019759e-01	-2.059700e-01	9.832675e+00
1.034162e+02	8.565485e-02	-9.622348e-01	1.298767e+01	2.452210e+00	2.876456e+00	2.720804e-01	-8.193192e-01	-2.055626e-01	9.879903e+00
9.178194e+01	1.256627e-01	-9.420821e-01	1.297398e+01	2.443685e+00	2.852943e+00	2.715498e-01	-7.398677e-01	-2.658016e-01	9.773940e+00
1.037512e+02	1.552172e-01	-9.103667e-01	1.292903e+01	2.476043e+00	2.873994e+00	3.084195e-01	-7.247655e-01	-2.549391e-01	9.698368e+00
1.229534e+02	1.223679e-01	-9.022672e-01	1.291494e+01	2.493587e+00	2.876322e+00	3.165284e-01	-7.307115e-01	-2.353001e-01	9.652672e+00
8.836676e+01	7.653190e-02	-9.471182e-01	1.294530e+01	2.454462e+00	2.832880e+00	2.719101e-01	-7.570432e-01	-1.600910e-01	9.680838e+00
7.386682e+01	1.217732e-01	-9.475914e-01	1.289930e+01	2.464108e+00	2.859397e+00	2.937738e-01	-7.850099e-01	-9.072885e-02	9.703271e+00
7.035417e+01	1.126969e-01	-9.529839e-01	1.288387e+01	2.465508e+00	2.861792e+00	2.992056e-01	-8.145324e-01	-6.475552e-02	9.728659e+00
8.198535e+01	1.206440e-01	-9.563061e-01	1.285429e+01	2.470173e+00	2.883718e+00	3.104473e-01	-8.498813e-01	-1.239907e-01	9.777672e+00
7.746912e+01	1.391037e-01	-9.377783e-01	1.282199e+01	2.492212e+00	2.890790e+00	3.199148e-01	-8.066076e-01	-1.332649e-01	9.750968e+00
8.068890e+01	1.647887e-01	-9.321983e-01	1.280151e+01	2.494152e+00	2.885183e+00	3.172010e-01	-8.072643e-01	-1.583992e-01	9.784373e+00
6.998983e+01	7.794239e-02	-9.512871e-01	1.284564e+01	2.467966e+00	2.827428e+00	2.915176e-01	-8.079989e-01	-1.761583e-01	9.821375e+00
8.066224e+01	1.583972e-02	-9.459939e-01	1.286050e+01	2.467032e+00	2.799348e+00	2.994827e-01	-8.487921e-01	-1.798082e-01	9.828291e+00
9.822065e+01	5.042360e-02	-9.074853e-01	1.284047e+01	2.478330e+00	2.782640e+00	3.046014e-01	-7.524103e-01	-2.116198e-01	9.703664e+00
9.219736e+01	4.357287e-02	-9.099746e-01	1.285929e+01	2.454848e+00	2.728285e+00	2.914500e-01	-7.398613e-01	-1.967897e-01	9.647283e+00
8.569634e+01	4.851222e-02	-9.266141e-01	1.285565e+01	2.441901e+00	2.710188e+00	2.730249e-01	-7.469954e-01	-1.583366e-01	9.624209e+00
8.831896e+01	5.958555e-02	-9.430055e-01	1.284454e+01	2.429642e+00	2.711849e+00	2.671835e-01	-7.668859e-01	-1.018743e-01	9.624208e+00
8.924623e+01	1.099830e-01	-9.236554e-01	1.278753e+01	2.465546e+00	2.756327e+00	3.089484e-01	-7.888528e-01	-6.283533e-02	9.621472e+00
7.375755e+01	4.929512e-02	-9.377676e-01	1.281633e+01	2.452315e+00	2.718400e+00	2.970395e-01	-8.113688e-01	-4.821911e-02	9.643336e+00
7.226015e+01	6.300087e-02	-9.398630e-01	1.279079e+01	2.464771e+00	2.731438e+00	3.011787e-01	-8.228953e-01	-4.903648e-02	9.664622e+00
7.002405e+01	5.840837e-02	-9.418358e-01	1.276030e+01	2.491526e+00	2.749972e+00	3.036302e-01	-8.304465e-01	-8.938039e-02	9.693239e+00
7.809206e+01	6.938407e-02	-9.521640e-01	1.275406e+01	2.482673e+00	2.737778e+00	3.004032e-01	-8.529533e-01	-1.642297e-01	9.739146e+00
1.166486e+02	1.335901e-01	-9.104845e-01	1.272257e+01	2.490999e+00	2.734675e+00	3.063329e-01	-7.239107e-01	-2.073571e-01	9.604714e+00
9.604502e+01	5.702356e-02	-9.238499e-01	1.278321e+01	2.447238e+00	2.645475e+00	2.736014e-01	-6.895149e-01	-2.153672e-01	9.544093e+00
9.634849e+01	1.942932e-03	-9.265872e-01	1.282179e+01	2.415316e+00	2.591855e+00	2.743627e-01	-6.926680e-01	-1.873425e-01	9.499716e+00
9.016269e+01	2.095040e-03	-9.267958e-01	1.280618e+01	2.418367e+00	2.596564e+00	2.884901e-01	-7.182148e-01	-1.076535e-01	9.485748e+00
1.095381e+02	5.175777e-02	-9.152053e-01	1.274442e+01	2.451745e+00	2.645231e+00	3.140634e-01	-7.407871e-01	-5.286379e-02	9.479109e+00
9.686250e+01	2.370152e-02	-9.576749e-01	1.277408e+01	2.410086e+00	2.604805e+00	2.690527e-01	-7.677414e-01	-1.987855e-02	9.501787e+00
8.044618e+01	8.578868e-02	-9.531459e-01	1.271242e+01	2.432247e+00	2.655083e+00	2.898208e-01	-7.890967e-01	-1.333126e-02	9.520866e+00
7.698504e+01	8.367612e-02	-9.495218e-01	1.269670e+01	2.435453e+00	2.655438e+00	3.032623e-01	-8.046274e-01	-1.907785e-02	9.536606e+00
7.572034e+01	5.550113e-02	-9.470674e-01	1.270666e+01	2.420845e+00	2.640742e+00	3.107439e-01	-8.125535e-01	-5.124724e-02	9.550134e+00
7.362094e+01	5.865362e-02	-9.480230e-01	1.268408e+01	2.431372e+00	2.642822e+00	3.094613e-01	-8.213126e-01	-8.099431e-02	9.571263e+00
7.202742e+01	7.106231e-02	-9.481999e-01	1.265967e+01	2.434179e+00	2.648897e+00	3.103017e-01	-8.325703e-01	-1.236447e-01	9.599162e+00
6.952623e+01	4.408791e-02	-9.562360e-01	1.265883e+01	2.433537e+00	2.633423e+00	3.026935e-01	-8.470988e-01	-2.031892e-01	9.629123e+00
