# loss | a0 ... a8
3.036713e+02	1.203607e+00	-1.083259e+00	1.478850e+01	3.217723e+00	4.876286e+00	3.028429e-01	-6.365357e-01	3.769420e-01	1.054067e+01
3.808713e+02	1.388394e+00	-9.259814e-01	1.454736e+01	3.414440e+00	5.070147e+00	4.315958e-01	-8.317523e-01	2.016589e-01	1.034244e+01
3.261134e+02	1.195001e+00	-1.039941e+00	1.473725e+01	3.206379e+00	4.891116e+00	2.742749e-01	-7.347828e-01	1.039783e-02	1.043901e+01
1.143035e+02	1.135340e+00	-9.761276e-01	1.478051e+01	3.156933e+00	4.824502e+00	3.029324e-01	-6.565843e-01	1.151069e-01	1.030129e+01
9.241709e+01	1.093170e+00	-9.291304e-01	1.481001e+01	3.116634e+00	4.768296e+00	3.249932e-01	-6.318854e-01	1.879437e-01	1.018169e+01
1.000107e+02	1.053111e+00	-9.100476e-01	1.483581e+01	3.073705e+00	4.719317e+00	3.225257e-01	-6.395363e-01	2.321453e-01	1.009545e+01
1.053670e+02	1.028198e+00	-9.006336e-01	1.485042e+01	3.036093e+00	4.678799e+00	3.174899e-01	-6.556332e-01	2.613778e-01	1.002456e+01
9.575323e+01	1.011770e+00	-9.042922e-01	1.485769e+01	3.000271e+00	4.645053e+00	3.019853e-01	-6.770332e-01	2.762566e-01	9.971960e+00
9.272168e+01	9.993007e-01	-9.109160e-01	1.485932e+01	2.968053e+00	4.618332e+00	2.898734e-01	-6.969409e-01	2.828674e-01	9.930536e+00
9.385746e+01	9.944469e-01	-9.158906e-01	1.485157e+01	2.943602e+00	4.600909e+00	2.861649e-01	-7.150350e-01	2.826663e-01	9.896997e+00
9.490852e+01	9.992520e-01	-9.197555e-01	1.483336e+01	2.928284e+00	4.594309e+00	2.843313e-01	-7.305893e-01	2.775083e-01	9.869067e+00
9.427753e+01	1.009677e+00	-9.211331e-01	1.480446e+01	2.923132e+00	4.598961e+00	2.864662e-01	-7.432629e-01	2.690043e-01	9.845509e+00
9.317017e+01	1.026512e+00	-9.212900e-01	1.477049e+01	2.920376e+00	4.606496e+00	2.912428e-01	-7.540516e-01	2.578016e-01	9.825769e+00
9.267568e+01	1.044470e+00	-9.195171e-01	1.472992e+01	2.925311e+00	4.622074e+00	2.971301e-01	-7.624965e-01	2.450107e-01	9.808448e+00
9.097145e+01	1.064464e+00	-9.217238e-01	1.469216e+01	2.924738e+00	4.633072e+00	2.973602e-01	-7.695161e-01	2.309353e-01	9.795041e+00
9.065209e+01	1.086337e+00	-9.217355e-01	1.465133e+01	2.927977e+00	4.648795e+00	3.006806e-01	-7.751664e-01	2.163010e-01	9.782535e+00
8.742499e+01	1.101231e+00	-9.275074e-01	1.461753e+01	2.924574e+00	4.658272e+00	2.945954e-01	-7.794459e-01	2.011485e-01	9.774293e+00
8.532256e+01	1.116158e+00	-9.328022e-01	1.458077e+01	2.925251e+00	4.670826e+00	2.894037e-01	-7.831564e-01	1.859238e-01	9.768773e+00
8.403317e+01	1.127156e+00	-9.345328e-01	1.454697e+01	2.923548e+00	4.682787e+00	2.912899e-01	-7.858848e-01	1.703847e-01	9.762318e+00
8.343981e+01	1.131108e+00	-9.336748e-01	1.451232e+01	2.925378e+00	4.700397e+00	2.978623e-01	-7.884259e-01	1.550609e-01	9.756590e+00
8.227518e+01	1.135532e+00	-9.354296e-01	1.448274e+01	2.921298e+00	4.709448e+00	2.970668e-01	-7.900124e-01	1.399559e-01	9.752082e+00
8.136828e+01	1.126943e+00	-9.365954e-01	1.445819e+01	2.916442e+00	4.720845e+00	2.996403e-01	-7.926264e-01	1.235259e-01	9.749483e+00
8.005680e+01	1.122032e+00	-9.395115e-01	1.443609e+01	2.907717e+00	4.725316e+00	2.962066e-01	-7.940567e-01	1.078798e-01	9.747056e+00
7.967386e+01	1.113080e+00	-9.390090e-01	1.441258e+01	2.902549e+00	4.736273e+00	2.997804e-01	-7.959463e-01	9.179785e-02	9.744986e+00
7.838603e+01	1.099729e+00	-9.422139e-01	1.439709e+01	2.890667e+00	4.737258e+00	2.963544e-01	-7.971221e-01	7.697553e-02	9.744005e+00
7.755872e+01	1.076909e+00	-9.455398e-01	1.439097e+01	2.872571e+00	4.730338e+00	2.956234e-01	-8.005138e-01	6.030457e-02	9.744696e+00
7.670996e+01	1.063368e+00	-9.457517e-01	1.437144e+01	2.865346e+00	4.735910e+00	2.974935e-01	-8.017367e-01	4.509983e-02	9.745080e+00
7.601665e+01	1.044326e+00	-9.440084e-01	1.435490e+01	2.858862e+00	4.740873e+00	3.012710e-01	-8.021998e-01	3.058617e-02	9.745289e+00
7.548716e+01	1.031734e+00	-9.441730e-01	1.433520e+01	2.853295e+00	4.747876e+00	3.025395e-01	-8.036695e-01	1.675054e-02	9.746170e+00
7.521720e+01	1.017996e+00	-9.437455e-01	1.431472e+01	2.849569e+00	4.756221e+00	3.064403e-01	-8.046778e-01	4.171883e-03	9.745971e+00
7.395913e+01	1.002559e+00	-9.467385e-01	1.429844e+01	2.841221e+00	4.760307e+00	3.032655e-01	-8.052622e-01	-8.076810e-03	9.747638e+00
7.396343e+01	9.783797e-01	-9.495262e-01	1.429206e+01	2.826814e+00	4.754655e+00	3.002408e-01	-8.051959e-01	-1.946728e-02	9.749022e+00
7.301600e+01	9.661179e-01	-9.485208e-01	1.427296e+01	2.822718e+00	4.762405e+00	3.036418e-01	-8.069979e-01	-3.098272e-02	9.751406e+00
7.338630e+01	9.667421e-01	-9.440894e-01	1.424538e+01	2.824819e+00	4.775427e+00	3.105967e-01	-8.078059e-01	-4.111783e-02	9.752940e+00
7.233186e+01	9.475651e-01	-9.457450e-01	1.423288e+01	2.816246e+00	4.778279e+00	3.082143e-01	-8.093097e-01	-5.171507e-02	9.756581e+00
7.310728e+01	9.245499e-01	-9.530342e-01	1.423297e+01	2.793662e+00	4.767350e+00	2.970279e-01	-8.106456e-01	-6.239370e-02	9.761938e+00
7.085923e+01	9.085791e-01	-9.539027e-01	1.421632e+01	2.788526e+00	4.773694e+00	3.025228e-01	-8.143645e-01	-7.504943e-02	9.771249e+00
7.232219e+01	9.029272e-01	-9.576593e-01	1.419879e+01	2.779484e+00	4.775365e+00	3.014886e-01	-8.176939e-01	-8.699284e-02	9.781480e+00
6.873778e+01	8.939017e-01	-9.500742e-01	1.417529e+01	2.783400e+00	4.788180e+00	3.131510e-01	-8.167595e-01	-9.688216e-02	9.789608e+00
6.893953e+01	8.755765e-01	-9.469932e-01	1.416167e+01	2.779965e+00	4.791614e+00	3.153959e-01	-8.151588e-01	-1.052017e-01	9.795726e+00
6.984787e+01	8.656348e-01	-9.434276e-01	1.414306e+01	2.778495e+00	4.798606e+00	3.164168e-01	-8.131637e-01	-1.124427e-01	9.799906e+00
6.830465e+01	8.481486e-01	-9.474527e-01	1.413855e+01	2.761322e+00	4.791658e+00	3.044770e-01	-8.103805e-01	-1.191326e-01	9.803539e+00
6.808932e+01	8.356003e-01	-9.464603e-01	1.412533e+01	2.756140e+00	4.793969e+00	3.049525e-01	-8.099525e-01	-1.244380e-01	9.806727e+00
6.794424e+01	8.271081e-01	-9.466013e-01	1.411014e+01	2.751770e+00	4.795470e+00	3.045378e-01	-8.094812e-01	-1.294779e-01	9.811777e+00
6.780953e+01	8.152031e-01	-9.439071e-01	1.409593e+01	2.747684e+00	4.798270e+00	3.070059e-01	-8.090303e-01	-1.333347e-01	9.813431e+00
6.771552e+01	8.121255e-01	-9.436770e-01	1.407464e+01	2.747347e+00	4.803860e+00	3.041643e-01	-8.082707e-01	-1.361948e-01	9.815273e+00
6.769948e+01	7.952179e-01	-9.426020e-01	1.406439e+01	2.739635e+00	4.802944e+00	3.062583e-01	-8.089756e-01	-1.394111e-01	9.816594e+00
7.079335e+01	7.826590e-01	-9.370227e-01	1.404497e+01	2.742719e+00	4.814256e+00	3.150266e-01	-8.090853e-01	-1.421320e-01	9.817990e+00
6.814670e+01	7.565284e-01	-9.459478e-01	1.405007e+01	2.721290e+00	4.800509e+00	3.031335e-01	-8.130326e-01	-1.461560e-01	9.825825e+00
7.097340e+01	7.326706e-01	-9.500033e-01	1.405392e+01	2.701127e+00	4.786099e+00	2.989718e-01	-8.143204e-01	-1.487776e-01	9.838964e+00
6.814034e+01	7.219012e-01	-9.432923e-01	1.404462e+01	2.693194e+00	4.781279e+00	3.007672e-01	-8.044553e-01	-1.493420e-01	9.835727e+00
6.950923e+01	7.234112e-01	-9.354803e-01	1.402820e+01	2.687583e+00	4.779513e+00	3.059960e-01	-7.994928e-01	-1.495732e-01	9.829641e+00
6.771634e+01	7.129412e-01	-9.387815e-01	1.401494e+01	2.682438e+00	4.779911e+00	3.039722e-01	-8.058561e-01	-1.526315e-01	9.829823e+00
6.810556e+01	7.100418e-01	-9.364357e-01	1.399266e+01	2.686513e+00	4.787668e+00	3.085056e-01	-8.089586e-01	-1.553827e-01	9.828990e+00
6.816412e+01	6.970354e-01	-9.432693e-01	1.398427e+01	2.675628e+00	4.783036e+00	3.004548e-01	-8.123796e-01	-1.575806e-01	9.831835e+00
6.744367e+01	6.880392e-01	-9.415244e-01	1.396742e+01	2.678144e+00	4.787309e+00	3.021500e-01	-8.100249e-01	-1.575213e-01	9.827596e+00
6.761546e+01	6.801993e-01	-9.410964e-01	1.395720e+01	2.669702e+00	4.783307e+00	3.005326e-01	-8.073390e-01	-1.579428e-01	9.822746e+00
7.034146e+01	6.850601e-01	-9.336075e-01	1.393741e+01	2.667639e+00	4.785701e+00	3.097392e-01	-8.053663e-01	-1.581340e-01	9.815175e+00
6.785805e+01	6.672707e-01	-9.428441e-01	1.393217e+01	2.656215e+00	4.779905e+00	3.008797e-01	-8.120780e-01	-1.605669e-01	9.815858e+00
6.822439e+01	6.625461e-01	-9.441667e-01	1.391727e+01	2.652248e+00	4.779697e+00	3.005068e-01	-8.141967e-01	-1.626909e-01	9.814095e+00
6.780513e+01	6.492677e-01	-9.430136e-01	1.390744e+01	2.646284e+00	4.776425e+00	3.013371e-01	-8.106114e-01	-1.627661e-01	9.807286e+00
6.794149e+01	6.250667e-01	-9.425264e-01	1.390668e+01	2.633176e+00	4.767569e+00	3.038659e-01	-8.082630e-01	-1.625216e-01	9.801964e+00
6.805521e+01	6.199773e-01	-9.399430e-01	1.389102e+01	2.633016e+00	4.769189e+00	3.061273e-01	-8.078276e-01	-1.624557e-01	9.800127e+00
6.808852e+01	6.267467e-01	-9.383775e-01	1.386829e+01	2.636625e+00	4.774244e+00	3.074251e-01	-8.111274e-01	-1.634120e-01	9.801193e+00
6.753925e+01	6.139818e-01	-9.412897e-01	1.385946e+01	2.629313e+00	4.769644e+00	3.044576e-01	-8.119338e-01	-1.635923e-01	9.805098e+00
6.752940e+01	6.138116e-01	-9.415295e-01	1.384533e+01	2.624022e+00	4.766350e+00	3.018554e-01	-8.111380e-01	-1.638399e-01	9.811373e+00
6.739729e+01	5.990927e-01	-9.411246e-01	1.383815e+01	2.617552e+00	4.760869e+00	3.038783e-01	-8.101509e-01	-1.633638e-01	9.815728e+00
7.044243e+01	5.727216e-01	-9.466762e-01	1.384442e+01	2.596340e+00	4.746239e+00	2.952020e-01	-8.082388e-01	-1.630511e-01	9.824921e+00
6.741871e+01	5.700302e-01	-9.389258e-01	1.382828e+01	2.599930e+00	4.749053e+00	3.071541e-01	-8.066306e-01	-1.621158e-01	9.828240e+00
6.769423e+01	5.510899e-01	-9.399295e-01	1.383533e+01	2.583706e+00	4.729608e+00	3.038934e-01	-8.059475e-01	-1.613171e-01	9.830796e+00
6.868520e+01	5.537234e-01	-9.345772e-01	1.381790e+01	2.589229e+00	4.734639e+00	3.116286e-01	-8.059335e-01	-1.605242e-01	9.832090e+00
6.773518e+01	5.275279e-01	-9.403530e-01	1.382634e+01	2.574079e+00	4.720207e+00	3.070781e-01	-8.098887e-01	-1.611949e-01	9.837212e+00
6.742289e+01	5.352880e-01	-9.391864e-01	1.380847e+01	2.578435e+00	4.725396e+00	3.080852e-01	-8.109754e-01	-1.614027e-01	9.838967e+00
6.732575e+01	5.531797e-01	-9.399863e-01	1.379066e+01	2.576595e+00	4.725051e+00	3.042776e-01	-8.104259e-01	-1.612904e-01	9.838991e+00
6.741579e+01	5.561953e-01	-9.364664e-01	1.377304e+01	2.580791e+00	4.728496e+00	3.059533e-01	-8.068845e-01	-1.603980e-01	9.834200e+00
6.805755e+01	5.370965e-01	-9.414896e-01	1.378674e+01	2.559660e+00	4.701807e+00	3.007362e-01	-8.064413e-01	-1.608274e-01	9.833901e+00
6.743966e+01	5.392805e-01	-9.375400e-01	1.376733e+01	2.564177e+00	4.706106e+00	3.048002e-01	-8.063537e-01	-1.601592e-01	9.829544e+00
6.748232e+01	5.450104e-01	-9.362825e-01	1.374667e+01	2.566434e+00	4.711901e+00	3.053874e-01	-8.091578e-01	-1.597471e-01	9.826689e+00
6.752447e+01	5.386821e-01	-9.363689e-01	1.373456e+01	2.565923e+00	4.709951e+00	3.055923e-01	-8.094488e-01	-1.595931e-01	9.824885e+00
6.729386e+01	5.132996e-01	-9.383507e-01	1.373449e+01	2.560774e+00	4.699989e+00	3.040398e-01	-8.109675e-01	-1.605483e-01	9.825099e+00
6.735355e+01	5.062133e-01	-9.397222e-01	1.372531e+01	2.556720e+00	4.694545e+00	3.025879e-01	-8.110107e-01	-1.603994e-01	9.830484e+00
6.822203e+01	4.902105e-01	-9.416175e-01	1.373146e+01	2.539523e+00	4.670694e+00	3.003705e-01	-8.097318e-01	-1.605488e-01	9.832957e+00
6.766796e+01	4.915100e-01	-9.357130e-01	1.371160e+01	2.543512e+00	4.672134e+00	3.055681e-01	-8.057992e-01	-1.592526e-01	9.829213e+00
6.829545e+01	4.776882e-01	-9.340361e-01	1.370613e+01	2.539540e+00	4.659504e+00	3.101889e-01	-8.078990e-01	-1.600220e-01	9.829289e+00
6.730223e+01	4.767935e-01	-9.366697e-01	1.368967e+01	2.537387e+00	4.657481e+00	3.045047e-01	-8.086692e-01	-1.596671e-01	9.829492e+00
7.053295e+01	4.582931e-01	-9.430867e-01	1.369632e+01	2.517648e+00	4.633565e+00	2.930200e-01	-8.086257e-01	-1.589625e-01	9.832231e+00
6.775385e+01	4.655091e-01	-9.359719e-01	1.367215e+01	2.523917e+00	4.637912e+00	3.010275e-01	-8.043810e-01	-1.575494e-01	9.827878e+00
6.794472e+01	4.843784e-01	-9.342608e-01	1.363754e+01	2.536516e+00	4.654235e+00	3.052756e-01	-8.063614e-01	-1.581481e-01	9.831476e+00
6.783885e+01	4.745800e-01	-9.342836e-01	1.362920e+01	2.533339e+00	4.648267e+00	3.061792e-01	-8.080667e-01	-1.578932e-01	9.832554e+00
6.781043e+01	4.636928e-01	-9.345545e-01	1.361386e+01	2.537711e+00	4.655065e+00	3.054411e-01	-8.082370e-01	-1.579572e-01	9.833107e+00
6.764557e+01	4.388035e-01	-9.404815e-01	1.362443e+01	2.520739e+00	4.633151e+00	2.999998e-01	-8.112571e-01	-1.583773e-01	9.838814e+00
6.868452e+01	4.071557e-01	-9.417015e-01	1.364035e+01	2.504460e+00	4.605735e+00	2.977223e-01	-8.074517e-01	-1.574595e-01	9.836551e+00
6.743581e+01	3.993998e-01	-9.363453e-01	1.363688e+01	2.500657e+00	4.595910e+00	3.052688e-01	-8.049761e-01	-1.566171e-01	9.840185e+00
6.724184e+01	3.907286e-01	-9.361568e-01	1.362819e+01	2.501417e+00	4.591368e+00	3.061638e-01	-8.061467e-01	-1.560649e-01	9.845522e+00
6.744454e+01	3.927331e-01	-9.340535e-01	1.361825e+01	2.499142e+00	4.584811e+00	3.082827e-01	-8.066571e-01	-1.560684e-01	9.847803e+00
6.880245e+01	4.088545e-01	-9.305500e-01	1.359217e+01	2.513936e+00	4.592276e+00	3.117165e-01	-8.091686e-01	-1.570576e-01	9.852094e+00
6.782968e+01	3.998086e-01	-9.392130e-01	1.359500e+01	2.496516e+00	4.573040e+00	2.985456e-01	-8.099000e-01	-1.574823e-01	9.855265e+00
6.846837e+01	3.827254e-01	-9.403614e-01	1.359863e+01	2.484470e+00	4.554470e+00	2.983309e-01	-8.086963e-01	-1.580377e-01	9.854442e+00
6.741823e+01	3.871062e-01	-9.384645e-01	1.358845e+01	2.481505e+00	4.547262e+00	3.022179e-01	-8.031220e-01	-1.566628e-01	9.845025e+00
6.736206e+01	3.922660e-01	-9.366793e-01	1.357561e+01	2.478819e+00	4.545536e+00	3.064277e-01	-8.024054e-01	-1.561664e-01	9.842309e+00
6.750263e+01	3.973425e-01	-9.361763e-01	1.356277e+01	2.478981e+00	4.540344e+00	3.062656e-01	-8.020439e-01	-1.553380e-01	9.839720e+00
6.738785e+01	4.109873e-01	-9.367726e-01	1.352916e+01	2.494917e+00	4.557734e+00	3.045455e-01	-8.031847e-01	-1.547040e-01	9.838918e+00
6.717380e+01	3.994415e-01	-9.404613e-01	1.353092e+01	2.484599e+00	4.539829e+00	3.023314e-01	-8.072434e-01	-1.553958e-01	9.840788e+00
7.179699e+01	4.012758e-01	-9.471756e-01	1.352406e+01	2.475275e+00	4.528249e+00	2.920547e-01	-8.085122e-01	-1.560542e-01	9.843901e+00
6.743186e+01	3.894951e-01	-9.405417e-01	1.351861e+01	2.475634e+00	4.518587e+00	3.102314e-01	-8.007863e-01	-1.593083e-01	9.829368e+00
6.846494e+01	3.659890e-01	-9.406659e-01	1.352930e+01	2.464453e+00	4.491858e+00	3.117880e-01	-7.967917e-01	-1.622906e-01	9.818205e+00
6.774880e+01	3.547027e-01	-9.420607e-01	1.352325e+01	2.463058e+00	4.483351e+00	3.159087e-01	-8.051657e-01	-1.665458e-01	9.813618e+00
6.788762e+01	3.556085e-01	-9.464745e-01	1.351645e+01	2.457453e+00	4.472637e+00	3.153632e-01	-8.116799e-01	-1.707034e-01	9.814828e+00
6.918082e+01	3.496019e-01	-9.505002e-01	1.350688e+01	2.457308e+00	4.465803e+00	3.142483e-01	-8.195521e-01	-1.732449e-01	9.811353e+00
6.898145e+01	3.229995e-01	-9.410937e-01	1.351981e+01	2.444622e+00	4.433656e+00	3.171665e-01	-8.065473e-01	-1.727049e-01	9.786827e+00
7.208269e+01	3.359083e-01	-9.356320e-01	1.349953e+01	2.452456e+00	4.435085e+00	3.133704e-01	-8.005333e-01	-1.721684e-01	9.768805e+00
7.023780e+01	3.258733e-01	-9.426297e-01	1.350267e+01	2.441869e+00	4.414337e+00	2.973607e-01	-8.091230e-01	-1.723612e-01	9.759137e+00
6.911816e+01	3.417528e-01	-9.383006e-01	1.348132e+01	2.451255e+00	4.418881e+00	3.016808e-01	-8.134762e-01	-1.710462e-01	9.749389e+00
6.915559e+01	3.566055e-01	-9.381068e-01	1.345952e+01	2.458718e+00	4.425977e+00	2.999721e-01	-8.151611e-01	-1.695148e-01	9.742300e+00
6.865937e+01	3.596990e-01	-9.385627e-01	1.344441e+01	2.465023e+00	4.425836e+00	3.058689e-01	-8.230562e-01	-1.693988e-01	9.741606e+00
6.900048e+01	3.294475e-01	-9.431672e-01	1.346450e+01	2.442084e+00	4.387743e+00	3.056651e-01	-8.271753e-01	-1.687723e-01	9.746282e+00
6.860601e+01	3.293217e-01	-9.419758e-01	1.345139e+01	2.447615e+00	4.386029e+00	3.077643e-01	-8.265844e-01	-1.689040e-01	9.749907e+00
6.955463e+01	3.339977e-01	-9.379505e-01	1.344240e+01	2.443793e+00	4.378166e+00	3.123208e-01	-8.186128e-01	-1.672987e-01	9.742018e+00
6.945258e+01	3.283209e-01	-9.397131e-01	1.343529e+01	2.445027e+00	4.369548e+00	3.057862e-01	-8.125542e-01	-1.668335e-01	9.738137e+00
7.096462e+01	3.582678e-01	-9.381674e-01	1.340372e+01	2.461799e+00	4.382393e+00	3.069641e-01	-8.101469e-01	-1.662746e-01	9.737475e+00
6.901566e+01	3.222929e-01	-9.455008e-01	1.341593e+01	2.448806e+00	4.359405e+00	2.988287e-01	-8.134872e-01	-1.687382e-01	9.752730e+00
6.858368e+01	3.210734e-01	-9.449260e-01	1.340528e+01	2.449604e+00	4.355578e+00	2.996152e-01	-8.157169e-01	-1.712034e-01	9.764904e+00
6.767309e+01	2.898811e-01	-9.424010e-01	1.341240e+01	2.445359e+00	4.338503e+00	3.061417e-01	-8.155821e-01	-1.721407e-01	9.782371e+00
7.232778e+01	2.865222e-01	-9.317691e-01	1.340308e+01	2.449244e+00	4.332504e+00	3.198479e-01	-8.145049e-01	-1.719974e-01	9.792567e+00
6.894213e+01	2.515214e-01	-9.446532e-01	1.341872e+01	2.434347e+00	4.305565e+00	3.042094e-01	-8.187649e-01	-1.741326e-01	9.813222e+00
7.637842e+01	2.125664e-01	-9.522993e-01	1.343243e+01	2.425721e+00	4.280013e+00	2.963040e-01	-8.187891e-01	-1.756406e-01	9.829111e+00
6.991647e+01	2.209328e-01	-9.335964e-01	1.341881e+01	2.433407e+00	4.277160e+00	3.054209e-01	-7.978487e-01	-1.752619e-01	9.810940e+00
8.019612e+01	2.227854e-01	-9.195791e-01	1.340221e+01	2.448511e+00	4.279797e+00	3.178141e-01	-8.032819e-01	-1.770982e-01	9.799454e+00
6.965927e+01	2.242932e-01	-9.326868e-01	1.340569e+01	2.429867e+00	4.256471e+00	2.918289e-01	-8.060453e-01	-1.788726e-01	9.796412e+00
7.974705e+01	2.530945e-01	-9.441263e-01	1.340000e+01	2.409742e+00	4.236441e+00	2.743713e-01	-8.078823e-01	-1.786688e-01	9.795006e+00
6.900121e+01	2.691619e-01	-9.336350e-01	1.338073e+01	2.418399e+00	4.239546e+00	2.955542e-01	-8.080075e-01	-1.780350e-01	9.787159e+00
6.770528e+01	2.628725e-01	-9.361733e-01	1.337206e+01	2.419578e+00	4.235962e+00	3.002441e-01	-8.177306e-01	-1.788713e-01	9.787427e+00
7.013581e+01	2.776720e-01	-9.309910e-01	1.334940e+01	2.430477e+00	4.242136e+00	3.141104e-01	-8.210617e-01	-1.785159e-01	9.794649e+00
7.567441e+01	2.828649e-01	-9.271531e-01	1.332805e+01	2.439895e+00	4.251442e+00	3.215217e-01	-8.218639e-01	-1.789728e-01	9.800556e+00
6.918623e+01	2.586608e-01	-9.435180e-01	1.334870e+01	2.414428e+00	4.214768e+00	2.984804e-01	-8.206615e-01	-1.783567e-01	9.808527e+00
7.325816e+01	2.510721e-01	-9.451170e-01	1.335547e+01	2.395694e+00	4.189862e+00	2.888019e-01	-8.180622e-01	-1.794125e-01	9.798801e+00
6.798873e+01	2.466407e-01	-9.342256e-01	1.335024e+01	2.395278e+00	4.176933e+00	3.035278e-01	-8.143976e-01	-1.798215e-01	9.787224e+00
7.656273e+01	2.344301e-01	-9.239088e-01	1.333807e+01	2.406519e+00	4.173052e+00	3.163690e-01	-8.112871e-01	-1.797392e-01	9.777626e+00
6.868569e+01	2.274857e-01	-9.396156e-01	1.334226e+01	2.393067e+00	4.150194e+00	3.046317e-01	-8.258707e-01	-1.792607e-01	9.774531e+00
7.381901e+01	2.102465e-01	-9.487002e-01	1.335282e+01	2.379257e+00	4.119661e+00	2.982887e-01	-8.297966e-01	-1.790617e-01	9.771231e+00
7.016620e+01	2.303978e-01	-9.339023e-01	1.333021e+01	2.387845e+00	4.119390e+00	3.113986e-01	-8.167032e-01	-1.785842e-01	9.748468e+00
7.313625e+01	2.401679e-01	-9.304007e-01	1.331679e+01	2.391271e+00	4.107163e+00	3.096046e-01	-8.107875e-01	-1.776126e-01	9.734286e+00
7.035168e+01	2.507636e-01	-9.357073e-01	1.330122e+01	2.392999e+00	4.103032e+00	3.071524e-01	-8.170136e-01	-1.762858e-01	9.722771e+00
6.956836e+01	2.583734e-01	-9.406447e-01	1.327889e+01	2.409004e+00	4.108231e+00	3.166474e-01	-8.285356e-01	-1.776626e-01	9.730393e+00
7.431417e+01	2.483068e-01	-9.552017e-01	1.327918e+01	2.396809e+00	4.090701e+00	3.010409e-01	-8.323914e-01	-1.777588e-01	9.747879e+00
6.939403e+01	2.439857e-01	-9.492796e-01	1.326900e+01	2.398186e+00	4.086625e+00	3.134282e-01	-8.305092e-01	-1.788488e-01	9.759004e+00
6.992919e+01	2.423628e-01	-9.385766e-01	1.326209e+01	2.397126e+00	4.071840e+00	3.095913e-01	-8.086450e-01	-1.775616e-01	9.745297e+00
7.201526e+01	2.679434e-01	-9.388669e-01	1.324308e+01	2.395372e+00	4.066450e+00	2.958714e-01	-7.991583e-01	-1.761958e-01	9.738537e+00
7.152741e+01	2.394397e-01	-9.399381e-01	1.324932e+01	2.391674e+00	4.045276e+00	2.987163e-01	-7.965871e-01	-1.739490e-01	9.748988e+00
7.107906e+01	2.189595e-01	-9.393713e-01	1.324789e+01	2.392297e+00	4.035174e+00	3.010831e-01	-7.964254e-01	-1.719926e-01	9.756729e+00
7.064130e+01	1.941837e-01	-9.378122e-01	1.324932e+01	2.393357e+00	4.019842e+00	3.086567e-01	-8.005097e-01	-1.692962e-01	9.765946e+00
6.900709e+01	1.439293e-01	-9.434198e-01	1.326038e+01	2.390553e+00	4.000563e+00	3.037983e-01	-8.041521e-01	-1.661392e-01	9.774597e+00
6.763839e+01	1.389414e-01	-9.426776e-01	1.324922e+01	2.397320e+00	3.996180e+00	3.128382e-01	-8.140811e-01	-1.658673e-01	9.790195e+00
6.815125e+01	1.455107e-01	-9.463282e-01	1.323594e+01	2.402844e+00	3.989362e+00	3.090375e-01	-8.157210e-01	-1.653119e-01	9.802581e+00
6.768693e+01	1.587897e-01	-9.393962e-01	1.321845e+01	2.411238e+00	3.988830e+00	3.149894e-01	-8.144473e-01	-1.647239e-01	9.805079e+00
6.678783e+01	1.629752e-01	-9.410919e-01	1.321240e+01	2.410546e+00	3.972419e+00	3.065735e-01	-8.100488e-01	-1.637509e-01	9.815118e+00
6.683280e+01	1.726492e-01	-9.374409e-01	1.320245e+01	2.410757e+00	3.962130e+00	3.060441e-01	-8.077849e-01	-1.629902e-01	9.820031e+00
7.109093e+01	2.022532e-01	-9.290146e-01	1.318537e+01	2.412306e+00	3.956436e+00	3.126146e-01	-8.068030e-01	-1.628514e-01	9.824277e+00
6.885396e+01	1.726271e-01	-9.431231e-01	1.320071e+01	2.394138e+00	3.922951e+00	2.975555e-01	-8.170591e-01	-1.658298e-01	9.846826e+00
6.853606e+01	1.539612e-01	-9.413617e-01	1.320639e+01	2.388109e+00	3.896575e+00	2.971705e-01	-8.140035e-01	-1.688951e-01	9.854273e+00
6.642097e+01	1.483074e-01	-9.352481e-01	1.320245e+01	2.386710e+00	3.881310e+00	3.042637e-01	-8.111345e-01	-1.709744e-01	9.855658e+00
6.698720e+01	1.564600e-01	-9.299491e-01	1.319260e+01	2.383251e+00	3.872286e+00	3.023821e-01	-8.037690e-01	-1.705590e-01	9.847344e+00
7.018810e+01	1.521029e-01	-9.248828e-01	1.318852e+01	2.381898e+00	3.855861e+00	3.077194e-01	-8.014829e-01	-1.702047e-01	9.842124e+00
6.695783e+01	1.411375e-01	-9.279534e-01	1.319571e+01	2.366744e+00	3.822745e+00	3.040004e-01	-8.150952e-01	-1.731725e-01	9.839483e+00
6.787569e+01	1.319724e-01	-9.334503e-01	1.319567e+01	2.358857e+00	3.803186e+00	2.981110e-01	-8.206864e-01	-1.759462e-01	9.839027e+00
7.046010e+01	1.142249e-01	-9.396408e-01	1.320042e+01	2.350051e+00	3.777135e+00	2.933434e-01	-8.128810e-01	-1.772225e-01	9.822841e+00
6.868821e+01	1.360079e-01	-9.311621e-01	1.317130e+01	2.364623e+00	3.786940e+00	3.101390e-01	-8.079688e-01	-1.774496e-01	9.807174e+00
6.808607e+01	1.470454e-01	-9.351337e-01	1.315709e+01	2.360893e+00	3.783259e+00	3.157086e-01	-8.145104e-01	-1.794810e-01	9.802235e+00
6.709953e+01	1.582006e-01	-9.410494e-01	1.313670e+01	2.365992e+00	3.782737e+00	3.081416e-01	-8.174388e-01	-1.807303e-01	9.798145e+00
6.906421e+01	1.655826e-01	-9.473896e-01	1.312092e+01	2.371554e+00	3.772799e+00	3.002919e-01	-8.166316e-01	-1.809182e-01	9.787236e+00
6.751126e+01	1.724623e-01	-9.405268e-01	1.310059e+01	2.380703e+00	3.773487e+00	3.113163e-01	-8.154895e-01	-1.801925e-01	9.773140e+00
6.903414e+01	1.568109e-01	-9.386151e-01	1.308649e+01	2.396369e+00	3.769737e+00	3.149886e-01	-8.152984e-01	-1.781879e-01	9.765292e+00
6.725904e+01	1.334459e-01	-9.441629e-01	1.309489e+01	2.381010e+00	3.739333e+00	3.068368e-01	-8.172619e-01	-1.784908e-01	9.761160e+00
6.819678e+01	1.436923e-01	-9.459966e-01	1.308527e+01	2.378527e+00	3.725315e+00	2.998174e-01	-8.160873e-01	-1.787040e-01	9.768134e+00
6.781589e+01	1.204698e-01	-9.389209e-01	1.309115e+01	2.371247e+00	3.699625e+00	3.072490e-01	-8.104290e-01	-1.777645e-01	9.765419e+00
6.927319e+01	6.332680e-02	-9.398890e-01	1.313323e+01	2.338683e+00	3.634613e+00	3.058894e-01	-8.093898e-01	-1.756743e-01	9.763697e+00
6.831694e+01	6.531692e-02	-9.384812e-01	1.312176e+01	2.341327e+00	3.627159e+00	3.101820e-01	-8.155076e-01	-1.759525e-01	9.768007e+00
7.078905e+01	9.835766e-02	-9.329030e-01	1.309813e+01	2.344636e+00	3.629137e+00	3.213629e-01	-8.206668e-01	-1.777568e-01	9.774359e+00
6.815520e+01	1.055773e-01	-9.426300e-01	1.308585e+01	2.344355e+00	3.621404e+00	3.050754e-01	-8.222879e-01	-1.776092e-01	9.782634e+00
9.479661e+01	1.222083e-01	-9.613919e-01	1.308430e+01	2.327816e+00	3.598128e+00	2.886410e-01	-8.333862e-01	-1.776128e-01	9.809324e+00
6.719279e+01	1.553279e-01	-9.385661e-01	1.304581e+01	2.350699e+00	3.612892e+00	3.055830e-01	-8.124093e-01	-1.841534e-01	9.779522e+00
8.362531e+01	1.314527e-01	-9.225557e-01	1.302608e+01	2.375790e+00	3.620155e+00	3.226030e-01	-8.055495e-01	-1.891109e-01	9.759651e+00
7.119555e+01	1.124212e-01	-9.371037e-01	1.303943e+01	2.350634e+00	3.576380e+00	2.944129e-01	-8.028162e-01	-1.920061e-01	9.749059e+00
8.624501e+01	1.280770e-01	-9.599386e-01	1.303141e+01	2.337701e+00	3.557445e+00	2.772372e-01	-8.061821e-01	-1.948577e-01	9.747639e+00
6.896431e+01	1.182282e-01	-9.532002e-01	1.301832e+01	2.347418e+00	3.555829e+00	3.044469e-01	-8.078832e-01	-1.956247e-01	9.739604e+00
8.010103e+01	1.154425e-01	-9.368399e-01	1.299162e+01	2.371704e+00	3.566569e+00	3.334590e-01	-8.080557e-01	-1.960264e-01	9.729408e+00
6.893332e+01	8.511206e-02	-9.567611e-01	1.299782e+01	2.360581e+00	3.539616e+00	3.192570e-01	-8.257188e-01	-1.954125e-01	9.752387e+00
7.042511e+01	5.425568e-02	-9.572643e-01	1.301617e+01	2.343334e+00	3.490786e+00	3.090062e-01	-8.149494e-01	-1.961378e-01	9.749024e+00
6.755663e+01	5.997276e-02	-9.472047e-01	1.300262e+01	2.347278e+00	3.479954e+00	3.165317e-01	-8.086254e-01	-1.957077e-01	9.743822e+00
7.045626e+01	6.159446e-02	-9.399966e-01	1.298389e+01	2.361337e+00	3.473301e+00	3.220811e-01	-8.102667e-01	-1.960976e-01	9.743588e+00
6.713830e+01	6.377334e-02	-9.461650e-01	1.298123e+01	2.349873e+00	3.448264e+00	3.097358e-01	-8.124633e-01	-1.950459e-01	9.747536e+00
6.747792e+01	5.802566e-02	-9.484324e-01	1.297473e+01	2.349805e+00	3.430113e+00	3.073991e-01	-8.157432e-01	-1.935695e-01	9.752885e+00
6.745579e+01	7.210560e-02	-9.483869e-01	1.296249e+01	2.348062e+00	3.419200e+00	3.085546e-01	-8.179321e-01	-1.917816e-01	9.770069e+00
6.714956e+01	8.451623e-02	-9.423795e-01	1.295705e+01	2.342506e+00	3.394136e+00	3.173884e-01	-8.185488e-01	-1.883683e-01	9.780874e+00
6.931112e+01	9.157538e-02	-9.352795e-01	1.294432e+01	2.345776e+00	3.387267e+00	3.184014e-01	-8.142594e-01	-1.861924e-01	9.780750e+00
7.098024e+01	6.204619e-02	-9.308291e-01	1.294916e+01	2.341840e+00	3.362921e+00	3.169284e-01	-8.123428e-01	-1.844187e-01	9.778956e+00
7.172459e+01	4.307156e-02	-9.485141e-01	1.295979e+01	2.324562e+00	3.332223e+00	2.949865e-01	-8.218748e-01	-1.850843e-01	9.789151e+00
7.142323e+01	5.374824e-02	-9.470412e-01	1.295289e+01	2.319399e+00	3.322947e+00	2.935421e-01	-8.173170e-01	-1.867890e-01	9.788254e+00
6.765784e+01	6.758149e-02	-9.332576e-01	1.293313e+01	2.332184e+00	3.328768e+00	3.087442e-01	-8.139659e-01	-1.873083e-01	9.781345e+00
8.530429e+01	5.795720e-02	-9.190706e-01	1.291484e+01	2.356549e+00	3.331695e+00	3.245295e-01	-8.109247e-01	-1.879720e-01	9.775110e+00
6.967606e+01	2.856600e-02	-9.418083e-01	1.293666e+01	2.324350e+00	3.282734e+00	2.925226e-01	-8.169587e-01	-1.875375e-01	9.798636e+00
9.185690e+01	-5.010932e-03	-9.578779e-01	1.295031e+01	2.306833e+00	3.248960e+00	2.782318e-01	-8.220141e-01	-1.870405e-01	9.805179e+00
6.712854e+01	2.668112e-02	-9.411046e-01	1.292269e+01	2.322101e+00	3.262305e+00	3.095230e-01	-8.217122e-01	-1.854215e-01	9.800971e+00
8.260113e+01	4.072024e-02	-9.225719e-01	1.290243e+01	2.332723e+00	3.265246e+00	3.278561e-01	-8.085875e-01	-1.825596e-01	9.782957e+00
7.631478e+01	5.992973e-02	-9.251105e-01	1.288915e+01	2.333790e+00	3.259128e+00	3.177730e-01	-8.058729e-01	-1.804049e-01	9.775667e+00
6.774323e+01	1.758642e-02	-9.406577e-01	1.292875e+01	2.301265e+00	3.191531e+00	3.033070e-01	-8.104442e-01	-1.772273e-01	9.789949e+00
6.746570e+01	2.944313e-02	-9.421638e-01	1.292180e+01	2.301488e+00	3.186170e+00	3.043251e-01	-8.122995e-01	-1.751384e-01	9.798969e+00
6.766196e+01	7.782677e-02	-9.342024e-01	1.290359e+01	2.302037e+00	3.184310e+00	3.149643e-01	-8.122109e-01	-1.722795e-01	9.800196e+00
6.671509e+01	7.115238e-02	-9.411097e-01	1.289476e+01	2.307679e+00	3.185659e+00	3.084050e-01	-8.183622e-01	-1.722350e-01	9.815388e+00
6.890604e+01	4.128341e-02	-9.312480e-01	1.288842e+01	2.319366e+00	3.184982e+00	3.165161e-01	-8.103932e-01	-1.694702e-01	9.809154e+00
6.688104e+01	3.242604e-02	-9.384376e-01	1.288455e+01	2.317302e+00	3.175891e+00	2.997821e-01	-8.057755e-01	-1.675307e-01	9.808970e+00
6.925543e+01	4.048109e-02	-9.447244e-01	1.286805e+01	2.321630e+00	3.187164e+00	2.932766e-01	-8.099424e-01	-1.666342e-01	9.813844e+00
6.599348e+01	3.915120e-02	-9.367638e-01	1.285267e+01	2.332903e+00	3.192356e+00	3.070147e-01	-8.105280e-01	-1.659189e-01	9.812607e+00
8.072864e+01	6.376929e-03	-9.231045e-01	1.284325e+01	2.352786e+00	3.192261e+00	3.259407e-01	-8.102659e-01	-1.649901e-01	9.808788e+00
7.192369e+01	-2.713946e-02	-9.467183e-01	1.286151e+01	2.328265e+00	3.151628e+00	2.909581e-01	-8.133490e-01	-1.730856e-01	9.843205e+00
6.544035e+01	-2.824096e-02	-9.354495e-01	1.284687e+01	2.334913e+00	3.146037e+00	3.021089e-01	-8.060513e-01	-1.807636e-01	9.854022e+00
6.665133e+01	-2.332617e-02	-9.367727e-01	1.284094e+01	2.325504e+00	3.129228e+00	2.944735e-01	-8.025551e-01	-1.849792e-01	9.863333e+00
6.634579e+01	5.105267e-03	-9.354073e-01	1.280944e+01	2.330494e+00	3.149158e+00	2.917261e-01	-7.992635e-01	-1.866301e-01	9.881403e+00
6.684968e+01	1.534472e-02	-9.251848e-01	1.279708e+01	2.331436e+00	3.138246e+00	3.059779e-01	-7.987492e-01	-1.868641e-01	9.889674e+00
6.480833e+01	-9.949123e-03	-9.321284e-01	1.281120e+01	2.319019e+00	3.091515e+00	3.017341e-01	-8.081722e-01	-1.878309e-01	9.906694e+00
6.592204e+01	-2.374053e-02	-9.334674e-01	1.281432e+01	2.309585e+00	3.069979e+00	3.042423e-01	-8.146902e-01	-1.939689e-01	9.934723e+00
8.774019e+01	1.066532e-02	-9.074670e-01	1.278350e+01	2.321368e+00	3.088114e+00	3.244182e-01	-7.952815e-01	-1.937098e-01	9.915477e+00
6.777423e+01	-4.680411e-02	-9.248882e-01	1.282985e+01	2.279400e+00	3.011809e+00	2.915310e-01	-7.856042e-01	-1.940168e-01	9.915793e+00
7.896226e+01	-7.463645e-02	-9.369202e-01	1.284822e+01	2.255116e+00	2.975733e+00	2.769747e-01	-7.860095e-01	-1.915888e-01	9.918379e+00
6.864626e+01	-5.719493e-02	-9.301905e-01	1.283324e+01	2.256706e+00	2.973177e+00	2.923010e-01	-7.883048e-01	-1.879361e-01	9.913291e+00
6.672557e+01	-3.271948e-02	-9.223300e-01	1.280777e+01	2.269325e+00	2.979276e+00	3.043790e-01	-7.909844e-01	-1.840515e-01	9.912192e+00
6.654238e+01	8.560030e-03	-9.233783e-01	1.277026e+01	2.282697e+00	3.007764e+00	3.131987e-01	-8.082517e-01	-1.832386e-01	9.918963e+00
6.706974e+01	5.601854e-02	-9.361736e-01	1.273705e+01	2.283566e+00	3.030239e+00	3.012637e-01	-8.129820e-01	-1.804068e-01	9.940871e+00
6.590469e+01	3.326133e-02	-9.339155e-01	1.273175e+01	2.285868e+00	3.023113e+00	3.092570e-01	-8.129443e-01	-1.783853e-01	9.946066e+00
7.299485e+01	1.554684e-02	-9.237472e-01	1.271079e+01	2.303521e+00	3.048534e+00	3.249299e-01	-8.117902e-01	-1.749179e-01	9.943883e+00
7.164826e+01	-6.695829e-02	-9.413047e-01	1.275702e+01	2.267531e+00	2.970052e+00	3.028539e-01	-8.136739e-01	-1.702473e-01	9.954844e+00
