# loss | a0 ... a8
2.531358e+02	-2.888929e-01	-8.291786e-01	1.409200e+01	1.138884e+00	4.535143e+00	1.848643e-01	-6.678071e-01	1.903795e-01	8.586205e+00
1.741043e+02	-7.086372e-02	-9.837087e-01	1.385452e+01	1.369377e+00	4.730065e+00	3.572322e-01	-8.508232e-01	3.178573e-01	8.793778e+00
1.603795e+02	1.513888e-01	-9.682592e-01	1.360758e+01	1.601840e+00	4.931350e+00	3.895655e-01	-8.531268e-01	3.613510e-01	8.906767e+00
2.356420e+02	3.791797e-01	-1.076680e+00	1.335326e+01	1.828548e+00	5.141784e+00	3.206551e-01	-8.165165e-01	3.850629e-01	9.003728e+00
2.219667e+02	5.360187e-01	-9.377972e-01	1.312957e+01	2.061186e+00	5.345716e+00	4.085853e-01	-8.158159e-01	2.950062e-01	9.022122e+00
1.195842e+02	3.830319e-01	-1.010012e+00	1.325004e+01	1.982918e+00	5.184883e+00	3.286828e-01	-8.216786e-01	2.205818e-01	9.164827e+00
9.756430e+01	2.835425e-01	-9.820796e-01	1.329657e+01	2.020306e+00	5.131050e+00	3.530732e-01	-7.950528e-01	1.506475e-01	9.256407e+00
8.974905e+01	3.395809e-01	-9.626000e-01	1.320084e+01	2.137394e+00	5.186453e+00	3.520374e-01	-8.595703e-01	5.412224e-02	9.380616e+00
6.464825e+02	2.165869e-01	-9.957157e-01	1.329356e+01	2.100374e+00	5.113626e+00	3.175761e-01	-9.449413e-01	-9.926320e-02	9.575126e+00
5.629706e+02	2.238628e-01	-8.288581e-01	1.327913e+01	2.173066e+00	5.086602e+00	3.771653e-01	-7.107975e-01	-2.594726e-01	9.344125e+00
1.466287e+02	1.080327e-01	-9.055189e-01	1.349241e+01	1.958749e+00	4.884507e+00	2.439833e-01	-6.802263e-01	-2.393117e-01	9.352996e+00
1.224711e+02	1.118460e-01	-9.233048e-01	1.350162e+01	1.937017e+00	4.856379e+00	2.781784e-01	-7.057609e-01	-9.392022e-02	9.378539e+00
1.061723e+02	1.785976e-01	-9.325635e-01	1.343339e+01	1.991238e+00	4.884454e+00	3.000272e-01	-7.359944e-01	-9.930062e-03	9.406439e+00
9.889522e+01	2.159631e-01	-9.410429e-01	1.339670e+01	2.029971e+00	4.890529e+00	3.094058e-01	-7.584179e-01	2.487583e-02	9.431726e+00
9.392365e+01	3.138816e-01	-9.362066e-01	1.329057e+01	2.125668e+00	4.963243e+00	3.263045e-01	-7.726759e-01	2.092013e-02	9.453663e+00
9.014643e+01	2.853572e-01	-9.578639e-01	1.331133e+01	2.124972e+00	4.926433e+00	3.028415e-01	-7.868598e-01	-4.522350e-03	9.496077e+00
8.084965e+01	3.215045e-01	-9.521108e-01	1.322746e+01	2.203133e+00	4.983784e+00	3.111810e-01	-7.935779e-01	-5.380239e-02	9.518743e+00
8.065786e+01	2.218285e-01	-9.472414e-01	1.326144e+01	2.213505e+00	4.948721e+00	3.274664e-01	-8.048045e-01	-9.920919e-02	9.539733e+00
7.633674e+01	2.240707e-01	-9.585266e-01	1.323574e+01	2.242741e+00	4.960058e+00	3.100277e-01	-8.051006e-01	-1.420833e-01	9.580631e+00
7.321803e+01	2.430513e-01	-9.616677e-01	1.321094e+01	2.254751e+00	4.968316e+00	3.128289e-01	-8.109275e-01	-1.801835e-01	9.623482e+00
7.152799e+01	1.954200e-01	-9.633095e-01	1.321288e+01	2.289045e+00	4.955153e+00	3.304614e-01	-8.257541e-01	-2.070173e-01	9.680127e+00
7.748346e+01	1.112448e-01	-9.462725e-01	1.328748e+01	2.270978e+00	4.856870e+00	3.289195e-01	-7.938542e-01	-2.466035e-01	9.657541e+00
7.643835e+01	1.321863e-01	-9.506912e-01	1.327613e+01	2.273550e+00	4.842630e+00	3.065199e-01	-7.894885e-01	-2.373587e-01	9.665982e+00
7.196504e+01	1.036614e-01	-9.514361e-01	1.328504e+01	2.293173e+00	4.812688e+00	3.212984e-01	-8.024830e-01	-1.792344e-01	9.701066e+00
6.990391e+01	1.725019e-01	-9.548036e-01	1.324402e+01	2.302195e+00	4.819780e+00	3.128049e-01	-8.052663e-01	-1.659125e-01	9.725985e+00
7.045361e+01	2.669463e-01	-9.536120e-01	1.318656e+01	2.320150e+00	4.839441e+00	3.140860e-01	-8.133641e-01	-1.847196e-01	9.749569e+00
6.924603e+01	1.534591e-01	-9.546603e-01	1.325286e+01	2.294275e+00	4.763788e+00	3.201177e-01	-8.114629e-01	-2.076007e-01	9.780244e+00
6.934307e+01	1.142074e-01	-9.477656e-01	1.329209e+01	2.274372e+00	4.692284e+00	3.222182e-01	-8.069100e-01	-2.158902e-01	9.780318e+00
6.856259e+01	1.263828e-01	-9.461229e-01	1.327535e+01	2.289672e+00	4.684185e+00	3.224334e-01	-8.018067e-01	-2.238004e-01	9.804499e+00
7.221368e+01	1.728189e-01	-9.559142e-01	1.325400e+01	2.288463e+00	4.676149e+00	3.052079e-01	-8.018615e-01	-2.051556e-01	9.838927e+00
7.309316e+01	1.848317e-01	-9.388889e-01	1.322178e+01	2.330607e+00	4.677508e+00	3.318007e-01	-7.980027e-01	-2.246782e-01	9.836074e+00
7.373122e+01	9.873573e-02	-9.530158e-01	1.331011e+01	2.260013e+00	4.548272e+00	3.128048e-01	-8.032810e-01	-2.434335e-01	9.882756e+00
6.889699e+01	1.304588e-01	-9.412201e-01	1.328557e+01	2.275458e+00	4.535862e+00	3.293745e-01	-8.033809e-01	-2.424818e-01	9.881233e+00
6.963452e+01	1.615753e-01	-9.358773e-01	1.326300e+01	2.304093e+00	4.520576e+00	3.272348e-01	-8.034562e-01	-2.134116e-01	9.872153e+00
7.297361e+01	1.720566e-01	-9.459712e-01	1.327793e+01	2.265915e+00	4.472754e+00	2.978591e-01	-7.936607e-01	-2.156392e-01	9.881427e+00
1.078510e+02	1.362446e-01	-9.161704e-01	1.328813e+01	2.283108e+00	4.441800e+00	3.532297e-01	-7.839739e-01	-1.702459e-01	9.842637e+00
1.006299e+02	1.901731e-01	-9.594592e-01	1.327284e+01	2.256324e+00	4.424401e+00	2.767839e-01	-7.985513e-01	-2.240678e-01	9.921558e+00
7.224390e+01	2.242301e-01	-9.368119e-01	1.319118e+01	2.358543e+00	4.498053e+00	3.306459e-01	-8.002053e-01	-2.497410e-01	9.920546e+00
8.221862e+01	2.108184e-01	-9.474043e-01	1.327898e+01	2.236418e+00	4.358514e+00	2.855188e-01	-7.816538e-01	-2.356294e-01	9.889729e+00
8.107584e+01	1.927115e-01	-9.235208e-01	1.327966e+01	2.261083e+00	4.331905e+00	3.328982e-01	-7.853297e-01	-1.788469e-01	9.854691e+00
6.773084e+01	2.282084e-01	-9.342773e-01	1.325459e+01	2.267531e+00	4.330758e+00	3.149031e-01	-7.954424e-01	-1.572286e-01	9.880092e+00
6.972775e+01	2.349675e-01	-9.377078e-01	1.322095e+01	2.324024e+00	4.327562e+00	3.189771e-01	-8.150442e-01	-2.124339e-01	9.934785e+00
9.121038e+01	1.798826e-01	-9.531347e-01	1.327619e+01	2.262403e+00	4.262197e+00	2.952578e-01	-8.122550e-01	-2.429313e-01	9.957577e+00
1.750827e+02	2.629009e-01	-8.798329e-01	1.324693e+01	2.266554e+00	4.240612e+00	3.404042e-01	-7.182930e-01	-3.125095e-01	9.763051e+00
9.799015e+01	9.485806e-02	-9.213556e-01	1.336395e+01	2.174171e+00	4.125605e+00	2.785783e-01	-7.222311e-01	-2.048613e-01	9.744596e+00
8.768841e+01	5.197853e-02	-9.190853e-01	1.336583e+01	2.194625e+00	4.121363e+00	3.054546e-01	-7.552569e-01	-8.964881e-02	9.740905e+00
8.009392e+01	1.673607e-01	-9.419202e-01	1.327048e+01	2.253871e+00	4.201433e+00	2.917939e-01	-7.742265e-01	-3.742831e-02	9.813439e+00
1.073965e+02	2.839585e-01	-9.208456e-01	1.311621e+01	2.369499e+00	4.341215e+00	3.373462e-01	-7.862559e-01	-3.501404e-02	9.823997e+00
2.379831e+02	1.065132e-01	-9.901203e-01	1.331782e+01	2.191750e+00	4.130937e+00	2.332507e-01	-8.027126e-01	-1.336979e-01	9.906739e+00
1.124731e+02	1.571325e-01	-8.975524e-01	1.327716e+01	2.244685e+00	4.146883e+00	3.173240e-01	-7.013898e-01	-4.008885e-03	9.693093e+00
9.737815e+01	2.080769e-01	-9.186578e-01	1.329477e+01	2.179767e+00	4.086368e+00	2.681397e-01	-7.010025e-01	3.828743e-02	9.662190e+00
9.083402e+01	2.478733e-01	-9.174342e-01	1.324391e+01	2.191970e+00	4.117778e+00	2.796204e-01	-7.247806e-01	5.321927e-02	9.642250e+00
9.551662e+01	2.677148e-01	-9.186415e-01	1.318724e+01	2.260353e+00	4.140968e+00	3.191300e-01	-7.482966e-01	5.645400e-02	9.679092e+00
9.099390e+01	3.196659e-01	-9.566130e-01	1.314163e+01	2.280279e+00	4.146734e+00	2.812269e-01	-7.635994e-01	3.886206e-02	9.745813e+00
7.870481e+01	1.658440e-01	-9.420782e-01	1.317634e+01	2.321489e+00	4.140232e+00	3.351591e-01	-7.895847e-01	-5.051912e-02	9.766354e+00
1.040378e+02	5.184215e-03	-9.688956e-01	1.331021e+01	2.227974e+00	4.005585e+00	2.911764e-01	-8.017151e-01	-1.270899e-01	9.803160e+00
1.178759e+02	7.750775e-02	-9.121578e-01	1.324939e+01	2.293287e+00	4.053202e+00	3.470072e-01	-7.608344e-01	-1.056478e-01	9.727017e+00
9.492917e+01	1.029339e-01	-9.474689e-01	1.323646e+01	2.295846e+00	4.041576e+00	2.699278e-01	-7.655779e-01	-9.968748e-02	9.733930e+00
9.463161e+01	1.914497e-01	-9.586353e-01	1.316270e+01	2.341025e+00	4.096935e+00	2.674515e-01	-7.834719e-01	-1.217820e-01	9.768784e+00
2.141489e+02	1.949598e-01	-9.082847e-01	1.311548e+01	2.436238e+00	4.126946e+00	3.838198e-01	-7.922936e-01	-1.486017e-01	9.760442e+00
2.446777e+02	-2.694369e-02	-1.004124e+00	1.344272e+01	2.124649e+00	3.787985e+00	2.693081e-01	-8.048456e-01	-2.112404e-01	9.874256e+00
3.876393e+02	5.980479e-02	-8.285651e-01	1.343362e+01	2.107563e+00	3.739499e+00	3.366312e-01	-5.616254e-01	-4.775509e-01	9.480552e+00
3.028768e+02	4.954806e-02	-9.484598e-01	1.342752e+01	2.070720e+00	3.754502e+00	1.727376e-01	-5.822912e-01	-2.140160e-01	9.471534e+00
1.345886e+02	1.630521e-01	-9.098145e-01	1.328780e+01	2.200274e+00	3.894387e+00	3.411736e-01	-6.470022e-01	-1.812078e-02	9.466705e+00
1.227880e+02	1.962326e-01	-9.274753e-01	1.324583e+01	2.242675e+00	3.920414e+00	3.546099e-01	-7.021848e-01	7.245787e-02	9.499842e+00
1.346033e+02	1.971530e-01	-9.876013e-01	1.323397e+01	2.242793e+00	3.909893e+00	2.758602e-01	-7.375475e-01	9.625957e-02	9.558586e+00
8.403842e+01	2.549986e-01	-9.573494e-01	1.316493e+01	2.316461e+00	3.963131e+00	3.373506e-01	-7.694155e-01	5.998484e-02	9.573440e+00
8.331239e+01	1.588119e-01	-9.520708e-01	1.315548e+01	2.378477e+00	3.998099e+00	3.408165e-01	-7.950147e-01	-2.706381e-02	9.594142e+00
8.938906e+01	1.618707e-01	-9.744684e-01	1.321198e+01	2.309550e+00	3.909549e+00	2.985038e-01	-8.000445e-01	-8.269114e-02	9.625273e+00
1.232453e+02	1.736504e-01	-9.928578e-01	1.321405e+01	2.290208e+00	3.900983e+00	2.987553e-01	-8.400028e-01	-2.233940e-01	9.650882e+00
1.316565e+02	2.934003e-01	-9.389986e-01	1.308880e+01	2.411404e+00	3.999173e+00	3.749397e-01	-8.301808e-01	-3.050979e-01	9.637496e+00
1.101053e+02	1.440300e-01	-9.848885e-01	1.325830e+01	2.232315e+00	3.813183e+00	2.936742e-01	-8.226150e-01	-3.353492e-01	9.672776e+00
8.386548e+01	1.915379e-01	-9.505313e-01	1.321115e+01	2.270818e+00	3.836617e+00	3.254492e-01	-7.943499e-01	-3.827978e-01	9.637455e+00
7.099139e+01	2.577627e-01	-9.596943e-01	1.315077e+01	2.300469e+00	3.879733e+00	3.217945e-01	-8.062459e-01	-2.688947e-01	9.672915e+00
7.999900e+01	2.024033e-01	-9.472976e-01	1.313886e+01	2.346381e+00	3.897154e+00	3.471850e-01	-8.137445e-01	-1.931110e-01	9.687583e+00
7.069065e+01	1.792104e-01	-9.604385e-01	1.314656e+01	2.328106e+00	3.882169e+00	3.134209e-01	-8.161191e-01	-1.669985e-01	9.703623e+00
7.832738e+01	1.513934e-01	-9.422601e-01	1.314929e+01	2.348074e+00	3.859780e+00	3.358384e-01	-7.950529e-01	-1.684637e-01	9.705100e+00
8.256924e+01	2.053642e-01	-9.689873e-01	1.310585e+01	2.352499e+00	3.877510e+00	2.901902e-01	-7.918716e-01	-1.607737e-01	9.749086e+00
6.994902e+01	1.462942e-01	-9.567658e-01	1.312193e+01	2.372026e+00	3.845841e+00	3.076107e-01	-7.924510e-01	-1.808367e-01	9.755983e+00
7.476565e+01	1.402298e-01	-9.454000e-01	1.310151e+01	2.412343e+00	3.833384e+00	3.371782e-01	-7.981921e-01	-1.858082e-01	9.781260e+00
7.925047e+01	6.886276e-02	-9.605413e-01	1.318197e+01	2.338581e+00	3.739457e+00	3.140962e-01	-8.280160e-01	-2.462095e-01	9.797443e+00
8.963343e+01	6.429827e-02	-9.186221e-01	1.320082e+01	2.325210e+00	3.687122e+00	3.214918e-01	-8.065400e-01	-3.286108e-01	9.704645e+00
9.337230e+01	1.516686e-01	-9.168886e-01	1.313895e+01	2.350668e+00	3.723500e+00	3.276006e-01	-8.141450e-01	-2.835167e-01	9.703824e+00
7.359561e+01	1.858926e-01	-9.501081e-01	1.310637e+01	2.340947e+00	3.751907e+00	2.900849e-01	-8.270854e-01	-2.138435e-01	9.732317e+00
8.748190e+01	1.503928e-01	-9.271006e-01	1.312480e+01	2.352084e+00	3.709788e+00	3.331670e-01	-7.973754e-01	-1.999228e-01	9.713643e+00
9.723306e+01	8.743150e-02	-9.567946e-01	1.321443e+01	2.263034e+00	3.564893e+00	2.794127e-01	-7.920187e-01	-1.843546e-01	9.725927e+00
8.230077e+01	1.216331e-01	-9.604495e-01	1.316717e+01	2.303238e+00	3.605996e+00	3.194875e-01	-8.324039e-01	-1.768652e-01	9.798454e+00
1.903614e+02	2.292024e-01	-9.016961e-01	1.307915e+01	2.369839e+00	3.656076e+00	3.676079e-01	-7.429859e-01	-1.607123e-01	9.690656e+00
2.670955e+02	-1.786153e-02	-1.007227e+00	1.332453e+01	2.134175e+00	3.367801e+00	2.255191e-01	-7.408941e-01	-1.684825e-01	9.760955e+00
8.719256e+01	3.095950e-02	-9.541542e-01	1.326120e+01	2.189507e+00	3.427504e+00	3.508054e-01	-7.601395e-01	-1.401756e-01	9.764925e+00
1.054002e+02	1.372660e-01	-9.346501e-01	1.317900e+01	2.240255e+00	3.484575e+00	3.713025e-01	-7.873141e-01	-1.359223e-01	9.780219e+00
7.684536e+01	1.645106e-01	-9.614844e-01	1.317010e+01	2.236838e+00	3.459607e+00	3.187086e-01	-8.047379e-01	-1.588516e-01	9.822882e+00
1.003356e+02	2.635231e-01	-9.256625e-01	1.306037e+01	2.304789e+00	3.539907e+00	3.486243e-01	-7.692313e-01	-1.276528e-01	9.796050e+00
7.755730e+01	1.469981e-01	-9.519693e-01	1.312617e+01	2.269702e+00	3.467790e+00	3.036521e-01	-7.679494e-01	-1.166120e-01	9.826037e+00
7.569430e+01	1.316868e-01	-9.380558e-01	1.309841e+01	2.298020e+00	3.492211e+00	3.397927e-01	-7.899948e-01	-1.417854e-01	9.845559e+00
7.176619e+01	2.211141e-01	-9.390147e-01	1.302195e+01	2.327617e+00	3.541084e+00	3.347969e-01	-7.969197e-01	-1.682995e-01	9.875191e+00
1.144812e+02	3.708647e-02	-9.690590e-01	1.314385e+01	2.263271e+00	3.435491e+00	2.906638e-01	-8.116991e-01	-2.045108e-01	9.905890e+00
1.950626e+02	2.934514e-02	-8.828241e-01	1.313421e+01	2.316160e+00	3.432229e+00	3.581976e-01	-7.196567e-01	-2.725211e-01	9.756002e+00
1.386678e+02	2.048435e-02	-9.464055e-01	1.323593e+01	2.154078e+00	3.270589e+00	2.585500e-01	-7.195762e-01	-2.688227e-01	9.787499e+00
8.156509e+01	1.430932e-01	-9.433663e-01	1.314622e+01	2.185355e+00	3.319487e+00	3.066844e-01	-7.546524e-01	-1.060834e-01	9.828189e+00
8.940482e+01	2.015179e-01	-9.292936e-01	1.306394e+01	2.235936e+00	3.385626e+00	3.482760e-01	-7.770907e-01	-4.747813e-02	9.847332e+00
8.834951e+01	1.226454e-01	-9.584821e-01	1.311434e+01	2.189079e+00	3.316286e+00	2.973582e-01	-7.854030e-01	-4.925186e-02	9.875714e+00
7.021112e+01	1.978925e-01	-9.399482e-01	1.301395e+01	2.270012e+00	3.413503e+00	3.152828e-01	-7.888844e-01	-5.463271e-02	9.872815e+00
7.055146e+01	6.155786e-02	-9.375652e-01	1.306419e+01	2.267701e+00	3.384898e+00	3.187391e-01	-7.951947e-01	-6.463304e-02	9.893982e+00
6.551968e+01	1.279835e-01	-9.370460e-01	1.299024e+01	2.321340e+00	3.453589e+00	3.146587e-01	-7.998367e-01	-1.172818e-01	9.916245e+00
6.903830e+01	1.703951e-01	-9.465652e-01	1.295089e+01	2.337440e+00	3.481789e+00	3.014041e-01	-7.978724e-01	-1.596879e-01	9.950856e+00
1.060620e+02	8.529811e-02	-9.069960e-01	1.298796e+01	2.347544e+00	3.428563e+00	3.345478e-01	-7.520266e-01	-1.058452e-01	9.868102e+00
7.707101e+01	-3.702472e-02	-9.315544e-01	1.307683e+01	2.293106e+00	3.315460e+00	2.965414e-01	-7.591320e-01	-9.486175e-02	9.865307e+00
7.627158e+01	-4.247946e-02	-9.434725e-01	1.310015e+01	2.267011e+00	3.271975e+00	3.070141e-01	-7.791725e-01	-1.199602e-01	9.889076e+00
6.649467e+01	6.032967e-02	-9.372211e-01	1.300949e+01	2.313163e+00	3.349021e+00	3.235582e-01	-8.056974e-01	-2.646445e-01	9.906274e+00
6.870437e+01	8.575742e-02	-9.379587e-01	1.299169e+01	2.316986e+00	3.347613e+00	3.284787e-01	-8.129172e-01	-3.047282e-01	9.924786e+00
8.614701e+01	-1.609660e-02	-9.519376e-01	1.307632e+01	2.248134e+00	3.236554e+00	2.984549e-01	-8.102167e-01	-3.098359e-01	9.920998e+00
9.423421e+01	8.403925e-02	-9.106041e-01	1.299044e+01	2.311605e+00	3.311321e+00	3.229160e-01	-7.633246e-01	-3.437823e-01	9.845224e+00
8.171123e+01	1.754503e-01	-9.214353e-01	1.291184e+01	2.361197e+00	3.375924e+00	3.157009e-01	-7.788269e-01	-2.835246e-01	9.861953e+00
1.428021e+02	-7.468511e-02	-9.714119e-01	1.310573e+01	2.235858e+00	3.202829e+00	2.654382e-01	-7.997545e-01	-2.093120e-01	9.910701e+00
7.085259e+01	-1.106895e-02	-9.462074e-01	1.303123e+01	2.311678e+00	3.293046e+00	3.085983e-01	-8.071992e-01	-1.521720e-01	9.903731e+00
1.401128e+02	6.795763e-02	-9.001334e-01	1.297459e+01	2.354582e+00	3.341971e+00	3.505988e-01	-7.543834e-01	-7.834614e-02	9.840702e+00
1.151850e+02	5.072373e-02	-9.592471e-01	1.306565e+01	2.211576e+00	3.205156e+00	2.677902e-01	-7.517604e-01	-6.301686e-02	9.886928e+00
9.676602e+01	1.194016e-01	-9.209039e-01	1.297647e+01	2.264736e+00	3.269547e+00	3.517526e-01	-7.757280e-01	-8.481975e-02	9.902248e+00
6.799819e+01	1.940381e-01	-9.438040e-01	1.289328e+01	2.292328e+00	3.338411e+00	3.227484e-01	-8.017397e-01	-1.310616e-01	9.955737e+00
1.212183e+02	-4.696062e-03	-9.665027e-01	1.301859e+01	2.226594e+00	3.210515e+00	2.849353e-01	-8.039407e-01	-1.736950e-01	9.972933e+00
1.408608e+02	3.273066e-02	-8.741813e-01	1.295334e+01	2.297663e+00	3.233561e+00	3.121513e-01	-6.538197e-01	-1.031215e-01	9.763256e+00
1.067140e+02	1.168670e-02	-9.046471e-01	1.299024e+01	2.222185e+00	3.166540e+00	2.397830e-01	-6.563688e-01	-5.030428e-02	9.705800e+00
1.096824e+02	8.302612e-02	-8.957464e-01	1.291551e+01	2.254008e+00	3.248801e+00	3.109625e-01	-6.985870e-01	3.116741e-02	9.713731e+00
9.522139e+01	6.924193e-03	-9.109290e-01	1.293519e+01	2.268206e+00	3.228202e+00	3.145620e-01	-7.331255e-01	5.540178e-02	9.724217e+00
9.186087e+01	-6.816179e-02	-9.439571e-01	1.296271e+01	2.265419e+00	3.192813e+00	2.794634e-01	-7.575145e-01	5.851362e-02	9.753287e+00
8.240870e+01	9.583160e-03	-9.500272e-01	1.290402e+01	2.299811e+00	3.239649e+00	2.839364e-01	-7.807899e-01	-9.999485e-03	9.777740e+00
7.890444e+01	5.606077e-02	-9.558721e-01	1.285001e+01	2.344403e+00	3.282029e+00	2.850577e-01	-7.924114e-01	-5.118353e-02	9.807583e+00
1.451335e+02	1.184845e-01	-9.128194e-01	1.277788e+01	2.406163e+00	3.352900e+00	3.579796e-01	-8.081242e-01	-2.629136e-01	9.854998e+00
2.170309e+02	-1.333340e-01	-9.863780e-01	1.300318e+01	2.238080e+00	3.153864e+00	2.716276e-01	-8.462401e-01	-3.764324e-01	9.920180e+00
8.759579e+01	-6.643952e-02	-9.398569e-01	1.293119e+01	2.298743e+00	3.222756e+00	3.562397e-01	-8.399403e-01	-4.159498e-01	9.911368e+00
8.637679e+01	3.089910e-02	-9.246939e-01	1.288659e+01	2.287472e+00	3.247813e+00	3.263666e-01	-7.865960e-01	-4.178189e-01	9.836621e+00
7.828394e+01	-2.354674e-02	-9.542161e-01	1.291170e+01	2.273056e+00	3.217238e+00	2.968164e-01	-7.947641e-01	-2.933883e-01	9.917683e+00
6.834689e+01	3.208401e-02	-9.499259e-01	1.285660e+01	2.313952e+00	3.270966e+00	3.191073e-01	-8.009346e-01	-2.169520e-01	9.949240e+00
1.033493e+02	3.643655e-02	-9.092261e-01	1.284875e+01	2.332234e+00	3.248240e+00	3.313033e-01	-7.373468e-01	-1.681114e-01	9.859660e+00
7.642635e+01	-5.749865e-03	-9.231795e-01	1.288349e+01	2.329227e+00	3.165217e+00	3.153064e-01	-7.510038e-01	-1.351172e-01	9.874319e+00
9.974809e+01	-6.171881e-02	-9.559551e-01	1.295212e+01	2.251988e+00	3.079491e+00	2.738375e-01	-7.668357e-01	-1.257148e-01	9.900235e+00
6.895127e+01	-7.216760e-03	-9.428038e-01	1.290984e+01	2.277888e+00	3.116909e+00	3.034580e-01	-7.856593e-01	-1.281852e-01	9.898989e+00
9.294723e+01	8.926198e-02	-9.236086e-01	1.281405e+01	2.342252e+00	3.203071e+00	3.480020e-01	-8.135797e-01	-1.759832e-01	9.915943e+00
8.050351e+01	1.321793e-01	-9.513737e-01	1.284803e+01	2.275508e+00	3.133492e+00	3.182525e-01	-8.180069e-01	-2.032759e-01	9.965360e+00
1.120033e+02	-9.091452e-03	-8.944589e-01	1.294353e+01	2.248145e+00	3.023372e+00	3.216731e-01	-6.937687e-01	-1.699752e-01	9.815397e+00
1.024798e+02	-5.629957e-02	-9.154185e-01	1.300576e+01	2.184030e+00	2.922374e+00	2.646929e-01	-6.907010e-01	-1.420572e-01	9.777102e+00
8.340496e+01	-2.143229e-03	-9.174504e-01	1.293529e+01	2.223507e+00	2.991854e+00	2.929497e-01	-7.236224e-01	-5.864439e-02	9.785391e+00
8.080088e+01	3.392845e-02	-9.222410e-01	1.290403e+01	2.236406e+00	3.002296e+00	3.150963e-01	-7.534269e-01	-2.290959e-02	9.806097e+00
7.290687e+01	8.169886e-02	-9.419743e-01	1.282663e+01	2.282358e+00	3.079121e+00	2.974120e-01	-7.774641e-01	-2.968074e-02	9.839738e+00
6.745137e+01	8.611346e-02	-9.436330e-01	1.279311e+01	2.313272e+00	3.111001e+00	3.274741e-01	-8.058320e-01	-1.209691e-01	9.889018e+00
7.233513e+01	-2.593313e-03	-9.532935e-01	1.283934e+01	2.283601e+00	3.048426e+00	3.114179e-01	-8.087596e-01	-1.775818e-01	9.908525e+00
7.625576e+01	-6.356022e-02	-9.289852e-01	1.287165e+01	2.266989e+00	2.995116e+00	3.391092e-01	-7.965081e-01	-2.076974e-01	9.878668e+00
7.724407e+01	8.116299e-03	-9.516176e-01	1.282078e+01	2.290962e+00	3.034878e+00	3.129462e-01	-8.157791e-01	-2.532426e-01	9.945762e+00
1.025066e+02	1.238412e-02	-9.043518e-01	1.283772e+01	2.287143e+00	2.967505e+00	3.186691e-01	-7.276956e-01	-3.256276e-01	9.827566e+00
8.013894e+01	3.148649e-02	-9.194704e-01	1.281426e+01	2.285234e+00	2.995530e+00	3.062958e-01	-7.394573e-01	-2.186936e-01	9.832485e+00
7.323133e+01	9.726014e-02	-9.328281e-01	1.277324e+01	2.288076e+00	3.022185e+00	2.975802e-01	-7.598606e-01	-1.495411e-01	9.838197e+00
7.907790e+01	-6.526602e-02	-9.554941e-01	1.283727e+01	2.267617e+00	2.979448e+00	2.937825e-01	-7.917896e-01	-1.036621e-01	9.880968e+00
6.856168e+01	-4.356446e-02	-9.421391e-01	1.278361e+01	2.310371e+00	3.051400e+00	3.092726e-01	-7.891511e-01	-5.311571e-02	9.877386e+00
7.321541e+01	-2.066796e-02	-9.324025e-01	1.276571e+01	2.332190e+00	3.045092e+00	3.286206e-01	-7.986793e-01	-9.892537e-02	9.890292e+00
1.051085e+02	3.584518e-03	-9.635792e-01	1.282494e+01	2.238948e+00	2.942674e+00	2.793872e-01	-8.067389e-01	-1.391484e-01	9.915961e+00
8.644256e+01	4.102243e-02	-9.005060e-01	1.278109e+01	2.299727e+00	2.964517e+00	3.024340e-01	-7.469186e-01	-1.118738e-01	9.878062e+00
8.083992e+01	-5.524213e-02	-9.030488e-01	1.280469e+01	2.328315e+00	2.935014e+00	2.988822e-01	-7.473072e-01	-9.085625e-02	9.895515e+00
1.069963e+02	-1.020961e-01	-9.446133e-01	1.288015e+01	2.243203e+00	2.830622e+00	2.565829e-01	-7.724783e-01	-1.031915e-01	9.950427e+00
6.665836e+01	-2.087765e-02	-9.325210e-01	1.277034e+01	2.311550e+00	2.942248e+00	2.899187e-01	-7.979262e-01	-1.431240e-01	9.960530e+00
1.393270e+02	1.042440e-01	-9.038021e-01	1.267403e+01	2.374194e+00	3.025246e+00	3.514032e-01	-8.044539e-01	-1.467046e-01	9.963778e+00
3.216315e+02	-6.743108e-02	-9.920200e-01	1.278272e+01	2.307823e+00	2.942866e+00	2.458350e-01	-8.011774e-01	-1.699441e-01	1.012509e+01
1.119818e+02	-5.289176e-02	-9.632877e-01	1.275976e+01	2.352890e+00	2.947099e+00	2.786264e-01	-7.735493e-01	-2.278815e-01	1.010633e+01
1.813110e+02	-1.618421e-02	-8.875472e-01	1.269694e+01	2.438563e+00	3.005177e+00	3.515379e-01	-7.093671e-01	-9.773425e-02	9.957853e+00
2.890715e+02	-1.102573e-01	-9.890766e-01	1.289066e+01	2.195414e+00	2.716049e+00	1.899288e-01	-7.232106e-01	-9.049344e-02	1.000074e+01
1.085305e+02	3.260211e-02	-9.131083e-01	1.274878e+01	2.279738e+00	2.830846e+00	3.521114e-01	-7.378303e-01	-4.851881e-02	9.956150e+00
7.421970e+01	9.209919e-03	-9.416550e-01	1.281279e+01	2.160788e+00	2.719762e+00	3.155666e-01	-7.537143e-01	-5.069725e-02	9.963579e+00
7.715903e+01	6.404836e-02	-9.451852e-01	1.279669e+01	2.119572e+00	2.704821e+00	3.047033e-01	-7.677687e-01	-7.767659e-02	9.955773e+00
8.401687e+01	6.024852e-02	-9.206296e-01	1.272347e+01	2.193058e+00	2.775864e+00	3.505366e-01	-8.197238e-01	-1.042330e-01	1.001419e+01
6.722632e+01	-5.776966e-02	-9.343328e-01	1.275510e+01	2.203212e+00	2.733423e+00	3.086226e-01	-7.929461e-01	-4.091052e-02	1.003161e+01
6.839846e+01	-4.555550e-02	-9.307604e-01	1.273169e+01	2.221143e+00	2.748450e+00	3.030337e-01	-7.870156e-01	-2.055109e-02	1.002551e+01
6.487146e+01	-3.767813e-02	-9.288958e-01	1.272238e+01	2.217995e+00	2.758320e+00	3.037939e-01	-7.922049e-01	-7.275806e-02	1.001625e+01
7.462482e+01	1.165847e-02	-9.155925e-01	1.266563e+01	2.267625e+00	2.800262e+00	3.266536e-01	-7.975996e-01	-9.490228e-02	1.001622e+01
2.320916e+02	-7.232677e-02	-9.580936e-01	1.270147e+01	2.255377e+00	2.740480e+00	2.745789e-01	-8.413558e-01	-2.600738e-01	1.009289e+01
1.101970e+02	-2.097889e-02	-9.284693e-01	1.261841e+01	2.321324e+00	2.822024e+00	3.193361e-01	-8.384182e-01	-3.363923e-01	1.008002e+01
2.549068e+02	-1.131904e-03	-8.402611e-01	1.264184e+01	2.317072e+00	2.716024e+00	3.143434e-01	-6.384056e-01	-3.747625e-01	9.774825e+00
4.376962e+02	-3.630578e-01	-9.794324e-01	1.294736e+01	2.069949e+00	2.411746e+00	1.390674e-01	-6.393624e-01	-2.630912e-01	9.773663e+00
1.221871e+02	-3.211504e-01	-9.461947e-01	1.290675e+01	2.100544e+00	2.529021e+00	2.840474e-01	-6.872009e-01	-7.695134e-02	9.752479e+00
1.902215e+02	-1.820519e-01	-8.974276e-01	1.280610e+01	2.177113e+00	2.682363e+00	3.777367e-01	-7.384290e-01	1.464384e-03	9.734274e+00
8.888846e+01	-1.609866e-01	-9.502871e-01	1.283231e+01	2.117123e+00	2.633745e+00	3.153936e-01	-7.640992e-01	2.280049e-02	9.777042e+00
7.173949e+01	1.446681e-02	-9.503334e-01	1.272831e+01	2.153670e+00	2.742531e+00	3.257629e-01	-7.907653e-01	-5.288900e-02	9.822792e+00
6.781702e+01	7.491783e-02	-9.465684e-01	1.266276e+01	2.184426e+00	2.834930e+00	3.306511e-01	-8.102467e-01	-1.085623e-01	9.863501e+00
6.611042e+01	4.311785e-02	-9.479028e-01	1.265505e+01	2.218450e+00	2.820768e+00	3.177937e-01	-8.035803e-01	-1.660857e-01	9.892775e+00
6.744480e+01	-7.153920e-02	-9.455755e-01	1.268427e+01	2.216047e+00	2.817490e+00	3.081645e-01	-7.947357e-01	-2.071412e-01	9.891162e+00
8.993428e+01	-4.037832e-02	-9.177138e-01	1.263847e+01	2.265809e+00	2.832896e+00	3.364183e-01	-7.754611e-01	-1.982360e-01	9.871813e+00
1.866602e+02	-1.686488e-01	-9.852358e-01	1.280445e+01	2.123776e+00	2.622020e+00	2.568333e-01	-7.910058e-01	-2.199297e-01	9.937656e+00
1.342758e+02	-2.372911e-02	-8.942349e-01	1.268597e+01	2.194601e+00	2.716162e+00	3.351772e-01	-6.987331e-01	-3.209259e-01	9.795676e+00
1.065089e+02	6.545316e-02	-9.114541e-01	1.259171e+01	2.231684e+00	2.813358e+00	3.258697e-01	-7.101004e-01	-2.598272e-01	9.816408e+00
1.703050e+02	-2.327759e-01	-9.766978e-01	1.280299e+01	2.093017e+00	2.607919e+00	2.511720e-01	-7.468623e-01	-1.741407e-01	9.844517e+00
9.947171e+01	-2.164441e-01	-9.649747e-01	1.275446e+01	2.133977e+00	2.667522e+00	3.036616e-01	-8.126442e-01	-1.052134e-01	9.876460e+00
9.690910e+01	-8.801378e-02	-9.271039e-01	1.264338e+01	2.212677e+00	2.785426e+00	3.608866e-01	-8.119328e-01	-8.416521e-02	9.883374e+00
7.440898e+01	1.353553e-02	-9.546895e-01	1.258266e+01	2.226915e+00	2.835307e+00	3.081257e-01	-8.136616e-01	-1.292740e-01	9.919395e+00
7.801644e+01	-7.151103e-02	-9.246459e-01	1.263437e+01	2.218455e+00	2.767879e+00	2.993583e-01	-7.217068e-01	-1.318266e-02	9.840140e+00
8.070052e+01	-1.520428e-01	-9.183336e-01	1.266556e+01	2.205858e+00	2.731733e+00	2.965722e-01	-7.259486e-01	-3.327453e-03	9.817317e+00
7.549122e+01	-9.529424e-02	-9.292294e-01	1.264180e+01	2.214867e+00	2.737678e+00	2.993432e-01	-7.463492e-01	-1.568311e-03	9.849659e+00
7.368710e+01	-8.101658e-03	-9.383053e-01	1.262154e+01	2.193999e+00	2.722861e+00	2.965850e-01	-7.604894e-01	-2.601711e-02	9.879409e+00
7.485127e+01	-7.538580e-02	-9.280208e-01	1.260196e+01	2.243356e+00	2.749092e+00	3.258719e-01	-7.834627e-01	-4.711630e-02	9.887139e+00
6.771168e+01	-1.229941e-01	-9.431699e-01	1.263903e+01	2.208002e+00	2.700088e+00	3.063145e-01	-8.007082e-01	-1.101912e-01	9.898316e+00
6.920808e+01	-6.377486e-02	-9.461944e-01	1.258696e+01	2.235559e+00	2.738911e+00	2.952819e-01	-7.955319e-01	-1.110071e-01	9.912566e+00
7.131015e+01	-3.801624e-02	-9.282837e-01	1.257366e+01	2.261475e+00	2.706321e+00	3.175516e-01	-7.817096e-01	-6.938351e-02	9.901613e+00
6.677768e+01	-7.879976e-02	-9.410917e-01	1.259195e+01	2.239579e+00	2.688105e+00	2.992328e-01	-7.886045e-01	-1.007794e-01	9.915098e+00
6.677471e+01	-4.845671e-02	-9.387476e-01	1.257111e+01	2.228923e+00	2.709243e+00	3.214414e-01	-8.135489e-01	-1.984254e-01	9.939322e+00
6.638801e+01	-1.099457e-01	-9.377879e-01	1.258802e+01	2.237584e+00	2.674811e+00	3.185615e-01	-8.127486e-01	-2.249627e-01	9.937497e+00
6.799029e+01	-1.250916e-01	-9.300817e-01	1.257360e+01	2.265147e+00	2.669972e+00	3.280148e-01	-8.106562e-01	-2.201133e-01	9.939964e+00
7.122272e+01	-1.044743e-01	-9.259898e-01	1.259973e+01	2.218676e+00	2.605888e+00	3.014422e-01	-7.586496e-01	-2.005610e-01	9.896691e+00
7.709712e+01	-1.301694e-01	-9.494507e-01	1.259738e+01	2.222548e+00	2.604630e+00	2.900292e-01	-7.773083e-01	-1.784998e-01	9.952232e+00
8.859177e+01	-1.463225e-02	-9.182804e-01	1.251725e+01	2.273750e+00	2.676050e+00	3.369756e-01	-7.906819e-01	-1.401837e-01	9.940317e+00
7.034382e+01	-2.938621e-02	-9.450866e-01	1.260231e+01	2.162604e+00	2.528658e+00	3.038424e-01	-7.961529e-01	-1.451553e-01	9.968952e+00
1.266810e+02	-1.120980e-01	-8.970527e-01	1.263748e+01	2.167743e+00	2.475538e+00	3.496255e-01	-7.452887e-01	-5.952633e-02	9.880501e+00
2.720195e+02	-1.288053e-01	-9.890669e-01	1.274697e+01	2.012270e+00	2.316020e+00	2.044189e-01	-7.546418e-01	-8.427397e-02	9.916896e+00
1.088760e+02	-5.706060e-02	-9.391052e-01	1.268881e+01	2.048430e+00	2.379525e+00	2.650073e-01	-7.305187e-01	-6.409360e-02	9.841645e+00
2.261755e+02	3.939901e-02	-8.796615e-01	1.260531e+01	2.126777e+00	2.437919e+00	3.757154e-01	-7.580247e-01	-8.474112e-02	9.810362e+00
1.128923e+02	-1.544439e-01	-9.638189e-01	1.275151e+01	1.993301e+00	2.337845e+00	2.901909e-01	-7.841514e-01	-1.227885e-01	9.869280e+00
7.803649e+01	-9.421900e-02	-9.526834e-01	1.268433e+01	2.026967e+00	2.412527e+00	3.214007e-01	-7.927035e-01	-1.461659e-01	9.892682e+00
9.818074e+01	1.769505e-02	-9.173301e-01	1.254977e+01	2.107558e+00	2.550672e+00	3.481234e-01	-7.736679e-01	-1.147723e-01	9.856448e+00
9.686665e+01	-7.436795e-03	-9.593654e-01	1.256145e+01	2.059291e+00	2.542741e+00	2.784235e-01	-7.805528e-01	-1.136669e-01	9.870150e+00
1.044651e+02	-5.530028e-02	-9.175385e-01	1.251304e+01	2.135152e+00	2.594125e+00	3.571287e-01	-7.902639e-01	-1.287646e-01	9.870697e+00
8.980370e+01	-1.393647e-01	-9.581841e-01	1.257397e+01	2.067528e+00	2.540929e+00	3.180442e-01	-8.178659e-01	-1.985035e-01	9.931769e+00
1.924608e+02	-8.485392e-02	-8.771827e-01	1.253503e+01	2.106211e+00	2.556199e+00	3.543972e-01	-6.843031e-01	-1.894350e-01	9.788710e+00
2.279126e+02	-2.386007e-01	-9.736166e-01	1.269089e+01	1.947011e+00	2.353208e+00	2.225751e-01	-6.882347e-01	-1.211762e-01	9.827284e+00
1.025979e+02	-1.447082e-01	-9.596679e-01	1.259952e+01	1.991164e+00	2.430483e+00	2.924437e-01	-7.384360e-01	-6.286551e-02	9.863479e+00
7.062932e+01	-7.686291e-02	-9.428386e-01	1.249054e+01	2.068257e+00	2.543340e+00	3.282884e-01	-7.770329e-01	-5.576335e-02	9.874090e+00
7.513923e+01	3.489730e-02	-9.385334e-01	1.238754e+01	2.126015e+00	2.626042e+00	3.390254e-01	-8.085851e-01	-1.313145e-01	9.920192e+00
6.797615e+01	-7.051604e-03	-9.404913e-01	1.239070e+01	2.142185e+00	2.624305e+00	3.216788e-01	-7.840632e-01	-1.106311e-01	9.929240e+00
7.732750e+01	-2.545660e-01	-9.504052e-01	1.252143e+01	2.105128e+00	2.499763e+00	3.039291e-01	-7.865938e-01	-1.263749e-01	9.931573e+00
7.853587e+01	-2.697238e-01	-9.240936e-01	1.251220e+01	2.131958e+00	2.491803e+00	3.309222e-01	-7.689654e-01	-9.399928e-02	9.911399e+00
9.069955e+01	-1.492626e-01	-9.101803e-01	1.242954e+01	2.169061e+00	2.577990e+00	3.331989e-01	-7.758650e-01	-1.510767e-01	9.894977e+00
