# loss | a0 ... a8
4.548171e+03	1.086339e+00	-1.026402e+00	1.317162e+01	3.071138e+00	-6.388571e-01	2.161357e-01	-7.502500e-01	1.681696e-01	8.888259e+00
4.115065e+02	8.728216e-01	-1.137366e+00	1.339720e+01	2.841295e+00	-4.278531e-01	3.769430e-01	-6.382189e-01	5.097659e-03	9.088271e+00
2.998462e+02	7.157188e-01	-1.185522e+00	1.356265e+01	2.706049e+00	-2.686945e-01	4.566615e-01	-6.118128e-01	-1.113768e-01	9.237454e+00
2.641562e+02	6.212867e-01	-1.183644e+00	1.365951e+01	2.655050e+00	-1.689156e-01	4.709324e-01	-6.312461e-01	-1.777237e-01	9.329792e+00
2.277600e+02	5.514274e-01	-1.166894e+00	1.372963e+01	2.664022e+00	-8.835144e-02	4.668333e-01	-6.846793e-01	-2.022809e-01	9.399557e+00
2.179858e+02	5.035523e-01	-1.140315e+00	1.377587e+01	2.698752e+00	-2.755465e-02	4.512342e-01	-7.323056e-01	-2.056226e-01	9.449020e+00
1.814051e+02	4.690319e-01	-1.109670e+00	1.380791e+01	2.760026e+00	2.001525e-02	4.340146e-01	-7.286721e-01	-2.051793e-01	9.484072e+00
1.637823e+02	4.448555e-01	-1.079954e+00	1.382898e+01	2.826060e+00	5.717326e-02	4.156479e-01	-7.308578e-01	-2.040446e-01	9.509921e+00
1.495390e+02	4.276368e-01	-1.053428e+00	1.384259e+01	2.894150e+00	8.797669e-02	4.004455e-01	-7.455552e-01	-1.967843e-01	9.530146e+00
1.367172e+02	4.155160e-01	-1.029976e+00	1.385078e+01	2.960015e+00	1.139258e-01	3.884488e-01	-7.633830e-01	-1.866558e-01	9.545965e+00
1.292895e+02	4.073887e-01	-1.011170e+00	1.385479e+01	3.025909e+00	1.356484e-01	3.747478e-01	-7.769234e-01	-1.780732e-01	9.558813e+00
1.243828e+02	4.020646e-01	-9.958952e-01	1.385586e+01	3.091677e+00	1.544194e-01	3.623541e-01	-7.860140e-01	-1.709793e-01	9.569531e+00
1.194569e+02	3.988498e-01	-9.832630e-01	1.385468e+01	3.150473e+00	1.710898e-01	3.533074e-01	-7.993822e-01	-1.620889e-01	9.578535e+00
1.154034e+02	3.970898e-01	-9.729805e-01	1.385195e+01	3.207224e+00	1.863396e-01	3.461471e-01	-8.119469e-01	-1.523313e-01	9.586230e+00
1.131529e+02	3.965658e-01	-9.655417e-01	1.384792e+01	3.258291e+00	2.000772e-01	3.387533e-01	-8.180158e-01	-1.448496e-01	9.593443e+00
1.117062e+02	3.968306e-01	-9.604241e-01	1.384304e+01	3.304797e+00	2.128236e-01	3.316970e-01	-8.209771e-01	-1.392092e-01	9.600465e+00
1.098643e+02	3.977504e-01	-9.558768e-01	1.383747e+01	3.348134e+00	2.248990e-01	3.274762e-01	-8.258175e-01	-1.324424e-01	9.606419e+00
1.085429e+02	3.989971e-01	-9.527995e-01	1.383151e+01	3.387196e+00	2.364729e-01	3.227948e-01	-8.286338e-01	-1.259076e-01	9.611729e+00
1.070575e+02	4.006891e-01	-9.502410e-01	1.382512e+01	3.423777e+00	2.475659e-01	3.206157e-01	-8.317664e-01	-1.204621e-01	9.617384e+00
1.060237e+02	4.024187e-01	-9.491578e-01	1.381865e+01	3.447571e+00	2.581559e-01	3.182245e-01	-8.328741e-01	-1.160374e-01	9.623457e+00
1.048156e+02	4.045115e-01	-9.475800e-01	1.381181e+01	3.480439e+00	2.687031e-01	3.167806e-01	-8.347593e-01	-1.115567e-01	9.628615e+00
1.040800e+02	4.067487e-01	-9.471097e-01	1.380483e+01	3.508130e+00	2.789600e-01	3.143611e-01	-8.337550e-01	-1.082967e-01	9.634118e+00
1.028783e+02	4.089204e-01	-9.462979e-01	1.379785e+01	3.534585e+00	2.891509e-01	3.140147e-01	-8.359707e-01	-1.045688e-01	9.639098e+00
1.021596e+02	4.110052e-01	-9.461485e-01	1.379093e+01	3.552961e+00	2.990886e-01	3.126861e-01	-8.357043e-01	-1.019843e-01	9.643616e+00
1.011295e+02	4.132165e-01	-9.458661e-01	1.378387e+01	3.574874e+00	3.090585e-01	3.125849e-01	-8.371954e-01	-9.897260e-02	9.648527e+00
9.986061e+01	4.152594e-01	-9.455179e-01	1.377693e+01	3.592998e+00	3.189831e-01	3.139981e-01	-8.413436e-01	-9.551584e-02	9.653843e+00
9.935290e+01	4.174297e-01	-9.460184e-01	1.376990e+01	3.608150e+00	3.287454e-01	3.121357e-01	-8.390352e-01	-9.361082e-02	9.658520e+00
9.867739e+01	4.194704e-01	-9.464953e-01	1.376293e+01	3.625448e+00	3.385726e-01	3.107328e-01	-8.387224e-01	-9.205139e-02	9.662882e+00
9.823199e+01	4.215446e-01	-9.469177e-01	1.375596e+01	3.635499e+00	3.481832e-01	3.101541e-01	-8.366455e-01	-9.069292e-02	9.667415e+00
9.738617e+01	4.237431e-01	-9.472459e-01	1.374885e+01	3.649752e+00	3.579050e-01	3.103454e-01	-8.376174e-01	-8.935455e-02	9.672535e+00
9.700745e+01	4.256249e-01	-9.475891e-01	1.374200e+01	3.655879e+00	3.674141e-01	3.099843e-01	-8.356610e-01	-8.846392e-02	9.676670e+00
9.647705e+01	4.273780e-01	-9.475240e-01	1.373520e+01	3.667913e+00	3.770441e-01	3.112381e-01	-8.346526e-01	-8.781004e-02	9.681457e+00
9.597684e+01	4.291757e-01	-9.480565e-01	1.372843e+01	3.669993e+00	3.864702e-01	3.101616e-01	-8.343034e-01	-8.718876e-02	9.685451e+00
9.509639e+01	4.310077e-01	-9.486239e-01	1.372164e+01	3.670280e+00	3.959079e-01	3.100920e-01	-8.372451e-01	-8.606708e-02	9.690124e+00
9.480658e+01	4.326519e-01	-9.488803e-01	1.371498e+01	3.672212e+00	4.053038e-01	3.096864e-01	-8.353966e-01	-8.587451e-02	9.693826e+00
9.420070e+01	4.343173e-01	-9.489184e-01	1.370831e+01	3.674652e+00	4.147691e-01	3.111210e-01	-8.360384e-01	-8.484362e-02	9.698117e+00
9.399154e+01	4.358311e-01	-9.492388e-01	1.370175e+01	3.674965e+00	4.240988e-01	3.100136e-01	-8.339254e-01	-8.510629e-02	9.701555e+00
9.366532e+01	4.371968e-01	-9.494399e-01	1.369527e+01	3.682043e+00	4.335345e-01	3.097855e-01	-8.324726e-01	-8.556639e-02	9.705526e+00
9.329676e+01	4.386438e-01	-9.496510e-01	1.368879e+01	3.679521e+00	4.428032e-01	3.095144e-01	-8.322363e-01	-8.574628e-02	9.708805e+00
9.352402e+01	4.403910e-01	-9.480891e-01	1.368202e+01	3.697046e+00	4.522204e-01	3.112899e-01	-8.297837e-01	-8.653453e-02	9.711038e+00
9.262008e+01	4.415848e-01	-9.492835e-01	1.367572e+01	3.685784e+00	4.614093e-01	3.100451e-01	-8.323882e-01	-8.657841e-02	9.714725e+00
9.221966e+01	4.430536e-01	-9.499268e-01	1.366923e+01	3.683610e+00	4.705366e-01	3.078739e-01	-8.331370e-01	-8.702993e-02	9.717735e+00
9.166091e+01	4.440937e-01	-9.506170e-01	1.366307e+01	3.672617e+00	4.797286e-01	3.086781e-01	-8.339636e-01	-8.708099e-02	9.721361e+00
9.116326e+01	4.453272e-01	-9.496861e-01	1.365674e+01	3.674351e+00	4.890225e-01	3.112057e-01	-8.373901e-01	-8.602836e-02	9.724011e+00
9.089761e+01	4.462638e-01	-9.508348e-01	1.365067e+01	3.661039e+00	4.981311e-01	3.098937e-01	-8.343352e-01	-8.664622e-02	9.727742e+00
9.098789e+01	4.472309e-01	-9.502410e-01	1.364451e+01	3.666715e+00	5.074758e-01	3.113663e-01	-8.302183e-01	-8.764924e-02	9.730339e+00
9.046321e+01	4.481281e-01	-9.514264e-01	1.363852e+01	3.650769e+00	5.164861e-01	3.096534e-01	-8.310522e-01	-8.805035e-02	9.733946e+00
9.036844e+01	4.495220e-01	-9.498049e-01	1.363203e+01	3.665573e+00	5.257897e-01	3.120656e-01	-8.323385e-01	-8.785530e-02	9.736164e+00
8.986471e+01	4.502036e-01	-9.514850e-01	1.362624e+01	3.644307e+00	5.347090e-01	3.095336e-01	-8.314448e-01	-8.852077e-02	9.739651e+00
8.973221e+01	4.511904e-01	-9.506684e-01	1.362018e+01	3.644269e+00	5.438367e-01	3.113353e-01	-8.310255e-01	-8.897731e-02	9.741792e+00
8.939214e+01	4.517953e-01	-9.522308e-01	1.361447e+01	3.624670e+00	5.527217e-01	3.090177e-01	-8.300893e-01	-8.959412e-02	9.745073e+00
8.851902e+01	4.520701e-01	-9.529047e-01	1.360906e+01	3.598752e+00	5.616011e-01	3.094886e-01	-8.322163e-01	-8.937346e-02	9.747603e+00
8.888444e+01	4.528270e-01	-9.529540e-01	1.360321e+01	3.593334e+00	5.705408e-01	3.092303e-01	-8.294564e-01	-9.014134e-02	9.750622e+00
8.824006e+01	4.531501e-01	-9.530487e-01	1.359775e+01	3.578043e+00	5.794035e-01	3.103880e-01	-8.297882e-01	-9.035620e-02	9.753930e+00
8.849360e+01	4.539997e-01	-9.522618e-01	1.359182e+01	3.582480e+00	5.883751e-01	3.108098e-01	-8.273561e-01	-9.106344e-02	9.756233e+00
8.853231e+01	4.544341e-01	-9.515994e-01	1.358624e+01	3.581048e+00	5.973292e-01	3.112418e-01	-8.249370e-01	-9.175923e-02	9.757650e+00
8.824401e+01	4.552510e-01	-9.513264e-01	1.358036e+01	3.583988e+00	6.062476e-01	3.113147e-01	-8.262215e-01	-9.225580e-02	9.760095e+00
8.812508e+01	4.562676e-01	-9.501328e-01	1.357437e+01	3.587774e+00	6.151971e-01	3.130544e-01	-8.294123e-01	-9.175215e-02	9.761391e+00
8.773928e+01	4.567920e-01	-9.510997e-01	1.356878e+01	3.581583e+00	6.240045e-01	3.111020e-01	-8.283988e-01	-9.257221e-02	9.764005e+00
8.801425e+01	4.574591e-01	-9.498831e-01	1.356311e+01	3.582021e+00	6.326742e-01	3.126417e-01	-8.264975e-01	-9.338262e-02	9.764979e+00
8.713982e+01	4.578195e-01	-9.517284e-01	1.355768e+01	3.569192e+00	6.414479e-01	3.098847e-01	-8.275018e-01	-9.406293e-02	9.768084e+00
8.639645e+01	4.579526e-01	-9.519682e-01	1.355241e+01	3.560893e+00	6.502785e-01	3.109156e-01	-8.286106e-01	-9.441459e-02	9.770157e+00
8.605128e+01	4.583488e-01	-9.529394e-01	1.354702e+01	3.550713e+00	6.589907e-01	3.092459e-01	-8.273630e-01	-9.509046e-02	9.772801e+00
8.664854e+01	4.585241e-01	-9.531212e-01	1.354176e+01	3.546835e+00	6.678167e-01	3.100453e-01	-8.232946e-01	-9.687387e-02	9.775758e+00
8.582257e+01	4.589304e-01	-9.531413e-01	1.353638e+01	3.540753e+00	6.764914e-01	3.098194e-01	-8.251650e-01	-9.697662e-02	9.777816e+00
8.466231e+01	4.596676e-01	-9.532462e-01	1.353069e+01	3.548255e+00	6.852927e-01	3.090110e-01	-8.293322e-01	-9.579804e-02	9.780645e+00
8.502631e+01	4.598803e-01	-9.527220e-01	1.352549e+01	3.542014e+00	6.939178e-01	3.103660e-01	-8.268839e-01	-9.646346e-02	9.782235e+00
8.463028e+01	4.602216e-01	-9.536200e-01	1.352032e+01	3.513545e+00	7.022905e-01	3.082352e-01	-8.269265e-01	-9.679526e-02	9.783323e+00
8.515630e+01	4.603637e-01	-9.524004e-01	1.351518e+01	3.516338e+00	7.109497e-01	3.112254e-01	-8.245579e-01	-9.746197e-02	9.784888e+00
8.461664e+01	4.605397e-01	-9.532645e-01	1.351013e+01	3.496892e+00	7.194324e-01	3.094447e-01	-8.247130e-01	-9.809195e-02	9.786049e+00
8.533436e+01	4.606556e-01	-9.518441e-01	1.350504e+01	3.503755e+00	7.280719e-01	3.125266e-01	-8.228985e-01	-9.860097e-02	9.787495e+00
8.570228e+01	4.611985e-01	-9.516366e-01	1.349971e+01	3.502555e+00	7.364660e-01	3.105124e-01	-8.211701e-01	-9.907017e-02	9.788387e+00
8.536845e+01	4.611150e-01	-9.512814e-01	1.349485e+01	3.501322e+00	7.450511e-01	3.125575e-01	-8.222132e-01	-9.948535e-02	9.790079e+00
8.559061e+01	4.606008e-01	-9.510555e-01	1.349027e+01	3.506896e+00	7.537639e-01	3.132348e-01	-8.208549e-01	-1.003246e-01	9.790802e+00
8.412370e+01	4.606042e-01	-9.520243e-01	1.348547e+01	3.490734e+00	7.621417e-01	3.120813e-01	-8.236533e-01	-1.006303e-01	9.792857e+00
8.285145e+01	4.608882e-01	-9.531883e-01	1.348052e+01	3.469468e+00	7.703082e-01	3.103198e-01	-8.269551e-01	-1.002123e-01	9.795775e+00
8.278818e+01	4.607779e-01	-9.532229e-01	1.347581e+01	3.458792e+00	7.787062e-01	3.109322e-01	-8.257377e-01	-1.008790e-01	9.797247e+00
8.293214e+01	4.600366e-01	-9.527902e-01	1.347165e+01	3.440298e+00	7.870793e-01	3.144596e-01	-8.238301e-01	-1.018152e-01	9.798819e+00
8.286170e+01	4.601336e-01	-9.529970e-01	1.346686e+01	3.434494e+00	7.954182e-01	3.123645e-01	-8.227400e-01	-1.023015e-01	9.799954e+00
8.389734e+01	4.600230e-01	-9.516440e-01	1.346208e+01	3.456419e+00	8.040048e-01	3.146339e-01	-8.202708e-01	-1.029501e-01	9.801517e+00
8.290074e+01	4.600524e-01	-9.528425e-01	1.345742e+01	3.438380e+00	8.121860e-01	3.111492e-01	-8.209214e-01	-1.033295e-01	9.802526e+00
8.255659e+01	4.604237e-01	-9.527817e-01	1.345249e+01	3.428404e+00	8.203273e-01	3.101047e-01	-8.222721e-01	-1.039335e-01	9.802641e+00
8.240219e+01	4.602660e-01	-9.532945e-01	1.344793e+01	3.416609e+00	8.285391e-01	3.095168e-01	-8.214909e-01	-1.041459e-01	9.803717e+00
8.291487e+01	4.609475e-01	-9.514091e-01	1.344253e+01	3.445497e+00	8.370308e-01	3.106654e-01	-8.220661e-01	-1.038593e-01	9.803419e+00
8.240321e+01	4.604803e-01	-9.524402e-01	1.343828e+01	3.424058e+00	8.451319e-01	3.105571e-01	-8.212832e-01	-1.042984e-01	9.804831e+00
8.223695e+01	4.601852e-01	-9.527549e-01	1.343399e+01	3.404043e+00	8.530622e-01	3.109993e-01	-8.201952e-01	-1.046025e-01	9.806602e+00
8.185824e+01	4.597852e-01	-9.531817e-01	1.342969e+01	3.390302e+00	8.612050e-01	3.110472e-01	-8.204653e-01	-1.049723e-01	9.807663e+00
8.152735e+01	4.595617e-01	-9.537815e-01	1.342543e+01	3.358464e+00	8.690002e-01	3.105186e-01	-8.209443e-01	-1.046297e-01	9.809204e+00
8.154533e+01	4.592331e-01	-9.529872e-01	1.342106e+01	3.361137e+00	8.772264e-01	3.121385e-01	-8.203479e-01	-1.051337e-01	9.809775e+00
8.344775e+01	4.594342e-01	-9.500155e-01	1.341613e+01	3.408842e+00	8.857768e-01	3.154517e-01	-8.190907e-01	-1.054941e-01	9.809177e+00
8.195571e+01	4.589062e-01	-9.513676e-01	1.341207e+01	3.384730e+00	8.937152e-01	3.135370e-01	-8.203188e-01	-1.060578e-01	9.810331e+00
8.245482e+01	4.580606e-01	-9.514826e-01	1.340825e+01	3.369542e+00	9.016756e-01	3.144210e-01	-8.166391e-01	-1.079827e-01	9.810702e+00
8.083958e+01	4.576875e-01	-9.532992e-01	1.340417e+01	3.343353e+00	9.095454e-01	3.111059e-01	-8.205686e-01	-1.079958e-01	9.812270e+00
8.063586e+01	4.578871e-01	-9.542856e-01	1.339968e+01	3.322735e+00	9.173488e-01	3.088008e-01	-8.223346e-01	-1.079605e-01	9.814084e+00
8.052342e+01	4.574559e-01	-9.537241e-01	1.339562e+01	3.317866e+00	9.253198e-01	3.106015e-01	-8.207332e-01	-1.080781e-01	9.814789e+00
8.103316e+01	4.577605e-01	-9.518198e-01	1.339079e+01	3.346587e+00	9.334900e-01	3.122183e-01	-8.196003e-01	-1.080417e-01	9.814318e+00
8.112349e+01	4.571701e-01	-9.518667e-01	1.338691e+01	3.336222e+00	9.413665e-01	3.131242e-01	-8.179811e-01	-1.082444e-01	9.815172e+00
8.188103e+01	4.571449e-01	-9.505507e-01	1.338258e+01	3.337294e+00	9.491464e-01	3.151489e-01	-8.169691e-01	-1.086760e-01	9.816104e+00
8.056773e+01	4.564503e-01	-9.523865e-01	1.337886e+01	3.316063e+00	9.569376e-01	3.120882e-01	-8.180856e-01	-1.088804e-01	9.817175e+00
8.002439e+01	4.554026e-01	-9.528091e-01	1.337547e+01	3.298800e+00	9.646382e-01	3.127463e-01	-8.197156e-01	-1.088007e-01	9.818445e+00
7.989565e+01	4.549935e-01	-9.536402e-01	1.337157e+01	3.286874e+00	9.724366e-01	3.109053e-01	-8.189840e-01	-1.091028e-01	9.819008e+00
7.990362e+01	4.544602e-01	-9.524630e-01	1.336749e+01	3.313993e+00	9.807978e-01	3.150713e-01	-8.199621e-01	-1.083064e-01	9.820431e+00
7.976348e+01	4.541031e-01	-9.535107e-01	1.336364e+01	3.292725e+00	9.883613e-01	3.114276e-01	-8.175455e-01	-1.089936e-01	9.820523e+00
8.020999e+01	4.540333e-01	-9.549815e-01	1.335962e+01	3.266446e+00	9.958106e-01	3.068975e-01	-8.156160e-01	-1.090184e-01	9.820217e+00
7.990413e+01	4.536461e-01	-9.536625e-01	1.335572e+01	3.267417e+00	1.003519e+00	3.101578e-01	-8.155713e-01	-1.095291e-01	9.820158e+00
8.107436e+01	4.528315e-01	-9.507271e-01	1.335211e+01	3.277170e+00	1.011337e+00	3.163629e-01	-8.148759e-01	-1.096734e-01	9.818538e+00
8.027935e+01	4.525567e-01	-9.514004e-01	1.334818e+01	3.272145e+00	1.018953e+00	3.140536e-01	-8.158603e-01	-1.101042e-01	9.819233e+00
8.001599e+01	4.520699e-01	-9.513556e-01	1.334433e+01	3.280963e+00	1.026772e+00	3.132482e-01	-8.170638e-01	-1.111956e-01	9.818825e+00
7.938711e+01	4.517253e-01	-9.526494e-01	1.334058e+01	3.264487e+00	1.034239e+00	3.109634e-01	-8.173699e-01	-1.113615e-01	9.820083e+00
7.927515e+01	4.519833e-01	-9.541509e-01	1.333631e+01	3.254990e+00	1.041726e+00	3.090448e-01	-8.153785e-01	-1.124225e-01	9.823148e+00
7.902973e+01	4.514535e-01	-9.535529e-01	1.333269e+01	3.250232e+00	1.049252e+00	3.105658e-01	-8.166429e-01	-1.122386e-01	9.823183e+00
7.873662e+01	4.505331e-01	-9.531070e-01	1.332929e+01	3.259194e+00	1.056910e+00	3.120376e-01	-8.184451e-01	-1.125525e-01	9.824137e+00
7.898769e+01	4.501630e-01	-9.524445e-01	1.332561e+01	3.253260e+00	1.064367e+00	3.128152e-01	-8.168747e-01	-1.124385e-01	9.823807e+00
7.917128e+01	4.502232e-01	-9.526048e-01	1.332175e+01	3.233014e+00	1.071496e+00	3.111932e-01	-8.145779e-01	-1.134291e-01	9.823325e+00
7.901987e+01	4.496606e-01	-9.523435e-01	1.331822e+01	3.229398e+00	1.078988e+00	3.121574e-01	-8.153832e-01	-1.131490e-01	9.823301e+00
8.210632e+01	4.496361e-01	-9.488389e-01	1.331410e+01	3.275787e+00	1.086777e+00	3.175688e-01	-8.131045e-01	-1.133198e-01	9.821882e+00
7.890969e+01	4.488168e-01	-9.520818e-01	1.331106e+01	3.233862e+00	1.093930e+00	3.119223e-01	-8.158602e-01	-1.133331e-01	9.822768e+00
7.862253e+01	4.474546e-01	-9.546917e-01	1.330857e+01	3.165919e+00	1.100799e+00	3.087402e-01	-8.187229e-01	-1.136306e-01	9.822195e+00
7.848344e+01	4.470087e-01	-9.541690e-01	1.330505e+01	3.158763e+00	1.108114e+00	3.103128e-01	-8.161794e-01	-1.136228e-01	9.822545e+00
7.855827e+01	4.469223e-01	-9.532076e-01	1.330134e+01	3.145472e+00	1.115263e+00	3.124728e-01	-8.139872e-01	-1.147551e-01	9.823472e+00
7.875736e+01	4.464872e-01	-9.518129e-01	1.329775e+01	3.160927e+00	1.122708e+00	3.143772e-01	-8.137387e-01	-1.143798e-01	9.823056e+00
7.850733e+01	4.464691e-01	-9.512487e-01	1.329410e+01	3.145673e+00	1.129663e+00	3.141243e-01	-8.163405e-01	-1.141984e-01	9.823384e+00
7.882338e+01	4.459142e-01	-9.508741e-01	1.329064e+01	3.162140e+00	1.137120e+00	3.143340e-01	-8.143546e-01	-1.141048e-01	9.823181e+00
7.822313e+01	4.450571e-01	-9.518681e-01	1.328741e+01	3.175135e+00	1.144658e+00	3.118288e-01	-8.162284e-01	-1.138272e-01	9.822664e+00
7.852885e+01	4.445964e-01	-9.515983e-01	1.328402e+01	3.180423e+00	1.151921e+00	3.126625e-01	-8.139333e-01	-1.140087e-01	9.822912e+00
7.816108e+01	4.436080e-01	-9.536958e-01	1.328120e+01	3.155211e+00	1.159096e+00	3.084065e-01	-8.138058e-01	-1.134137e-01	9.822813e+00
7.829221e+01	4.432765e-01	-9.521919e-01	1.327774e+01	3.165309e+00	1.166296e+00	3.123029e-01	-8.128843e-01	-1.138316e-01	9.822953e+00
7.836502e+01	4.423509e-01	-9.514075e-01	1.327482e+01	3.160198e+00	1.173515e+00	3.144026e-01	-8.139313e-01	-1.135960e-01	9.821840e+00
7.839835e+01	4.420703e-01	-9.512358e-01	1.327140e+01	3.163446e+00	1.180604e+00	3.145181e-01	-8.137059e-01	-1.141643e-01	9.822564e+00
7.786345e+01	4.422079e-01	-9.531444e-01	1.326784e+01	3.141379e+00	1.187428e+00	3.109622e-01	-8.121798e-01	-1.150125e-01	9.824725e+00
7.771165e+01	4.416705e-01	-9.525235e-01	1.326464e+01	3.145003e+00	1.194513e+00	3.123628e-01	-8.135761e-01	-1.152978e-01	9.824622e+00
7.864945e+01	4.405898e-01	-9.512047e-01	1.326173e+01	3.172945e+00	1.201820e+00	3.162291e-01	-8.119400e-01	-1.157770e-01	9.825091e+00
7.742449e+01	4.401299e-01	-9.527279e-01	1.325867e+01	3.149918e+00	1.208642e+00	3.120750e-01	-8.139279e-01	-1.160574e-01	9.825180e+00
7.778353e+01	4.399043e-01	-9.549199e-01	1.325557e+01	3.109923e+00	1.215254e+00	3.069528e-01	-8.116970e-01	-1.165526e-01	9.825125e+00
7.722549e+01	4.394041e-01	-9.537368e-01	1.325248e+01	3.111592e+00	1.222219e+00	3.099685e-01	-8.141628e-01	-1.165878e-01	9.824873e+00
7.739809e+01	4.393838e-01	-9.526459e-01	1.324896e+01	3.123504e+00	1.229220e+00	3.109535e-01	-8.126633e-01	-1.175523e-01	9.825027e+00
7.751574e+01	4.387699e-01	-9.513834e-01	1.324594e+01	3.129085e+00	1.236168e+00	3.139297e-01	-8.143637e-01	-1.172915e-01	9.824586e+00
7.732678e+01	4.378281e-01	-9.516627e-01	1.324327e+01	3.124397e+00	1.243006e+00	3.128368e-01	-8.137597e-01	-1.180853e-01	9.825039e+00
7.718695e+01	4.372925e-01	-9.515742e-01	1.324033e+01	3.119041e+00	1.249838e+00	3.134964e-01	-8.147993e-01	-1.178263e-01	9.824927e+00
7.766537e+01	4.374456e-01	-9.506711e-01	1.323686e+01	3.114181e+00	1.256481e+00	3.123468e-01	-8.129169e-01	-1.187983e-01	9.823251e+00
7.695443e+01	4.366469e-01	-9.518197e-01	1.323416e+01	3.100322e+00	1.263257e+00	3.122198e-01	-8.151298e-01	-1.184469e-01	9.824138e+00
7.703012e+01	4.363172e-01	-9.509121e-01	1.323104e+01	3.115248e+00	1.270016e+00	3.149101e-01	-8.184595e-01	-1.179006e-01	9.825763e+00
7.659306e+01	4.354681e-01	-9.527821e-01	1.322849e+01	3.088739e+00	1.276673e+00	3.116125e-01	-8.151007e-01	-1.181297e-01	9.826003e+00
7.622931e+01	4.341683e-01	-9.537852e-01	1.322614e+01	3.088801e+00	1.283646e+00	3.123155e-01	-8.161399e-01	-1.179680e-01	9.827472e+00
7.649587e+01	4.336436e-01	-9.537369e-01	1.322340e+01	3.071787e+00	1.290225e+00	3.113763e-01	-8.113832e-01	-1.183883e-01	9.828003e+00
7.700617e+01	4.328432e-01	-9.524130e-01	1.322087e+01	3.054020e+00	1.296832e+00	3.133292e-01	-8.086874e-01	-1.180855e-01	9.826532e+00
7.694528e+01	4.324540e-01	-9.522864e-01	1.321801e+01	3.052418e+00	1.303450e+00	3.128194e-01	-8.087118e-01	-1.184526e-01	9.827076e+00
7.788437e+01	4.319171e-01	-9.511347e-01	1.321506e+01	3.075203e+00	1.310318e+00	3.148088e-01	-8.057553e-01	-1.198069e-01	9.828118e+00
7.663417e+01	4.314678e-01	-9.519565e-01	1.321233e+01	3.061970e+00	1.316794e+00	3.127670e-01	-8.102345e-01	-1.196444e-01	9.828300e+00
7.601392e+01	4.302967e-01	-9.538247e-01	1.321029e+01	3.026786e+00	1.323221e+00	3.120557e-01	-8.130035e-01	-1.187345e-01	9.829937e+00
7.599078e+01	4.300512e-01	-9.528783e-01	1.320737e+01	3.031373e+00	1.329749e+00	3.124006e-01	-8.136654e-01	-1.190161e-01	9.829443e+00
7.611149e+01	4.303044e-01	-9.517596e-01	1.320413e+01	3.036385e+00	1.336206e+00	3.136861e-01	-8.136443e-01	-1.195336e-01	9.829980e+00
7.624340e+01	4.298041e-01	-9.513201e-01	1.320142e+01	3.041471e+00	1.342726e+00	3.133949e-01	-8.126707e-01	-1.197273e-01	9.829534e+00
7.646156e+01	4.297899e-01	-9.516530e-01	1.319862e+01	3.018077e+00	1.348732e+00	3.100727e-01	-8.105513e-01	-1.198722e-01	9.828141e+00
7.634290e+01	4.291308e-01	-9.510820e-01	1.319602e+01	3.027517e+00	1.355318e+00	3.124339e-01	-8.114934e-01	-1.200191e-01	9.827977e+00
7.646706e+01	4.291217e-01	-9.536994e-01	1.319325e+01	2.987603e+00	1.361355e+00	3.073367e-01	-8.130718e-01	-1.202740e-01	9.829983e+00
7.611317e+01	4.284057e-01	-9.513283e-01	1.319065e+01	3.012702e+00	1.367996e+00	3.128927e-01	-8.117084e-01	-1.202643e-01	9.829185e+00
7.587159e+01	4.268507e-01	-9.519292e-01	1.318870e+01	3.030728e+00	1.374734e+00	3.134930e-01	-8.115048e-01	-1.203449e-01	9.830023e+00
7.654575e+01	4.264372e-01	-9.504527e-01	1.318601e+01	3.040346e+00	1.381147e+00	3.154843e-01	-8.108684e-01	-1.204467e-01	9.829068e+00
7.569371e+01	4.261543e-01	-9.513393e-01	1.318374e+01	2.988531e+00	1.386965e+00	3.152899e-01	-8.146626e-01	-1.198833e-01	9.829595e+00
7.589319e+01	4.255666e-01	-9.512794e-01	1.318127e+01	2.994419e+00	1.393334e+00	3.139808e-01	-8.108176e-01	-1.204707e-01	9.829623e+00
7.591326e+01	4.247474e-01	-9.538570e-01	1.317907e+01	2.982091e+00	1.399643e+00	3.077785e-01	-8.098194e-01	-1.208936e-01	9.831388e+00
7.592920e+01	4.243289e-01	-9.514799e-01	1.317645e+01	2.999352e+00	1.406005e+00	3.128192e-01	-8.084881e-01	-1.211395e-01	9.830813e+00
7.621894e+01	4.235203e-01	-9.500087e-01	1.317414e+01	3.007400e+00	1.412472e+00	3.180281e-01	-8.124520e-01	-1.202187e-01	9.831827e+00
7.619848e+01	4.230921e-01	-9.501948e-01	1.317171e+01	3.004904e+00	1.418603e+00	3.156483e-01	-8.096756e-01	-1.208987e-01	9.831311e+00
7.600847e+01	4.229232e-01	-9.506996e-01	1.316916e+01	2.998540e+00	1.424583e+00	3.117217e-01	-8.086355e-01	-1.212119e-01	9.829583e+00
7.554333e+01	4.223110e-01	-9.517891e-01	1.316695e+01	2.986279e+00	1.430668e+00	3.108216e-01	-8.096030e-01	-1.216751e-01	9.830153e+00
7.530672e+01	4.211175e-01	-9.509265e-01	1.316507e+01	2.997254e+00	1.436958e+00	3.139794e-01	-8.152276e-01	-1.205523e-01	9.828832e+00
7.517173e+01	4.206975e-01	-9.522148e-01	1.316282e+01	2.978713e+00	1.442930e+00	3.115474e-01	-8.112985e-01	-1.213903e-01	9.829588e+00
7.513627e+01	4.197617e-01	-9.537523e-01	1.316110e+01	2.939233e+00	1.448764e+00	3.109253e-01	-8.106385e-01	-1.211485e-01	9.831301e+00
7.515347e+01	4.195223e-01	-9.524179e-01	1.315859e+01	2.948234e+00	1.454852e+00	3.126949e-01	-8.086437e-01	-1.219106e-01	9.831907e+00
7.555780e+01	4.192361e-01	-9.532607e-01	1.315659e+01	2.907467e+00	1.460389e+00	3.116929e-01	-8.049508e-01	-1.225889e-01	9.833804e+00
7.561024e+01	4.189761e-01	-9.504391e-01	1.315401e+01	2.940565e+00	1.466642e+00	3.158805e-01	-8.076247e-01	-1.227519e-01	9.833041e+00
7.653869e+01	4.181560e-01	-9.489944e-01	1.315158e+01	3.005209e+00	1.473299e+00	3.175550e-01	-8.099574e-01	-1.226154e-01	9.833619e+00
7.522867e+01	4.177876e-01	-9.503990e-01	1.314952e+01	2.981429e+00	1.479051e+00	3.139802e-01	-8.111529e-01	-1.230283e-01	9.833524e+00
7.601761e+01	4.172016e-01	-9.489682e-01	1.314732e+01	2.998810e+00	1.485161e+00	3.177809e-01	-8.151393e-01	-1.220217e-01	9.832420e+00
7.479592e+01	4.166540e-01	-9.531827e-01	1.314565e+01	2.940237e+00	1.490615e+00	3.091143e-01	-8.116804e-01	-1.230489e-01	9.833067e+00
7.505569e+01	4.170240e-01	-9.529712e-01	1.314292e+01	2.944010e+00	1.496432e+00	3.078080e-01	-8.086336e-01	-1.237778e-01	9.831997e+00
7.498090e+01	4.163367e-01	-9.533380e-01	1.314123e+01	2.917241e+00	1.502079e+00	3.090548e-01	-8.085436e-01	-1.242495e-01	9.831894e+00
7.505785e+01	4.154402e-01	-9.504572e-01	1.313952e+01	2.913696e+00	1.507951e+00	3.155273e-01	-8.098114e-01	-1.232644e-01	9.829488e+00
7.496366e+01	4.149682e-01	-9.507462e-01	1.313755e+01	2.905394e+00	1.513664e+00	3.148309e-01	-8.091128e-01	-1.238524e-01	9.829621e+00
7.560057e+01	4.139418e-01	-9.502523e-01	1.313615e+01	2.878605e+00	1.519251e+00	3.157709e-01	-8.047562e-01	-1.254176e-01	9.828243e+00
7.486498e+01	4.136555e-01	-9.509516e-01	1.313397e+01	2.881880e+00	1.525016e+00	3.138821e-01	-8.085913e-01	-1.252652e-01	9.828727e+00
7.573248e+01	4.127472e-01	-9.534066e-01	1.313267e+01	2.835478e+00	1.530444e+00	3.077113e-01	-8.135126e-01	-1.249357e-01	9.827771e+00
7.463973e+01	4.126757e-01	-9.508231e-01	1.313007e+01	2.874028e+00	1.536374e+00	3.132233e-01	-8.099721e-01	-1.247777e-01	9.831188e+00
7.452146e+01	4.127453e-01	-9.502690e-01	1.312751e+01	2.894663e+00	1.542110e+00	3.141912e-01	-8.112053e-01	-1.234277e-01	9.835258e+00
7.536082e+01	4.124589e-01	-9.488367e-01	1.312516e+01	2.922375e+00	1.547972e+00	3.162311e-01	-8.080763e-01	-1.238152e-01	9.836947e+00
7.442962e+01	4.116099e-01	-9.518510e-01	1.312367e+01	2.887740e+00	1.553512e+00	3.107499e-01	-8.068875e-01	-1.251247e-01	9.839707e+00
7.439263e+01	4.113332e-01	-9.505697e-01	1.312141e+01	2.909256e+00	1.559253e+00	3.134081e-01	-8.081030e-01	-1.250264e-01	9.840776e+00
7.597696e+01	4.115010e-01	-9.473644e-01	1.311869e+01	2.947283e+00	1.565090e+00	3.188086e-01	-8.143135e-01	-1.235913e-01	9.839808e+00
7.422877e+01	4.108040e-01	-9.506816e-01	1.311706e+01	2.919235e+00	1.570454e+00	3.120103e-01	-8.097589e-01	-1.243281e-01	9.841911e+00
7.446674e+01	4.104149e-01	-9.516635e-01	1.311529e+01	2.895540e+00	1.575596e+00	3.083370e-01	-8.058998e-01	-1.260675e-01	9.841437e+00
7.427441e+01	4.097435e-01	-9.527164e-01	1.311358e+01	2.883253e+00	1.581095e+00	3.085417e-01	-8.070428e-01	-1.259998e-01	9.842806e+00
7.393237e+01	4.088853e-01	-9.513386e-01	1.311183e+01	2.901203e+00	1.586885e+00	3.117082e-01	-8.136301e-01	-1.252926e-01	9.842698e+00
7.396963e+01	4.083968e-01	-9.510724e-01	1.311005e+01	2.892258e+00	1.592295e+00	3.129546e-01	-8.077204e-01	-1.255756e-01	9.844215e+00
7.460771e+01	4.083880e-01	-9.526460e-01	1.310827e+01	2.840804e+00	1.597241e+00	3.087853e-01	-8.030560e-01	-1.261806e-01	9.844257e+00
7.417290e+01	4.077946e-01	-9.508241e-01	1.310644e+01	2.852164e+00	1.602783e+00	3.137166e-01	-8.045465e-01	-1.259406e-01	9.844905e+00
7.525360e+01	4.074527e-01	-9.535946e-01	1.310502e+01	2.804447e+00	1.607521e+00	3.066038e-01	-8.036327e-01	-1.260702e-01	9.846608e+00
7.444214e+01	4.069877e-01	-9.487696e-01	1.310285e+01	2.847754e+00	1.613305e+00	3.177851e-01	-8.074057e-01	-1.255187e-01	9.845879e+00
7.463610e+01	4.059099e-01	-9.482934e-01	1.310146e+01	2.853254e+00	1.618842e+00	3.192711e-01	-8.078211e-01	-1.265515e-01	9.846251e+00
7.474479e+01	4.055412e-01	-9.478343e-01	1.309950e+01	2.866630e+00	1.624345e+00	3.190176e-01	-8.096290e-01	-1.260615e-01	9.845677e+00
7.407059e+01	4.050239e-01	-9.486636e-01	1.309813e+01	2.845322e+00	1.629360e+00	3.178353e-01	-8.122341e-01	-1.261223e-01	9.846197e+00
7.368827e+01	4.045428e-01	-9.501727e-01	1.309645e+01	2.839999e+00	1.634726e+00	3.136847e-01	-8.089617e-01	-1.261110e-01	9.845595e+00
7.366966e+01	4.030491e-01	-9.503820e-01	1.309562e+01	2.839352e+00	1.640101e+00	3.159397e-01	-8.065809e-01	-1.264316e-01	9.845821e+00
7.358303e+01	4.028813e-01	-9.512612e-01	1.309368e+01	2.834842e+00	1.645383e+00	3.121686e-01	-8.063006e-01	-1.264135e-01	9.845308e+00
7.380015e+01	4.033887e-01	-9.501589e-01	1.309100e+01	2.855391e+00	1.650803e+00	3.146303e-01	-8.054386e-01	-1.265007e-01	9.847443e+00
7.351865e+01	4.028904e-01	-9.511394e-01	1.308942e+01	2.846095e+00	1.655983e+00	3.113857e-01	-8.070475e-01	-1.264478e-01	9.847051e+00
7.383753e+01	4.023728e-01	-9.503455e-01	1.308748e+01	2.876123e+00	1.661584e+00	3.099619e-01	-8.049144e-01	-1.262248e-01	9.845891e+00
7.353025e+01	4.018734e-01	-9.504790e-01	1.308599e+01	2.859773e+00	1.666607e+00	3.112568e-01	-8.072708e-01	-1.262606e-01	9.846450e+00
7.366479e+01	4.004577e-01	-9.497602e-01	1.308506e+01	2.873369e+00	1.671977e+00	3.164780e-01	-8.111374e-01	-1.252552e-01	9.847452e+00
7.326051e+01	4.001505e-01	-9.505626e-01	1.308364e+01	2.838411e+00	1.676794e+00	3.135554e-01	-8.081597e-01	-1.258735e-01	9.848711e+00
7.556094e+01	4.001358e-01	-9.472443e-01	1.308202e+01	2.833208e+00	1.681387e+00	3.174663e-01	-7.994817e-01	-1.275380e-01	9.847344e+00
7.366249e+01	3.996146e-01	-9.505708e-01	1.308079e+01	2.791493e+00	1.686272e+00	3.112639e-01	-8.032185e-01	-1.276543e-01	9.848470e+00
7.387598e+01	3.997318e-01	-9.518509e-01	1.307911e+01	2.763842e+00	1.691003e+00	3.098442e-01	-8.085435e-01	-1.282768e-01	9.849893e+00
7.347569e+01	3.992431e-01	-9.506226e-01	1.307756e+01	2.769356e+00	1.696170e+00	3.123192e-01	-8.064975e-01	-1.279082e-01	9.848782e+00
7.362282e+01	3.990973e-01	-9.487322e-01	1.307579e+01	2.781044e+00	1.701166e+00	3.161883e-01	-8.059181e-01	-1.271909e-01	9.848624e+00
7.377685e+01	3.986121e-01	-9.483880e-01	1.307419e+01	2.794443e+00	1.706371e+00	3.153280e-01	-8.049749e-01	-1.270839e-01	9.847207e+00
7.411750e+01	3.985774e-01	-9.480958e-01	1.307208e+01	2.840310e+00	1.711637e+00	3.167279e-01	-8.067845e-01	-1.262251e-01	9.847952e+00
7.333558e+01	3.978762e-01	-9.497338e-01	1.307103e+01	2.814945e+00	1.716518e+00	3.123187e-01	-8.063985e-01	-1.266009e-01	9.846501e+00
7.313269e+01	3.968086e-01	-9.515672e-01	1.307020e+01	2.785550e+00	1.721637e+00	3.115179e-01	-8.083627e-01	-1.260148e-01	9.846959e+00
7.327463e+01	3.963859e-01	-9.504279e-01	1.306886e+01	2.782069e+00	1.726489e+00	3.122014e-01	-8.052031e-01	-1.265845e-01	9.844537e+00
7.399115e+01	3.964183e-01	-9.509598e-01	1.306735e+01	2.757023e+00	1.731134e+00	3.079442e-01	-8.029444e-01	-1.273752e-01	9.841299e+00
7.395426e+01	3.959785e-01	-9.478289e-01	1.306584e+01	2.782196e+00	1.736172e+00	3.150351e-01	-8.050051e-01	-1.273318e-01	9.839475e+00
7.400176e+01	3.948921e-01	-9.469107e-01	1.306524e+01	2.750295e+00	1.740865e+00	3.178486e-01	-8.080504e-01	-1.275619e-01	9.836814e+00
7.382955e+01	3.945980e-01	-9.470772e-01	1.306358e+01	2.769045e+00	1.745822e+00	3.166430e-01	-8.088735e-01	-1.276266e-01	9.836685e+00
7.312972e+01	3.948053e-01	-9.494643e-01	1.306161e+01	2.781568e+00	1.750715e+00	3.135136e-01	-8.093469e-01	-1.276311e-01	9.839769e+00
7.309902e+01	3.942836e-01	-9.494957e-01	1.306026e+01	2.785909e+00	1.755552e+00	3.129246e-01	-8.092064e-01	-1.278903e-01	9.839336e+00
7.333075e+01	3.941688e-01	-9.500775e-01	1.305868e+01	2.786297e+00	1.760232e+00	3.104818e-01	-8.050392e-01	-1.285585e-01	9.837742e+00
7.319546e+01	3.935865e-01	-9.494710e-01	1.305744e+01	2.790184e+00	1.765049e+00	3.125032e-01	-8.072186e-01	-1.285465e-01	9.837466e+00
7.379788e+01	3.927506e-01	-9.481091e-01	1.305616e+01	2.820966e+00	1.770190e+00	3.150149e-01	-8.076716e-01	-1.281316e-01	9.837256e+00
7.306012e+01	3.921849e-01	-9.494376e-01	1.305519e+01	2.792845e+00	1.774683e+00	3.130734e-01	-8.084857e-01	-1.284601e-01	9.836922e+00
7.333204e+01	3.918434e-01	-9.484010e-01	1.305414e+01	2.765459e+00	1.779097e+00	3.148681e-01	-8.080537e-01	-1.275384e-01	9.834490e+00
7.301854e+01	3.912552e-01	-9.503564e-01	1.305316e+01	2.744157e+00	1.783624e+00	3.116718e-01	-8.079371e-01	-1.282357e-01	9.834780e+00
7.343767e+01	3.914467e-01	-9.501521e-01	1.305166e+01	2.727865e+00	1.787862e+00	3.116897e-01	-8.034328e-01	-1.299581e-01	9.833942e+00
7.315174e+01	3.908412e-01	-9.496508e-01	1.305049e+01	2.735532e+00	1.792621e+00	3.133633e-01	-8.058808e-01	-1.297391e-01	9.833542e+00
7.325764e+01	3.909652e-01	-9.518660e-01	1.304871e+01	2.747020e+00	1.797216e+00	3.081944e-01	-8.106835e-01	-1.291854e-01	9.835470e+00
7.347885e+01	3.903713e-01	-9.484147e-01	1.304748e+01	2.769452e+00	1.802026e+00	3.158397e-01	-8.065702e-01	-1.292508e-01	9.833670e+00
7.803013e+01	3.891259e-01	-9.446740e-01	1.304680e+01	2.802300e+00	1.806890e+00	3.230027e-01	-8.026621e-01	-1.294968e-01	9.830147e+00
7.302419e+01	3.885400e-01	-9.504752e-01	1.304621e+01	2.747138e+00	1.811125e+00	3.112008e-01	-8.047819e-01	-1.297009e-01	9.831106e+00
7.348441e+01	3.872390e-01	-9.524101e-01	1.304619e+01	2.701633e+00	1.815420e+00	3.082605e-01	-8.079159e-01	-1.293800e-01	9.829380e+00
7.303360e+01	3.871127e-01	-9.516440e-01	1.304493e+01	2.700974e+00	1.819921e+00	3.109343e-01	-8.089072e-01	-1.293735e-01	9.829745e+00
7.259754e+01	3.866166e-01	-9.503331e-01	1.304353e+01	2.737062e+00	1.824837e+00	3.130350e-01	-8.098794e-01	-1.289621e-01	9.830697e+00
7.326340e+01	3.866017e-01	-9.481753e-01	1.304213e+01	2.748929e+00	1.829321e+00	3.168158e-01	-8.072444e-01	-1.291801e-01	9.831685e+00
7.715290e+01	3.869770e-01	-9.435412e-01	1.304048e+01	2.769414e+00	1.833610e+00	3.229288e-01	-8.069682e-01	-1.288783e-01	9.829078e+00
7.279678e+01	3.864690e-01	-9.499978e-01	1.303975e+01	2.727036e+00	1.837839e+00	3.107869e-01	-8.067482e-01	-1.294745e-01	9.832565e+00
7.301504e+01	3.857444e-01	-9.523281e-01	1.303879e+01	2.724447e+00	1.842438e+00	3.083475e-01	-8.115144e-01	-1.284767e-01	9.833701e+00
7.273243e+01	3.854963e-01	-9.519057e-01	1.303769e+01	2.717939e+00	1.846771e+00	3.100327e-01	-8.057954e-01	-1.292832e-01	9.834583e+00
7.701269e+01	3.851166e-01	-9.448686e-01	1.303592e+01	2.784763e+00	1.851850e+00	3.221073e-01	-8.032668e-01	-1.296185e-01	9.832116e+00
7.260046e+01	3.846761e-01	-9.495258e-01	1.303528e+01	2.734054e+00	1.855770e+00	3.137030e-01	-8.063243e-01	-1.303707e-01	9.834965e+00
7.245649e+01	3.840156e-01	-9.509792e-01	1.303405e+01	2.749415e+00	1.860481e+00	3.096083e-01	-8.064667e-01	-1.317741e-01	9.835607e+00
7.255287e+01	3.837015e-01	-9.520298e-01	1.303326e+01	2.711876e+00	1.864393e+00	3.100416e-01	-8.075347e-01	-1.318363e-01	9.837045e+00
7.433133e+01	3.842699e-01	-9.470533e-01	1.303130e+01	2.753464e+00	1.868610e+00	3.184589e-01	-8.026531e-01	-1.316133e-01	9.835190e+00
7.248604e+01	3.836432e-01	-9.506280e-01	1.303087e+01	2.700768e+00	1.872511e+00	3.127989e-01	-8.050058e-01	-1.317733e-01	9.836363e+00
7.255906e+01	3.834589e-01	-9.510306e-01	1.303017e+01	2.664475e+00	1.876229e+00	3.141994e-01	-8.089882e-01	-1.307104e-01	9.838009e+00
7.265165e+01	3.830014e-01	-9.507330e-01	1.302923e+01	2.658595e+00	1.880482e+00	3.137092e-01	-8.049933e-01	-1.311654e-01	9.837268e+00
7.324725e+01	3.831421e-01	-9.503846e-01	1.302817e+01	2.632206e+00	1.884324e+00	3.110764e-01	-8.056619e-01	-1.307860e-01	9.834121e+00
7.319343e+01	3.827768e-01	-9.475229e-01	1.302686e+01	2.671221e+00	1.888882e+00	3.168824e-01	-8.037325e-01	-1.309683e-01	9.835261e+00
7.409933e+01	3.827097e-01	-9.451255e-01	1.302541e+01	2.710551e+00	1.893243e+00	3.204567e-01	-8.099029e-01	-1.296894e-01	9.834662e+00
7.329590e+01	3.821816e-01	-9.467497e-01	1.302459e+01	2.710676e+00	1.897538e+00	3.168534e-01	-8.057001e-01	-1.304138e-01	9.836063e+00
7.235987e+01	3.810213e-01	-9.489253e-01	1.302472e+01	2.668382e+00	1.901634e+00	3.169280e-01	-8.089110e-01	-1.296063e-01	9.838827e+00
7.237410e+01	3.807208e-01	-9.503273e-01	1.302381e+01	2.671317e+00	1.905829e+00	3.121377e-01	-8.053412e-01	-1.306817e-01	9.839444e+00
7.233738e+01	3.800737e-01	-9.488061e-01	1.302326e+01	2.662674e+00	1.910004e+00	3.145624e-01	-8.088709e-01	-1.302308e-01	9.836529e+00
7.248378e+01	3.799761e-01	-9.487052e-01	1.302200e+01	2.686217e+00	1.914262e+00	3.131290e-01	-8.035837e-01	-1.311762e-01	9.839256e+00
7.242880e+01	3.794108e-01	-9.500227e-01	1.302064e+01	2.737049e+00	1.919042e+00	3.108996e-01	-8.008481e-01	-1.318139e-01	9.843158e+00
7.248507e+01	3.792941e-01	-9.487738e-01	1.301961e+01	2.740442e+00	1.923017e+00	3.131729e-01	-8.031243e-01	-1.320218e-01	9.843953e+00
7.271433e+01	3.787573e-01	-9.478853e-01	1.301894e+01	2.754221e+00	1.926935e+00	3.167832e-01	-8.099766e-01	-1.304246e-01	9.846166e+00
7.202012e+01	3.784620e-01	-9.490565e-01	1.301835e+01	2.721162e+00	1.930689e+00	3.138529e-01	-8.073811e-01	-1.314285e-01	9.845934e+00
7.211949e+01	3.776194e-01	-9.511629e-01	1.301833e+01	2.675646e+00	1.934326e+00	3.101605e-01	-8.060768e-01	-1.326369e-01	9.846821e+00
7.198342e+01	3.775109e-01	-9.498052e-01	1.301734e+01	2.670864e+00	1.938245e+00	3.125782e-01	-8.036430e-01	-1.330040e-01	9.847749e+00
7.192183e+01	3.767662e-01	-9.493318e-01	1.301695e+01	2.660139e+00	1.942094e+00	3.133502e-01	-8.037705e-01	-1.330668e-01	9.850674e+00
7.227437e+01	3.768267e-01	-9.472196e-01	1.301577e+01	2.674492e+00	1.946132e+00	3.165441e-01	-8.034622e-01	-1.330752e-01	9.851320e+00
7.325422e+01	3.772922e-01	-9.453686e-01	1.301478e+01	2.639736e+00	1.949667e+00	3.171381e-01	-7.997328e-01	-1.344226e-01	9.849414e+00
7.225292e+01	3.770100e-01	-9.464772e-01	1.301392e+01	2.653531e+00	1.953727e+00	3.154017e-01	-8.050413e-01	-1.337736e-01	9.850879e+00
7.201039e+01	3.760592e-01	-9.474520e-01	1.301339e+01	2.686323e+00	1.958037e+00	3.154691e-01	-8.048070e-01	-1.344210e-01	9.853236e+00
7.177133e+01	3.759245e-01	-9.486156e-01	1.301260e+01	2.680069e+00	1.961891e+00	3.128320e-01	-8.081770e-01	-1.336899e-01	9.853319e+00
7.185277e+01	3.762717e-01	-9.479526e-01	1.301152e+01	2.671126e+00	1.965519e+00	3.134009e-01	-8.084536e-01	-1.335485e-01	9.853443e+00
7.180715e+01	3.759193e-01	-9.482484e-01	1.301085e+01	2.670795e+00	1.969415e+00	3.129026e-01	-8.070253e-01	-1.331646e-01	9.852555e+00
7.236049e+01	3.763720e-01	-9.508514e-01	1.300955e+01	2.678383e+00	1.973073e+00	3.061667e-01	-8.031120e-01	-1.325835e-01	9.853310e+00
7.214019e+01	3.758759e-01	-9.475338e-01	1.300889e+01	2.693279e+00	1.977074e+00	3.146986e-01	-8.043145e-01	-1.321800e-01	9.850695e+00
7.185321e+01	3.759005e-01	-9.484926e-01	1.300786e+01	2.691373e+00	1.980940e+00	3.119045e-01	-8.061010e-01	-1.317671e-01	9.850628e+00
7.250525e+01	3.752643e-01	-9.465717e-01	1.300750e+01	2.690412e+00	1.984757e+00	3.171921e-01	-8.051463e-01	-1.317252e-01	9.850709e+00
7.194813e+01	3.739757e-01	-9.487197e-01	1.300826e+01	2.630307e+00	1.988262e+00	3.157582e-01	-8.003504e-01	-1.335425e-01	9.852364e+00
7.185011e+01	3.736403e-01	-9.477334e-01	1.300761e+01	2.632878e+00	1.992031e+00	3.168699e-01	-8.044577e-01	-1.330024e-01	9.851728e+00
7.165073e+01	3.741955e-01	-9.493459e-01	1.300609e+01	2.646762e+00	1.995797e+00	3.132260e-01	-8.067516e-01	-1.324265e-01	9.855799e+00
7.183572e+01	3.736921e-01	-9.472061e-01	1.300556e+01	2.654570e+00	1.999583e+00	3.166705e-01	-8.066445e-01	-1.323168e-01	9.854858e+00
7.185304e+01	3.720255e-01	-9.480398e-01	1.300667e+01	2.593355e+00	2.002953e+00	3.157694e-01	-8.084178e-01	-1.324779e-01	9.852244e+00
7.198745e+01	3.719914e-01	-9.463415e-01	1.300575e+01	2.619695e+00	2.006781e+00	3.168203e-01	-8.043326e-01	-1.325403e-01	9.851828e+00
7.278178e+01	3.725780e-01	-9.447916e-01	1.300453e+01	2.620063e+00	2.010372e+00	3.147188e-01	-8.007689e-01	-1.329001e-01	9.847929e+00
7.227750e+01	3.722390e-01	-9.454793e-01	1.300383e+01	2.639956e+00	2.014186e+00	3.145453e-01	-8.033996e-01	-1.327004e-01	9.848350e+00
7.884928e+01	3.729672e-01	-9.392206e-01	1.300191e+01	2.706586e+00	2.018155e+00	3.255504e-01	-8.088997e-01	-1.307579e-01	9.844317e+00
7.222465e+01	3.719022e-01	-9.497047e-01	1.300270e+01	2.624022e+00	2.021268e+00	3.077264e-01	-8.080034e-01	-1.317406e-01	9.847813e+00
7.859103e+01	3.704409e-01	-9.564899e-01	1.300349e+01	2.565186e+00	2.024771e+00	2.986428e-01	-8.090229e-01	-1.311376e-01	9.853648e+00
7.178178e+01	3.702696e-01	-9.503620e-01	1.300260e+01	2.594134e+00	2.028478e+00	3.125389e-01	-8.015344e-01	-1.320158e-01	9.855674e+00
7.368544e+01	3.709122e-01	-9.439179e-01	1.300124e+01	2.611541e+00	2.031944e+00	3.221548e-01	-8.002694e-01	-1.315938e-01	9.854278e+00
7.331990e+01	3.705336e-01	-9.440861e-01	1.300052e+01	2.636518e+00	2.035712e+00	3.211211e-01	-8.017562e-01	-1.322902e-01	9.856379e+00
7.400879e+01	3.697446e-01	-9.435190e-01	1.299998e+01	2.673488e+00	2.039729e+00	3.232553e-01	-8.060224e-01	-1.335276e-01	9.858977e+00
7.161164e+01	3.692633e-01	-9.500734e-01	1.300008e+01	2.625649e+00	2.042909e+00	3.097008e-01	-8.049889e-01	-1.340682e-01	9.861262e+00
7.248366e+01	3.685804e-01	-9.524957e-01	1.300010e+01	2.614010e+00	2.046262e+00	3.073289e-01	-8.049362e-01	-1.325346e-01	9.863971e+00
7.140261e+01	3.685103e-01	-9.514645e-01	1.299942e+01	2.620950e+00	2.049789e+00	3.114738e-01	-8.026748e-01	-1.331945e-01	9.868944e+00
7.289196e+01	3.676715e-01	-9.455933e-01	1.299942e+01	2.638318e+00	2.053274e+00	3.232657e-01	-7.977825e-01	-1.346091e-01	9.868200e+00
7.112892e+01	3.677860e-01	-9.486126e-01	1.299864e+01	2.630496e+00	2.056717e+00	3.156940e-01	-7.978666e-01	-1.347014e-01	9.871445e+00
7.093923e+01	3.675251e-01	-9.494593e-01	1.299791e+01	2.626274e+00	2.060494e+00	3.142542e-01	-8.017189e-01	-1.330946e-01	9.873488e+00
7.100468e+01	3.676288e-01	-9.497312e-01	1.299721e+01	2.627609e+00	2.063863e+00	3.125435e-01	-8.015540e-01	-1.335315e-01	9.877624e+00
7.113650e+01	3.672235e-01	-9.493275e-01	1.299711e+01	2.601860e+00	2.067298e+00	3.147914e-01	-8.046187e-01	-1.320700e-01	9.884966e+00
7.094867e+01	3.674095e-01	-9.469933e-01	1.299611e+01	2.628421e+00	2.070759e+00	3.166370e-01	-8.017814e-01	-1.328134e-01	9.888313e+00
7.181767e+01	3.669655e-01	-9.453516e-01	1.299527e+01	2.679921e+00	2.074619e+00	3.173723e-01	-7.983774e-01	-1.342847e-01	9.888682e+00
7.095315e+01	3.669371e-01	-9.466426e-01	1.299492e+01	2.653334e+00	2.077677e+00	3.139429e-01	-7.994923e-01	-1.344175e-01	9.890235e+00
7.113409e+01	3.673373e-01	-9.453971e-01	1.299435e+01	2.616775e+00	2.080618e+00	3.156460e-01	-7.994439e-01	-1.347403e-01	9.888792e+00
7.109021e+01	3.670027e-01	-9.473257e-01	1.299420e+01	2.596178e+00	2.083761e+00	3.120813e-01	-8.020613e-01	-1.345730e-01	9.891728e+00
7.275259e+01	3.667222e-01	-9.505754e-01	1.299429e+01	2.566055e+00	2.086616e+00	3.069661e-01	-8.011444e-01	-1.333001e-01	9.895384e+00
7.098546e+01	3.666101e-01	-9.456152e-01	1.299344e+01	2.597423e+00	2.090131e+00	3.165794e-01	-8.021868e-01	-1.331621e-01	9.892871e+00
7.115301e+01	3.662347e-01	-9.443320e-01	1.299333e+01	2.595146e+00	2.093230e+00	3.158350e-01	-8.021761e-01	-1.319700e-01	9.887956e+00
7.186304e+01	3.661159e-01	-9.426910e-01	1.299262e+01	2.616459e+00	2.096717e+00	3.189017e-01	-8.022009e-01	-1.322499e-01	9.889360e+00
7.176727e+01	3.658594e-01	-9.433955e-01	1.299300e+01	2.558454e+00	2.099293e+00	3.188737e-01	-8.109254e-01	-1.307933e-01	9.890286e+00
7.096757e+01	3.656068e-01	-9.450267e-01	1.299225e+01	2.572009e+00	2.102768e+00	3.140335e-01	-8.016165e-01	-1.319148e-01	9.897788e+00
7.121050e+01	3.644639e-01	-9.449686e-01	1.299275e+01	2.538254e+00	2.105887e+00	3.142943e-01	-7.956878e-01	-1.336618e-01	9.899350e+00
7.082068e+01	3.645653e-01	-9.448911e-01	1.299147e+01	2.575429e+00	2.109451e+00	3.135657e-01	-7.979073e-01	-1.336258e-01	9.904532e+00
7.473698e+01	3.648179e-01	-9.394099e-01	1.298950e+01	2.670009e+00	2.113598e+00	3.232349e-01	-7.987089e-01	-1.339375e-01	9.911402e+00
7.079274e+01	3.643699e-01	-9.457427e-01	1.298978e+01	2.624220e+00	2.116442e+00	3.110447e-01	-8.013906e-01	-1.340602e-01	9.916117e+00
7.608691e+01	3.628146e-01	-9.519997e-01	1.299161e+01	2.524534e+00	2.118933e+00	3.023931e-01	-8.075462e-01	-1.339899e-01	9.917182e+00
8.769858e+01	3.629102e-01	-9.485484e-01	1.299075e+01	2.545661e+00	2.122193e+00	3.134733e-01	-8.410220e-01	-1.401527e-01	9.917387e+00
9.314779e+01	3.632456e-01	-9.322046e-01	1.298979e+01	2.588430e+00	2.125191e+00	3.293855e-01	-6.911967e-01	-1.334276e-01	9.897210e+00
9.394652e+01	3.631481e-01	-9.327850e-01	1.298924e+01	2.595629e+00	2.128366e+00	3.206026e-01	-6.578571e-01	-1.257551e-01	9.888748e+00
8.693737e+01	3.635293e-01	-9.421730e-01	1.298940e+01	2.493646e+00	2.130798e+00	3.048320e-01	-6.908096e-01	-1.177106e-01	9.889538e+00
8.167857e+01	3.630929e-01	-9.410531e-01	1.298902e+01	2.513538e+00	2.134132e+00	3.120619e-01	-7.241213e-01	-1.100546e-01	9.886851e+00
