# loss | a0 ... a8
4.037505e+02	-3.848393e-01	-7.207946e-01	1.573375e+01	2.724665e+00	2.857857e+00	4.307714e-01	-7.573571e-01	-2.804687e-01	1.081607e+01
4.806405e+02	-1.646731e-01	-8.992664e-01	1.548763e+01	2.500451e+00	3.057992e+00	2.526232e-01	-6.425532e-01	-4.172998e-01	1.096783e+01
5.162279e+02	7.950956e-02	-8.873734e-01	1.522071e+01	2.708630e+00	3.275762e+00	3.370080e-01	-8.315485e-01	-2.871621e-01	1.085872e+01
6.785745e+02	3.004531e-01	-8.526778e-01	1.496980e+01	2.903778e+00	3.472501e+00	3.843865e-01	-9.262863e-01	-1.982663e-01	1.074707e+01
4.919035e+02	5.242610e-01	-7.599584e-01	1.478360e+01	3.039640e+00	3.509678e+00	3.956907e-01	-7.696200e-01	-8.899885e-02	1.056234e+01
1.185394e+02	5.010684e-01	-7.993366e-01	1.490017e+01	2.890106e+00	3.373577e+00	2.844542e-01	-7.132635e-01	-5.230512e-02	1.055903e+01
1.453436e+02	4.815373e-01	-8.432512e-01	1.499486e+01	2.754449e+00	3.263969e+00	2.240826e-01	-7.055006e-01	-4.930571e-02	1.055348e+01
1.450641e+02	5.494139e-01	-8.613195e-01	1.495390e+01	2.737979e+00	3.262973e+00	2.304648e-01	-7.188898e-01	-3.630053e-02	1.052267e+01
1.184271e+02	6.341925e-01	-8.731715e-01	1.487729e+01	2.748076e+00	3.287052e+00	2.570007e-01	-7.418072e-01	-5.516555e-02	1.049189e+01
9.083586e+01	7.561983e-01	-8.774238e-01	1.475009e+01	2.802063e+00	3.350031e+00	2.825537e-01	-7.603627e-01	-6.694225e-02	1.045291e+01
7.822184e+01	8.716136e-01	-8.845614e-01	1.462345e+01	2.859943e+00	3.414607e+00	3.019153e-01	-7.717638e-01	-5.995158e-02	1.041464e+01
8.290426e+01	1.006601e+00	-8.843279e-01	1.445975e+01	2.950329e+00	3.512307e+00	3.211244e-01	-7.793009e-01	-4.570116e-02	1.037149e+01
8.144158e+01	1.010175e+00	-9.125692e-01	1.446882e+01	2.899666e+00	3.498657e+00	2.876866e-01	-7.845378e-01	-4.693518e-02	1.035117e+01
7.392462e+01	1.062820e+00	-9.133041e-01	1.440273e+01	2.911788e+00	3.526574e+00	2.915376e-01	-7.772337e-01	-2.579438e-03	1.030980e+01
7.516507e+01	1.069852e+00	-9.170971e-01	1.437368e+01	2.901251e+00	3.538276e+00	2.903282e-01	-7.772447e-01	1.695449e-02	1.027420e+01
7.816524e+01	1.041883e+00	-9.230134e-01	1.438591e+01	2.858482e+00	3.520826e+00	2.883276e-01	-7.798632e-01	2.322648e-02	1.024161e+01
7.624569e+01	1.063127e+00	-9.283227e-01	1.431445e+01	2.878439e+00	3.563086e+00	2.905062e-01	-7.910627e-01	-2.765614e-02	1.022336e+01
7.373634e+01	1.094943e+00	-9.162733e-01	1.423715e+01	2.917915e+00	3.608725e+00	3.123196e-01	-7.871434e-01	-2.877126e-02	1.018832e+01
7.067737e+01	1.025495e+00	-9.277568e-01	1.425382e+01	2.886334e+00	3.603225e+00	2.929657e-01	-7.886469e-01	-3.960642e-02	1.016699e+01
7.123627e+01	1.018798e+00	-9.293247e-01	1.421562e+01	2.889148e+00	3.617770e+00	2.883975e-01	-7.873229e-01	-4.089203e-02	1.014298e+01
7.131072e+01	9.534133e-01	-9.316053e-01	1.422112e+01	2.874609e+00	3.627322e+00	2.891315e-01	-7.879895e-01	-4.274862e-02	1.012024e+01
6.893709e+01	8.927242e-01	-9.302621e-01	1.422210e+01	2.871612e+00	3.639391e+00	2.949799e-01	-7.897998e-01	-4.776842e-02	1.009754e+01
6.768404e+01	8.836252e-01	-9.307686e-01	1.418703e+01	2.880398e+00	3.667893e+00	2.969010e-01	-7.924373e-01	-5.838981e-02	1.008074e+01
6.766570e+01	9.139666e-01	-9.272268e-01	1.411337e+01	2.907530e+00	3.714315e+00	3.031506e-01	-7.929258e-01	-7.235908e-02	1.006299e+01
7.751393e+01	8.485532e-01	-9.425491e-01	1.414395e+01	2.868079e+00	3.698401e+00	2.839763e-01	-7.988159e-01	-9.360972e-02	1.005556e+01
6.952227e+01	8.567533e-01	-9.306333e-01	1.411391e+01	2.874657e+00	3.711068e+00	2.871630e-01	-7.836853e-01	-7.057340e-02	1.002117e+01
7.035443e+01	8.267810e-01	-9.278927e-01	1.410327e+01	2.876956e+00	3.721014e+00	2.885980e-01	-7.794433e-01	-6.154722e-02	9.999304e+00
7.517351e+01	7.367719e-01	-9.360110e-01	1.414688e+01	2.848698e+00	3.705028e+00	2.813517e-01	-7.835702e-01	-6.465898e-02	9.983170e+00
6.958307e+01	7.607987e-01	-9.344001e-01	1.408095e+01	2.880340e+00	3.748780e+00	2.893983e-01	-7.872422e-01	-7.123262e-02	9.972386e+00
6.769215e+01	8.057666e-01	-9.415746e-01	1.400527e+01	2.907001e+00	3.799416e+00	2.954853e-01	-7.988282e-01	-1.164717e-01	9.965777e+00
7.952254e+01	7.714855e-01	-9.536587e-01	1.400521e+01	2.888993e+00	3.801863e+00	2.836667e-01	-8.017321e-01	-1.492465e-01	9.974481e+00
7.096560e+01	7.424086e-01	-9.487238e-01	1.399200e+01	2.891734e+00	3.817940e+00	2.940798e-01	-8.009898e-01	-1.714469e-01	9.970319e+00
6.926425e+01	7.507737e-01	-9.324461e-01	1.396056e+01	2.907151e+00	3.828034e+00	2.971501e-01	-7.804336e-01	-1.673015e-01	9.941601e+00
7.159066e+01	7.652543e-01	-9.318129e-01	1.393438e+01	2.901856e+00	3.831171e+00	2.918484e-01	-7.759521e-01	-1.622804e-01	9.925745e+00
8.560222e+01	6.732815e-01	-9.540772e-01	1.401042e+01	2.829181e+00	3.773211e+00	2.736405e-01	-7.805516e-01	-1.616936e-01	9.935033e+00
7.249966e+01	6.627601e-01	-9.518906e-01	1.398625e+01	2.843278e+00	3.798475e+00	2.919641e-01	-7.853054e-01	-1.613397e-01	9.939007e+00
6.661813e+01	6.718926e-01	-9.487171e-01	1.395773e+01	2.858112e+00	3.811414e+00	3.062092e-01	-7.827311e-01	-1.498344e-01	9.924265e+00
6.754730e+01	6.901919e-01	-9.438464e-01	1.392426e+01	2.878806e+00	3.818473e+00	3.150074e-01	-7.867948e-01	-1.476639e-01	9.919134e+00
8.026839e+01	6.684706e-01	-9.616944e-01	1.394033e+01	2.832266e+00	3.790579e+00	2.862896e-01	-7.914121e-01	-1.496721e-01	9.921894e+00
6.976500e+01	6.759388e-01	-9.427193e-01	1.389161e+01	2.865843e+00	3.815456e+00	2.972216e-01	-7.771951e-01	-1.355302e-01	9.897672e+00
7.079674e+01	6.872631e-01	-9.408641e-01	1.387898e+01	2.838957e+00	3.795730e+00	2.921837e-01	-7.762089e-01	-1.283303e-01	9.884123e+00
7.881433e+01	6.746316e-01	-9.490749e-01	1.390721e+01	2.763308e+00	3.741871e+00	2.797617e-01	-7.790308e-01	-1.299101e-01	9.875856e+00
6.990645e+01	6.906250e-01	-9.424224e-01	1.385715e+01	2.779816e+00	3.761679e+00	2.958772e-01	-7.866033e-01	-1.269656e-01	9.869250e+00
6.890190e+01	6.365920e-01	-9.462637e-01	1.387607e+01	2.751497e+00	3.735881e+00	2.988402e-01	-7.938589e-01	-1.317915e-01	9.868224e+00
6.901283e+01	6.580650e-01	-9.499203e-01	1.382178e+01	2.773269e+00	3.768975e+00	2.973614e-01	-8.039449e-01	-1.425130e-01	9.872517e+00
7.496057e+01	6.627504e-01	-9.610193e-01	1.378095e+01	2.782238e+00	3.799981e+00	2.940025e-01	-8.071186e-01	-1.538165e-01	9.872532e+00
7.481561e+01	6.839042e-01	-9.381568e-01	1.373480e+01	2.814072e+00	3.812830e+00	3.066711e-01	-7.807734e-01	-1.429567e-01	9.841062e+00
7.175347e+01	6.413269e-01	-9.436895e-01	1.377116e+01	2.770685e+00	3.751325e+00	2.926016e-01	-7.779221e-01	-1.434637e-01	9.837447e+00
7.591094e+01	5.742109e-01	-9.495249e-01	1.380962e+01	2.730295e+00	3.711610e+00	2.873066e-01	-7.813849e-01	-1.430190e-01	9.835155e+00
8.841471e+01	5.456776e-01	-9.650357e-01	1.382448e+01	2.702349e+00	3.680220e+00	2.832765e-01	-7.893799e-01	-1.691547e-01	9.835524e+00
6.859182e+01	5.817092e-01	-9.568040e-01	1.373743e+01	2.752782e+00	3.740087e+00	3.052001e-01	-8.057639e-01	-1.808267e-01	9.850140e+00
8.375206e+01	5.465314e-01	-9.649906e-01	1.373287e+01	2.745852e+00	3.739578e+00	2.982686e-01	-8.209529e-01	-2.031654e-01	9.859795e+00
8.412123e+01	6.196358e-01	-9.276725e-01	1.364483e+01	2.805639e+00	3.787046e+00	3.081321e-01	-7.848911e-01	-2.241418e-01	9.817424e+00
8.097384e+01	5.022045e-01	-9.406318e-01	1.371523e+01	2.760317e+00	3.730577e+00	2.699490e-01	-7.756574e-01	-2.266813e-01	9.799102e+00
9.795002e+01	4.693476e-01	-9.522226e-01	1.373101e+01	2.727948e+00	3.703355e+00	2.565810e-01	-7.815323e-01	-2.197301e-01	9.793432e+00
7.396345e+01	4.872355e-01	-9.471153e-01	1.368149e+01	2.758738e+00	3.741622e+00	2.811343e-01	-7.915108e-01	-1.993232e-01	9.792923e+00
6.800035e+01	5.060155e-01	-9.472436e-01	1.362061e+01	2.798175e+00	3.789498e+00	2.981203e-01	-8.079480e-01	-1.906258e-01	9.796451e+00
8.382664e+01	4.615330e-01	-9.634810e-01	1.367366e+01	2.722970e+00	3.709551e+00	2.808197e-01	-8.134177e-01	-1.857834e-01	9.801382e+00
7.402500e+01	4.827613e-01	-9.341234e-01	1.363767e+01	2.743531e+00	3.719663e+00	3.062562e-01	-7.917741e-01	-1.855046e-01	9.771372e+00
7.458286e+01	4.524238e-01	-9.410933e-01	1.364772e+01	2.726031e+00	3.697698e+00	2.820423e-01	-7.864040e-01	-1.780896e-01	9.767775e+00
7.642238e+01	4.498283e-01	-9.481013e-01	1.364308e+01	2.707448e+00	3.688239e+00	2.802280e-01	-7.922442e-01	-1.748028e-01	9.773189e+00
1.071413e+02	4.279914e-01	-9.751809e-01	1.365544e+01	2.658014e+00	3.673441e+00	2.699503e-01	-8.046869e-01	-1.838801e-01	9.785079e+00
7.052482e+01	4.977419e-01	-9.524377e-01	1.354317e+01	2.735247e+00	3.751709e+00	3.252295e-01	-8.117256e-01	-1.845904e-01	9.786217e+00
8.003620e+01	4.252701e-01	-9.731291e-01	1.358503e+01	2.686818e+00	3.700422e+00	3.013336e-01	-8.119373e-01	-1.914035e-01	9.795125e+00
7.882347e+01	4.722109e-01	-9.376627e-01	1.352185e+01	2.718469e+00	3.714930e+00	3.134571e-01	-7.761426e-01	-1.949148e-01	9.755881e+00
8.785723e+01	4.135269e-01	-9.487057e-01	1.359847e+01	2.634261e+00	3.617288e+00	2.733794e-01	-7.668178e-01	-1.973638e-01	9.735784e+00
9.023842e+01	4.196900e-01	-9.543296e-01	1.357646e+01	2.638678e+00	3.626373e+00	2.700942e-01	-7.742795e-01	-1.833669e-01	9.737505e+00
7.322048e+01	4.301747e-01	-9.470711e-01	1.353542e+01	2.670660e+00	3.658401e+00	2.934964e-01	-7.811210e-01	-1.717288e-01	9.746812e+00
7.250866e+01	4.642778e-01	-9.441573e-01	1.347774e+01	2.701980e+00	3.698306e+00	3.082650e-01	-7.961339e-01	-1.593299e-01	9.758736e+00
6.852928e+01	4.516045e-01	-9.591590e-01	1.345700e+01	2.703893e+00	3.720496e+00	3.065414e-01	-8.080878e-01	-1.498464e-01	9.773121e+00
8.910001e+01	3.971330e-01	-9.748722e-01	1.350461e+01	2.648896e+00	3.659584e+00	2.859196e-01	-8.086688e-01	-1.555687e-01	9.781129e+00
7.084518e+01	4.460694e-01	-9.626252e-01	1.345606e+01	2.670158e+00	3.674526e+00	3.006062e-01	-8.072780e-01	-1.671659e-01	9.781018e+00
7.022425e+01	4.140343e-01	-9.490138e-01	1.346942e+01	2.667745e+00	3.649013e+00	3.033918e-01	-7.915252e-01	-1.682977e-01	9.766616e+00
7.041795e+01	3.567806e-01	-9.467574e-01	1.350425e+01	2.639310e+00	3.618766e+00	3.046781e-01	-7.921137e-01	-1.687576e-01	9.761957e+00
8.503191e+01	3.480937e-01	-9.669861e-01	1.350526e+01	2.624433e+00	3.599354e+00	2.837560e-01	-8.071759e-01	-1.703724e-01	9.763556e+00
8.417720e+01	4.218827e-01	-9.650277e-01	1.343799e+01	2.652032e+00	3.632732e+00	2.843628e-01	-8.298564e-01	-1.959028e-01	9.762420e+00
9.094392e+01	4.329836e-01	-9.224547e-01	1.340356e+01	2.691765e+00	3.646064e+00	3.072917e-01	-7.914501e-01	-2.290902e-01	9.709817e+00
9.494989e+01	3.438040e-01	-9.395424e-01	1.353082e+01	2.547531e+00	3.498632e+00	2.643854e-01	-7.812366e-01	-2.482973e-01	9.684581e+00
1.006990e+02	3.032743e-01	-9.492356e-01	1.355440e+01	2.505481e+00	3.459497e+00	2.681829e-01	-7.853981e-01	-2.247455e-01	9.683685e+00
8.257893e+01	3.149185e-01	-9.512813e-01	1.352500e+01	2.514635e+00	3.472572e+00	2.899917e-01	-7.993168e-01	-1.915185e-01	9.691117e+00
7.004699e+01	3.837408e-01	-9.486970e-01	1.343304e+01	2.579898e+00	3.541968e+00	3.238341e-01	-8.217534e-01	-1.591209e-01	9.695722e+00
7.218366e+01	4.217109e-01	-9.634099e-01	1.338276e+01	2.599074e+00	3.574117e+00	3.052721e-01	-8.278374e-01	-1.456406e-01	9.704003e+00
7.311373e+01	4.407047e-01	-9.501516e-01	1.334926e+01	2.623352e+00	3.581783e+00	3.000935e-01	-8.018376e-01	-1.263583e-01	9.685433e+00
8.252558e+01	4.179219e-01	-9.590319e-01	1.338078e+01	2.574988e+00	3.530740e+00	2.803388e-01	-7.972370e-01	-1.195402e-01	9.680881e+00
8.302005e+01	3.834834e-01	-9.673255e-01	1.337914e+01	2.578830e+00	3.517514e+00	2.834990e-01	-8.083712e-01	-1.210495e-01	9.703064e+00
7.001576e+01	4.029969e-01	-9.539753e-01	1.331370e+01	2.627052e+00	3.559027e+00	3.139808e-01	-8.124850e-01	-1.221864e-01	9.723159e+00
7.277057e+01	3.373886e-01	-9.655415e-01	1.334431e+01	2.614980e+00	3.521462e+00	3.064960e-01	-8.237356e-01	-1.548159e-01	9.753214e+00
7.082696e+01	3.125806e-01	-9.615613e-01	1.332767e+01	2.629933e+00	3.539230e+00	3.094831e-01	-8.251862e-01	-1.743771e-01	9.768124e+00
7.307081e+01	2.939589e-01	-9.400294e-01	1.335664e+01	2.614190e+00	3.480944e+00	2.953165e-01	-7.824906e-01	-1.888220e-01	9.738293e+00
7.664124e+01	2.711699e-01	-9.315900e-01	1.338468e+01	2.593693e+00	3.425688e+00	2.923278e-01	-7.733019e-01	-1.925351e-01	9.722445e+00
9.067596e+01	2.651777e-01	-9.469205e-01	1.339490e+01	2.569338e+00	3.393810e+00	2.664628e-01	-7.745183e-01	-1.847062e-01	9.720859e+00
8.625462e+01	3.235039e-01	-9.545535e-01	1.331145e+01	2.604348e+00	3.454812e+00	2.675192e-01	-7.908879e-01	-1.615128e-01	9.731386e+00
6.956821e+01	3.354762e-01	-9.584956e-01	1.326827e+01	2.641890e+00	3.476166e+00	3.076131e-01	-8.223392e-01	-1.439370e-01	9.737220e+00
6.872878e+01	2.946917e-01	-9.572678e-01	1.326559e+01	2.657345e+00	3.458870e+00	3.042391e-01	-8.119379e-01	-1.195096e-01	9.726279e+00
6.996159e+01	2.658380e-01	-9.568972e-01	1.329890e+01	2.624788e+00	3.404309e+00	3.015308e-01	-8.059220e-01	-1.170714e-01	9.717695e+00
7.157109e+01	2.801416e-01	-9.611113e-01	1.328032e+01	2.628548e+00	3.392007e+00	2.966986e-01	-8.167648e-01	-1.513384e-01	9.734597e+00
7.331384e+01	2.636070e-01	-9.611507e-01	1.329594e+01	2.599587e+00	3.354739e+00	2.951934e-01	-8.157114e-01	-1.758850e-01	9.741202e+00
6.859083e+01	2.327474e-01	-9.408948e-01	1.330442e+01	2.602235e+00	3.328128e+00	3.114361e-01	-8.206588e-01	-1.953310e-01	9.727055e+00
6.822574e+01	2.500101e-01	-9.396697e-01	1.330439e+01	2.576162e+00	3.299846e+00	2.992444e-01	-8.225783e-01	-2.028347e-01	9.720081e+00
7.096488e+01	3.016109e-01	-9.428273e-01	1.324051e+01	2.593956e+00	3.341379e+00	2.830272e-01	-8.202775e-01	-2.120239e-01	9.717884e+00
9.192851e+01	2.716042e-01	-9.622243e-01	1.326324e+01	2.554560e+00	3.293732e+00	2.691171e-01	-8.271107e-01	-2.053254e-01	9.740674e+00
7.613642e+01	2.546656e-01	-9.288079e-01	1.325335e+01	2.577419e+00	3.280752e+00	2.988251e-01	-7.944072e-01	-2.234487e-01	9.710952e+00
9.196442e+01	2.539580e-01	-9.448535e-01	1.327136e+01	2.535561e+00	3.235774e+00	2.629103e-01	-7.829342e-01	-2.307428e-01	9.703695e+00
7.983957e+01	3.005392e-01	-9.415863e-01	1.322131e+01	2.560987e+00	3.249006e+00	2.766147e-01	-7.858173e-01	-2.190703e-01	9.703266e+00
7.500986e+01	2.938415e-01	-9.488344e-01	1.319530e+01	2.567329e+00	3.271066e+00	2.852787e-01	-7.981982e-01	-1.908358e-01	9.709618e+00
7.143347e+01	2.320531e-01	-9.562949e-01	1.320535e+01	2.546668e+00	3.277767e+00	2.940327e-01	-8.116564e-01	-1.634186e-01	9.720614e+00
6.840955e+01	2.405069e-01	-9.559621e-01	1.317226e+01	2.567191e+00	3.299559e+00	3.021330e-01	-8.147925e-01	-1.499232e-01	9.740352e+00
7.008273e+01	2.393959e-01	-9.555560e-01	1.314423e+01	2.581871e+00	3.324238e+00	2.932619e-01	-8.071891e-01	-1.420282e-01	9.763484e+00
6.846729e+01	2.283504e-01	-9.507845e-01	1.314851e+01	2.576654e+00	3.298554e+00	2.969303e-01	-8.022053e-01	-1.414136e-01	9.775542e+00
7.555502e+01	1.427020e-01	-9.601874e-01	1.318676e+01	2.562723e+00	3.257807e+00	2.917291e-01	-8.129901e-01	-1.628761e-01	9.794287e+00
6.983956e+01	1.741763e-01	-9.554108e-01	1.316066e+01	2.569114e+00	3.257739e+00	2.972751e-01	-8.134260e-01	-1.773571e-01	9.801070e+00
6.961169e+01	2.368879e-01	-9.518785e-01	1.310901e+01	2.587249e+00	3.284623e+00	2.923870e-01	-8.110733e-01	-1.920284e-01	9.805836e+00
6.706328e+01	2.232435e-01	-9.387952e-01	1.311896e+01	2.572428e+00	3.250136e+00	2.962102e-01	-8.155489e-01	-2.185804e-01	9.815478e+00
6.840735e+01	1.626067e-01	-9.374676e-01	1.316758e+01	2.542056e+00	3.173174e+00	2.875042e-01	-8.086845e-01	-2.302186e-01	9.815235e+00
7.342371e+01	1.499137e-01	-9.412662e-01	1.318090e+01	2.514589e+00	3.135882e+00	2.803331e-01	-8.077769e-01	-2.274137e-01	9.835628e+00
8.388088e+01	2.211258e-01	-9.546243e-01	1.313555e+01	2.508362e+00	3.144037e+00	2.769200e-01	-8.194052e-01	-2.214822e-01	9.845844e+00
6.889822e+01	2.345385e-01	-9.367458e-01	1.309407e+01	2.548130e+00	3.171279e+00	3.140650e-01	-8.204956e-01	-2.112766e-01	9.838483e+00
7.095362e+01	1.490636e-01	-9.284818e-01	1.314977e+01	2.517626e+00	3.106851e+00	3.064542e-01	-8.009029e-01	-1.970159e-01	9.807601e+00
8.788997e+01	1.283154e-01	-9.495212e-01	1.317381e+01	2.484655e+00	3.067149e+00	2.685517e-01	-7.928212e-01	-1.895387e-01	9.804009e+00
7.171568e+01	1.550281e-01	-9.498837e-01	1.311263e+01	2.522469e+00	3.122001e+00	2.875073e-01	-8.040873e-01	-1.781090e-01	9.814679e+00
6.722504e+01	2.103753e-01	-9.502114e-01	1.305077e+01	2.559404e+00	3.155320e+00	3.014214e-01	-8.073612e-01	-1.707670e-01	9.816543e+00
8.092623e+01	1.579370e-01	-9.632765e-01	1.305879e+01	2.554231e+00	3.136989e+00	2.813363e-01	-8.069101e-01	-1.730434e-01	9.819073e+00
7.283630e+01	1.893026e-01	-9.367687e-01	1.303320e+01	2.571405e+00	3.128381e+00	3.010123e-01	-7.828228e-01	-1.756302e-01	9.782666e+00
7.829504e+01	1.545775e-01	-9.495006e-01	1.307106e+01	2.537537e+00	3.050218e+00	2.777947e-01	-7.869724e-01	-1.821658e-01	9.774581e+00
7.630512e+01	1.355068e-01	-9.512849e-01	1.307601e+01	2.526517e+00	3.023493e+00	2.823270e-01	-7.917947e-01	-1.767539e-01	9.768379e+00
6.990655e+01	1.540677e-01	-9.467062e-01	1.305536e+01	2.536801e+00	3.013017e+00	2.936747e-01	-7.976373e-01	-1.670506e-01	9.765435e+00
7.260656e+01	1.582723e-01	-9.563880e-01	1.303186e+01	2.538168e+00	3.029014e+00	2.944313e-01	-8.274520e-01	-1.859694e-01	9.774706e+00
9.530922e+01	1.475720e-01	-9.676511e-01	1.304299e+01	2.510268e+00	2.996602e+00	2.872701e-01	-8.365719e-01	-1.947888e-01	9.784292e+00
1.228168e+02	2.213206e-01	-8.969456e-01	1.298259e+01	2.559397e+00	3.020466e+00	3.046183e-01	-7.581685e-01	-2.603771e-01	9.702267e+00
1.442509e+02	4.046189e-02	-9.337053e-01	1.309506e+01	2.479775e+00	2.912344e+00	2.196568e-01	-7.341980e-01	-2.989323e-01	9.667043e+00
1.068343e+02	3.734490e-02	-9.355023e-01	1.305902e+01	2.513461e+00	2.960107e+00	2.464408e-01	-7.435437e-01	-2.321926e-01	9.652732e+00
7.904225e+01	2.523788e-02	-9.342986e-01	1.302511e+01	2.545290e+00	3.009878e+00	2.882376e-01	-7.651287e-01	-1.409643e-01	9.654550e+00
9.966331e+01	1.020846e-01	-9.256719e-01	1.294081e+01	2.597668e+00	3.091079e+00	3.203014e-01	-7.788641e-01	-8.367393e-02	9.655762e+00
8.684369e+01	4.430077e-02	-9.622900e-01	1.302894e+01	2.484762e+00	2.964160e+00	2.824189e-01	-7.908778e-01	-6.050032e-02	9.666253e+00
9.235842e+01	7.377574e-02	-9.734260e-01	1.300949e+01	2.455750e+00	2.954436e+00	2.826858e-01	-8.045150e-01	-6.725709e-02	9.683183e+00
7.345265e+01	1.637808e-01	-9.621892e-01	1.292038e+01	2.496194e+00	3.023179e+00	2.965248e-01	-8.057607e-01	-8.814981e-02	9.693277e+00
7.078326e+01	1.747221e-01	-9.579189e-01	1.289625e+01	2.503645e+00	3.025385e+00	3.053044e-01	-8.331642e-01	-1.494403e-01	9.703506e+00
9.955262e+01	1.921253e-01	-9.268908e-01	1.285103e+01	2.539410e+00	3.049553e+00	3.216828e-01	-8.067685e-01	-1.812397e-01	9.679265e+00
2.276030e+02	-4.493549e-03	-9.972715e-01	1.308050e+01	2.344629e+00	2.817189e+00	2.201755e-01	-8.084206e-01	-2.067642e-01	9.700063e+00
1.000967e+02	-1.614109e-02	-9.660016e-01	1.307442e+01	2.342374e+00	2.813090e+00	2.851025e-01	-7.983094e-01	-2.303632e-01	9.690912e+00
8.077298e+01	4.530820e-02	-9.382712e-01	1.301433e+01	2.390929e+00	2.852523e+00	3.397584e-01	-8.131431e-01	-2.175176e-01	9.703472e+00
8.649491e+01	1.243002e-01	-9.347817e-01	1.294102e+01	2.430204e+00	2.903030e+00	3.456294e-01	-8.251791e-01	-1.976859e-01	9.723323e+00
2.401801e+02	1.088792e-01	-1.002751e+00	1.296809e+01	2.374585e+00	2.850507e+00	2.555272e-01	-8.396137e-01	-2.138768e-01	9.774928e+00
1.047950e+02	2.268843e-01	-9.252099e-01	1.286437e+01	2.441245e+00	2.889290e+00	2.630262e-01	-7.354585e-01	-3.685651e-01	9.681443e+00
1.166314e+02	1.548071e-01	-9.036964e-01	1.286874e+01	2.469299e+00	2.879649e+00	2.655096e-01	-7.072074e-01	-4.240463e-01	9.634840e+00
1.548638e+02	1.619995e-02	-9.422123e-01	1.296617e+01	2.398227e+00	2.800738e+00	2.284499e-01	-7.181369e-01	-3.795279e-01	9.633818e+00
9.630609e+01	1.212329e-02	-9.381487e-01	1.291657e+01	2.450090e+00	2.881767e+00	2.676797e-01	-7.400355e-01	-2.803970e-01	9.631872e+00
8.646367e+01	5.834710e-02	-9.318452e-01	1.282418e+01	2.529392e+00	3.004361e+00	3.063769e-01	-7.623435e-01	-1.761708e-01	9.637492e+00
9.411663e+01	6.115461e-03	-9.680346e-01	1.286799e+01	2.489585e+00	2.970926e+00	2.704245e-01	-7.809002e-01	-1.119093e-01	9.653374e+00
7.300518e+01	-3.181395e-03	-9.582716e-01	1.285326e+01	2.511921e+00	2.991842e+00	3.026289e-01	-7.938695e-01	-6.640436e-02	9.659684e+00
7.134516e+01	2.213125e-02	-9.613151e-01	1.285012e+01	2.500237e+00	2.980662e+00	3.077681e-01	-8.074989e-01	-7.189615e-02	9.676107e+00
7.331276e+01	5.498405e-03	-9.754206e-01	1.286100e+01	2.494242e+00	2.955897e+00	3.104137e-01	-8.136410e-01	-9.816649e-02	9.687024e+00
7.648090e+01	6.831298e-02	-9.794443e-01	1.283774e+01	2.489794e+00	2.948982e+00	3.067246e-01	-8.107843e-01	-1.137883e-01	9.710046e+00
9.731721e+01	1.446840e-01	-9.869095e-01	1.282823e+01	2.464421e+00	2.913593e+00	3.106033e-01	-8.338026e-01	-1.347277e-01	9.719536e+00
1.322234e+02	1.867979e-01	-9.135268e-01	1.279667e+01	2.510329e+00	2.899051e+00	3.270599e-01	-7.356966e-01	-1.159284e-01	9.630544e+00
1.337338e+02	9.740861e-03	-9.529395e-01	1.291235e+01	2.443507e+00	2.782675e+00	2.340776e-01	-7.070118e-01	-9.972897e-02	9.599857e+00
1.335101e+02	-4.273476e-02	-9.517218e-01	1.294184e+01	2.429957e+00	2.741422e+00	2.371383e-01	-7.108001e-01	-7.912445e-02	9.576493e+00
9.108970e+01	-2.370676e-02	-9.370500e-01	1.290586e+01	2.467361e+00	2.777833e+00	2.704188e-01	-7.266350e-01	-5.915519e-02	9.564370e+00
8.969841e+01	4.080224e-02	-9.234595e-01	1.284015e+01	2.510882e+00	2.830101e+00	2.963044e-01	-7.443456e-01	-4.201061e-02	9.556550e+00
8.463618e+01	2.450209e-02	-9.478601e-01	1.282791e+01	2.522778e+00	2.832614e+00	2.753065e-01	-7.594862e-01	-3.418954e-02	9.568738e+00
8.992149e+01	4.565678e-02	-9.576732e-01	1.281877e+01	2.509324e+00	2.822923e+00	2.696249e-01	-7.703252e-01	-3.561542e-02	9.574995e+00
8.214361e+01	6.221664e-02	-9.549621e-01	1.280885e+01	2.513260e+00	2.802623e+00	2.803625e-01	-7.766321e-01	-4.817250e-02	9.581158e+00
7.530418e+01	8.237029e-02	-9.528717e-01	1.278606e+01	2.518750e+00	2.814171e+00	2.990547e-01	-7.947701e-01	-6.726589e-02	9.594798e+00
7.557278e+01	1.186838e-01	-9.572958e-01	1.278358e+01	2.478128e+00	2.788529e+00	2.923832e-01	-8.030470e-01	-9.303666e-02	9.604215e+00
7.501238e+01	5.852977e-02	-9.672561e-01	1.281988e+01	2.456919e+00	2.746220e+00	2.962912e-01	-8.161956e-01	-1.180218e-01	9.627233e+00
7.165200e+01	3.559615e-02	-9.700953e-01	1.279742e+01	2.479223e+00	2.774283e+00	3.128163e-01	-8.313638e-01	-1.435604e-01	9.654314e+00
6.868946e+01	3.776373e-02	-9.637996e-01	1.279764e+01	2.469860e+00	2.743546e+00	3.103080e-01	-8.251423e-01	-1.791348e-01	9.663891e+00
7.849266e+01	8.215629e-02	-9.421072e-01	1.273936e+01	2.506669e+00	2.779309e+00	3.173124e-01	-8.019676e-01	-1.976282e-01	9.653219e+00
1.255141e+02	2.463329e-04	-9.796658e-01	1.284926e+01	2.403835e+00	2.640034e+00	2.571817e-01	-8.053699e-01	-2.094406e-01	9.669862e+00
8.801481e+01	-2.591225e-02	-9.602901e-01	1.289381e+01	2.370884e+00	2.569611e+00	2.884389e-01	-8.005490e-01	-2.167359e-01	9.662671e+00
8.048848e+01	7.042283e-02	-9.333008e-01	1.279093e+01	2.438811e+00	2.647859e+00	3.211057e-01	-7.995595e-01	-2.097283e-01	9.660597e+00
9.899773e+01	9.735350e-02	-9.720973e-01	1.277044e+01	2.430831e+00	2.631007e+00	2.670192e-01	-8.043951e-01	-1.960130e-01	9.683825e+00
1.022851e+02	1.252629e-01	-9.769443e-01	1.271151e+01	2.461926e+00	2.673889e+00	2.644563e-01	-8.078699e-01	-1.864205e-01	9.695739e+00
7.317835e+01	6.589108e-02	-9.601905e-01	1.268377e+01	2.506152e+00	2.714863e+00	2.951011e-01	-8.375980e-01	-1.829726e-01	9.699424e+00
1.012018e+02	6.344981e-02	-9.196116e-01	1.267115e+01	2.523140e+00	2.708363e+00	3.139334e-01	-7.981235e-01	-1.976766e-01	9.652077e+00
9.723449e+01	1.939554e-03	-9.453127e-01	1.275011e+01	2.434045e+00	2.599837e+00	2.540882e-01	-7.832858e-01	-2.046267e-01	9.631010e+00
1.611588e+02	-7.128039e-02	-9.732550e-01	1.280742e+01	2.376714e+00	2.528549e+00	2.294758e-01	-7.904690e-01	-1.802300e-01	9.636063e+00
7.149219e+01	-7.397699e-04	-9.455380e-01	1.271874e+01	2.434240e+00	2.606907e+00	2.947047e-01	-8.020367e-01	-1.418108e-01	9.677233e+00
6.948263e+01	-6.387913e-04	-9.436143e-01	1.270850e+01	2.428220e+00	2.601785e+00	3.061709e-01	-8.098286e-01	-1.211422e-01	9.706946e+00
1.127918e+02	-2.869667e-04	-9.756427e-01	1.274359e+01	2.366261e+00	2.542648e+00	2.770768e-01	-8.282263e-01	-1.195173e-01	9.763074e+00
7.129171e+01	5.716004e-02	-9.429266e-01	1.269222e+01	2.390204e+00	2.561481e+00	2.966843e-01	-7.899000e-01	-9.413410e-02	9.746879e+00
1.017068e+02	9.677014e-02	-9.158561e-01	1.262704e+01	2.428769e+00	2.614473e+00	3.175408e-01	-7.744025e-01	-8.983290e-02	9.732620e+00
1.503150e+02	-2.898406e-02	-9.750922e-01	1.272168e+01	2.335407e+00	2.499039e+00	2.361773e-01	-7.765444e-01	-9.351719e-02	9.752151e+00
7.534171e+01	-4.240849e-02	-9.521773e-01	1.269318e+01	2.357479e+00	2.504745e+00	2.945940e-01	-7.811874e-01	-9.197560e-02	9.754280e+00
7.272952e+01	-8.086913e-03	-9.402252e-01	1.262908e+01	2.396916e+00	2.551169e+00	3.229629e-01	-7.946634e-01	-1.103411e-01	9.764943e+00
6.783784e+01	-3.434524e-02	-9.561765e-01	1.262749e+01	2.401723e+00	2.531334e+00	3.017651e-01	-8.002477e-01	-1.350986e-01	9.781538e+00
7.012609e+01	-1.202833e-02	-9.591915e-01	1.260139e+01	2.405737e+00	2.536647e+00	2.966599e-01	-8.038469e-01	-1.482959e-01	9.790487e+00
6.842502e+01	5.165092e-02	-9.511776e-01	1.254564e+01	2.436032e+00	2.574298e+00	3.043552e-01	-8.040137e-01	-1.547177e-01	9.793560e+00
7.406046e+01	-4.753526e-02	-9.592250e-01	1.262553e+01	2.385578e+00	2.483455e+00	2.921194e-01	-8.048376e-01	-1.726391e-01	9.796630e+00
7.521700e+01	-8.441155e-02	-9.608560e-01	1.264547e+01	2.374901e+00	2.455415e+00	3.003082e-01	-8.158350e-01	-1.703637e-01	9.813413e+00
6.473460e+01	-5.307076e-02	-9.457582e-01	1.262323e+01	2.390909e+00	2.457971e+00	3.119027e-01	-8.103343e-01	-1.826402e-01	9.811550e+00
7.517518e+01	-2.670000e-02	-9.575287e-01	1.262774e+01	2.363007e+00	2.430948e+00	2.933706e-01	-8.123383e-01	-1.972385e-01	9.840995e+00
7.348468e+01	1.892245e-02	-9.302285e-01	1.259070e+01	2.382085e+00	2.434018e+00	2.923782e-01	-7.708849e-01	-2.044932e-01	9.802295e+00
1.161118e+02	-7.862330e-02	-9.544755e-01	1.265232e+01	2.324193e+00	2.351905e+00	2.493287e-01	-7.685097e-01	-1.992868e-01	9.793735e+00
7.195000e+01	-3.510141e-02	-9.305274e-01	1.258759e+01	2.366208e+00	2.402799e+00	2.967349e-01	-7.763000e-01	-1.742908e-01	9.783841e+00
7.297526e+01	5.293806e-02	-9.372434e-01	1.251881e+01	2.384021e+00	2.448117e+00	2.900838e-01	-7.856984e-01	-1.570885e-01	9.789711e+00
7.518034e+01	-5.882630e-02	-9.551413e-01	1.257798e+01	2.356894e+00	2.397257e+00	2.865559e-01	-8.026272e-01	-1.428405e-01	9.819731e+00
7.521881e+01	-1.088857e-01	-9.603022e-01	1.257592e+01	2.377210e+00	2.409344e+00	3.056340e-01	-8.220777e-01	-1.278940e-01	9.834924e+00
8.818220e+01	-8.717460e-02	-9.183842e-01	1.256200e+01	2.394709e+00	2.402941e+00	3.191130e-01	-7.626783e-01	-8.060666e-02	9.772498e+00
8.907989e+01	-1.185389e-01	-9.418789e-01	1.257166e+01	2.397202e+00	2.378242e+00	2.642951e-01	-7.446873e-01	-5.392675e-02	9.754692e+00
1.172076e+02	-8.272788e-02	-9.564083e-01	1.256054e+01	2.383209e+00	2.369136e+00	2.422540e-01	-7.514553e-01	-5.813184e-02	9.757807e+00
7.835965e+01	-8.653415e-03	-9.384069e-01	1.247916e+01	2.442805e+00	2.459521e+00	2.750669e-01	-7.682516e-01	-6.717785e-02	9.764029e+00
7.510882e+01	-3.302496e-02	-9.461378e-01	1.249173e+01	2.431062e+00	2.430433e+00	2.798057e-01	-7.822435e-01	-7.883786e-02	9.776871e+00
7.092151e+01	-5.686713e-02	-9.389633e-01	1.248499e+01	2.440769e+00	2.441057e+00	3.006610e-01	-7.923520e-01	-9.118862e-02	9.777164e+00
8.941731e+01	-1.319369e-01	-9.654603e-01	1.256354e+01	2.368431e+00	2.326271e+00	2.801163e-01	-8.068843e-01	-1.234753e-01	9.802254e+00
7.421018e+01	-1.037153e-01	-9.594085e-01	1.254224e+01	2.372368e+00	2.335427e+00	2.945514e-01	-8.101837e-01	-1.493205e-01	9.814786e+00
7.126769e+01	-5.100014e-02	-9.336789e-01	1.251362e+01	2.387772e+00	2.336656e+00	3.134343e-01	-7.875817e-01	-1.767440e-01	9.797144e+00
7.026177e+01	-8.255651e-02	-9.314676e-01	1.252769e+01	2.380601e+00	2.303786e+00	3.115607e-01	-7.908298e-01	-1.973002e-01	9.808446e+00
1.024520e+02	-8.072057e-02	-9.652199e-01	1.255668e+01	2.330239e+00	2.249910e+00	2.659033e-01	-7.954860e-01	-2.060807e-01	9.835678e+00
6.509298e+01	-2.392054e-02	-9.489137e-01	1.249715e+01	2.364564e+00	2.301973e+00	3.064203e-01	-8.119964e-01	-2.076650e-01	9.845415e+00
6.907654e+01	-7.206962e-03	-9.358717e-01	1.249614e+01	2.345954e+00	2.265257e+00	3.048405e-01	-7.880648e-01	-2.053208e-01	9.816296e+00
6.924003e+01	-1.372498e-02	-9.507150e-01	1.250108e+01	2.334551e+00	2.226648e+00	2.944113e-01	-8.012389e-01	-1.894210e-01	9.803078e+00
7.760660e+01	-3.369642e-02	-9.596057e-01	1.249856e+01	2.329624e+00	2.215464e+00	2.878121e-01	-8.083728e-01	-1.773235e-01	9.816153e+00
8.016109e+01	4.271250e-02	-9.333784e-01	1.240397e+01	2.390955e+00	2.294509e+00	3.161363e-01	-7.930255e-01	-1.702714e-01	9.789180e+00
7.956301e+01	-1.287740e-01	-9.541534e-01	1.251810e+01	2.320799e+00	2.182333e+00	2.858767e-01	-7.890059e-01	-1.742889e-01	9.776126e+00
7.828974e+01	-1.915924e-01	-9.508822e-01	1.255294e+01	2.301655e+00	2.154235e+00	2.939682e-01	-7.950341e-01	-1.679958e-01	9.765296e+00
6.945496e+01	-1.547439e-01	-9.541978e-01	1.251599e+01	2.325877e+00	2.207454e+00	3.094493e-01	-8.185380e-01	-1.798898e-01	9.771790e+00
6.586200e+01	-1.114917e-01	-9.531929e-01	1.246627e+01	2.354230e+00	2.265134e+00	3.146757e-01	-8.237370e-01	-1.954857e-01	9.775677e+00
7.075561e+01	-1.669447e-02	-9.429410e-01	1.240634e+01	2.374846e+00	2.312558e+00	3.020828e-01	-7.996158e-01	-2.131275e-01	9.741109e+00
7.772786e+01	3.136949e-02	-9.515893e-01	1.238592e+01	2.364154e+00	2.321488e+00	2.844121e-01	-7.932558e-01	-2.133368e-01	9.727641e+00
8.696121e+01	-5.980198e-02	-9.648103e-01	1.243727e+01	2.336239e+00	2.267113e+00	2.743776e-01	-7.996435e-01	-2.032313e-01	9.728022e+00
