# loss | a0 ... a8
4.576663e+02	4.893393e-01	-9.571071e-01	1.269900e+01	8.057366e-01	1.948143e+00	2.516714e-01	-7.061857e-01	-4.492634e-01	1.050513e+01
3.078867e+02	2.891187e-01	-8.276961e-01	1.292706e+01	1.041643e+00	2.151106e+00	3.993417e-01	-8.742284e-01	-2.843727e-01	1.030779e+01
1.460171e+02	8.908466e-02	-9.308001e-01	1.315964e+01	1.259226e+00	2.361047e+00	2.966095e-01	-7.487540e-01	-1.239150e-01	1.026363e+01
2.146378e+02	-3.115870e-02	-9.638834e-01	1.329650e+01	1.420092e+00	2.499959e+00	2.680772e-01	-7.095940e-01	-1.251161e-02	1.020824e+01
1.375997e+02	-1.152569e-01	-9.287031e-01	1.337805e+01	1.586421e+00	2.632142e+00	3.053235e-01	-7.082304e-01	7.554804e-02	1.010718e+01
1.351684e+02	-1.660737e-01	-8.921450e-01	1.342109e+01	1.730777e+00	2.736950e+00	3.358124e-01	-7.340742e-01	1.140749e-01	1.001916e+01
1.196148e+02	-1.942378e-01	-9.048905e-01	1.343130e+01	1.868610e+00	2.839024e+00	3.216740e-01	-7.515703e-01	1.390734e-01	1.000593e+01
1.122321e+02	-2.068936e-01	-9.206022e-01	1.342878e+01	1.982967e+00	2.924663e+00	3.100035e-01	-7.758828e-01	1.325273e-01	1.001070e+01
1.049414e+02	-2.023146e-01	-9.269287e-01	1.339578e+01	2.111648e+00	3.018229e+00	3.023682e-01	-7.914426e-01	1.103252e-01	1.002262e+01
9.163344e+01	-1.854074e-01	-9.230242e-01	1.334847e+01	2.235647e+00	3.109094e+00	3.051497e-01	-8.000620e-01	8.223728e-02	1.003605e+01
7.975379e+01	-1.613939e-01	-9.156458e-01	1.329062e+01	2.357567e+00	3.199704e+00	3.088150e-01	-8.088684e-01	4.470520e-02	1.004537e+01
7.394581e+01	-1.311540e-01	-9.127848e-01	1.322796e+01	2.471070e+00	3.286048e+00	3.077010e-01	-8.139269e-01	1.232433e-02	1.005648e+01
6.837894e+01	-1.001402e-01	-9.174528e-01	1.317691e+01	2.541865e+00	3.351888e+00	3.008903e-01	-8.069715e-01	-2.211625e-02	1.007161e+01
6.751385e+01	-7.462130e-02	-9.244522e-01	1.314373e+01	2.578369e+00	3.394318e+00	2.963439e-01	-7.994520e-01	-5.166802e-02	1.009007e+01
6.770776e+01	-4.327063e-02	-9.264797e-01	1.310898e+01	2.606312e+00	3.430703e+00	2.939016e-01	-7.912246e-01	-8.145687e-02	1.009523e+01
6.821457e+01	-1.421926e-02	-9.236175e-01	1.308108e+01	2.628266e+00	3.456235e+00	2.971661e-01	-7.834669e-01	-1.135763e-01	1.009468e+01
6.818367e+01	5.927529e-03	-9.337851e-01	1.308544e+01	2.593780e+00	3.443185e+00	2.915513e-01	-7.798250e-01	-1.374744e-01	1.009266e+01
9.641167e+01	2.023464e-02	-9.448077e-01	1.309724e+01	2.552956e+00	3.420990e+00	2.904015e-01	-8.034242e-01	-1.840542e-01	1.011084e+01
9.287600e+01	3.906236e-02	-9.401078e-01	1.309967e+01	2.524596e+00	3.405113e+00	2.974773e-01	-8.087301e-01	-2.182892e-01	1.010098e+01
7.314283e+01	5.802977e-02	-9.247250e-01	1.310177e+01	2.501346e+00	3.388149e+00	3.130549e-01	-8.103911e-01	-2.461104e-01	1.007646e+01
6.904723e+01	7.258631e-02	-9.173608e-01	1.311199e+01	2.460600e+00	3.360243e+00	3.093973e-01	-7.644932e-01	-2.515479e-01	1.003279e+01
6.981295e+01	8.495724e-02	-9.244506e-01	1.311937e+01	2.425237e+00	3.339124e+00	3.008638e-01	-7.497558e-01	-2.484365e-01	1.002451e+01
7.037830e+01	9.592836e-02	-9.312100e-01	1.312907e+01	2.385269e+00	3.313611e+00	2.955258e-01	-7.559663e-01	-2.248238e-01	1.000806e+01
6.686916e+01	1.028015e-01	-9.296859e-01	1.313116e+01	2.371610e+00	3.299219e+00	3.015824e-01	-7.700932e-01	-1.920725e-01	1.000038e+01
6.546279e+01	1.168426e-01	-9.302676e-01	1.312174e+01	2.363338e+00	3.293119e+00	3.035704e-01	-7.839846e-01	-1.615336e-01	9.997330e+00
6.529726e+01	1.316523e-01	-9.300806e-01	1.311059e+01	2.359796e+00	3.284660e+00	3.048328e-01	-7.902543e-01	-1.414666e-01	1.001974e+01
6.502295e+01	1.439755e-01	-9.281050e-01	1.309514e+01	2.367516e+00	3.287758e+00	3.073551e-01	-7.968172e-01	-1.220114e-01	1.003393e+01
6.832729e+01	1.528335e-01	-9.352423e-01	1.309382e+01	2.352454e+00	3.271991e+00	3.010919e-01	-7.970328e-01	-1.117070e-01	1.005143e+01
7.366592e+01	1.613456e-01	-9.316469e-01	1.307548e+01	2.368736e+00	3.278758e+00	3.060282e-01	-8.153660e-01	-1.267826e-01	1.006698e+01
7.345371e+01	1.677235e-01	-9.124862e-01	1.305651e+01	2.393704e+00	3.288835e+00	3.182261e-01	-7.769845e-01	-1.108968e-01	1.005300e+01
6.775192e+01	1.639203e-01	-9.233276e-01	1.307219e+01	2.362871e+00	3.264152e+00	3.017124e-01	-7.607607e-01	-1.003085e-01	1.004663e+01
6.987910e+01	1.596520e-01	-9.299171e-01	1.308223e+01	2.349999e+00	3.244354e+00	2.949664e-01	-7.605811e-01	-9.714360e-02	1.004966e+01
7.094352e+01	1.557800e-01	-9.340504e-01	1.308874e+01	2.339109e+00	3.231054e+00	2.922009e-01	-7.660402e-01	-9.196534e-02	1.004694e+01
6.694160e+01	1.574412e-01	-9.260353e-01	1.308140e+01	2.348271e+00	3.232078e+00	3.023328e-01	-7.738533e-01	-8.467082e-02	1.004194e+01
6.632329e+01	1.546059e-01	-9.224862e-01	1.307944e+01	2.357336e+00	3.228657e+00	3.058118e-01	-7.800474e-01	-8.593288e-02	1.003648e+01
6.523497e+01	1.501257e-01	-9.280807e-01	1.308014e+01	2.360407e+00	3.221983e+00	2.994395e-01	-7.847750e-01	-9.320184e-02	1.003583e+01
6.421563e+01	1.471454e-01	-9.253846e-01	1.307751e+01	2.371084e+00	3.219776e+00	3.039236e-01	-7.894649e-01	-9.871079e-02	1.003595e+01
6.532445e+01	1.424879e-01	-9.194116e-01	1.308228e+01	2.377561e+00	3.205874e+00	3.116665e-01	-7.931142e-01	-1.034686e-01	1.003597e+01
6.526670e+01	1.378824e-01	-9.288661e-01	1.308493e+01	2.374075e+00	3.198360e+00	3.023693e-01	-7.930171e-01	-1.134328e-01	1.004384e+01
6.402433e+01	1.276383e-01	-9.247935e-01	1.308378e+01	2.397877e+00	3.197643e+00	3.067602e-01	-7.913871e-01	-1.160869e-01	1.004269e+01
6.778104e+01	1.258957e-01	-9.344886e-01	1.308650e+01	2.388520e+00	3.187606e+00	2.970478e-01	-7.896393e-01	-1.280796e-01	1.004966e+01
8.360270e+01	1.252128e-01	-9.353828e-01	1.308177e+01	2.391870e+00	3.189094e+00	3.023995e-01	-8.168870e-01	-1.771880e-01	1.007369e+01
9.350518e+01	1.280508e-01	-9.333809e-01	1.307127e+01	2.404187e+00	3.190751e+00	3.041967e-01	-8.235495e-01	-2.111643e-01	1.008136e+01
1.065235e+02	1.408545e-01	-8.910854e-01	1.303052e+01	2.459301e+00	3.218246e+00	3.206206e-01	-7.438309e-01	-2.120603e-01	9.998653e+00
7.842370e+01	1.223784e-01	-9.213217e-01	1.308165e+01	2.385647e+00	3.160450e+00	2.866672e-01	-7.123229e-01	-2.040279e-01	9.987899e+00
9.573543e+01	1.091567e-01	-9.412887e-01	1.311133e+01	2.347144e+00	3.125827e+00	2.732158e-01	-7.111633e-01	-1.773506e-01	9.989803e+00
8.135444e+01	1.031844e-01	-9.370766e-01	1.312473e+01	2.331587e+00	3.108537e+00	2.891970e-01	-7.311235e-01	-1.422194e-01	9.983225e+00
7.579709e+01	1.048017e-01	-9.161527e-01	1.312101e+01	2.343778e+00	3.105341e+00	3.177021e-01	-7.571393e-01	-1.098038e-01	9.966050e+00
6.934055e+01	1.072684e-01	-9.273769e-01	1.311745e+01	2.341953e+00	3.104463e+00	3.125196e-01	-7.755180e-01	-8.684205e-02	9.983982e+00
6.808137e+01	1.176432e-01	-9.378545e-01	1.310078e+01	2.355856e+00	3.111455e+00	3.037010e-01	-7.907984e-01	-6.884496e-02	1.000423e+01
6.777692e+01	1.256887e-01	-9.393704e-01	1.308393e+01	2.370018e+00	3.122996e+00	3.060996e-01	-7.962652e-01	-6.681809e-02	1.002438e+01
6.691296e+01	1.332566e-01	-9.387187e-01	1.305936e+01	2.398487e+00	3.141278e+00	3.072695e-01	-7.922907e-01	-6.728207e-02	1.006697e+01
6.454094e+01	1.426441e-01	-9.292810e-01	1.303738e+01	2.418536e+00	3.154368e+00	3.143534e-01	-7.907039e-01	-7.474811e-02	1.008311e+01
6.725976e+01	1.418448e-01	-9.200172e-01	1.302713e+01	2.435636e+00	3.158284e+00	3.179879e-01	-7.885387e-01	-8.636552e-02	1.009316e+01
6.720235e+01	1.376716e-01	-9.336371e-01	1.304206e+01	2.410034e+00	3.136580e+00	3.029421e-01	-7.868103e-01	-9.997721e-02	1.012552e+01
9.325227e+01	1.282565e-01	-9.489357e-01	1.306748e+01	2.367031e+00	3.105843e+00	2.859470e-01	-7.795429e-01	-1.159224e-01	1.014593e+01
6.810656e+01	1.324516e-01	-9.206368e-01	1.305152e+01	2.385106e+00	3.109805e+00	3.109266e-01	-7.512924e-01	-8.602036e-02	1.011308e+01
7.376092e+01	1.354557e-01	-9.124304e-01	1.303777e+01	2.396026e+00	3.116528e+00	3.155658e-01	-7.448579e-01	-6.502290e-02	1.009811e+01
7.079394e+01	1.277528e-01	-9.147556e-01	1.305027e+01	2.378919e+00	3.096380e+00	3.122108e-01	-7.534053e-01	-6.268767e-02	1.008704e+01
7.084708e+01	1.103426e-01	-9.347846e-01	1.307667e+01	2.352244e+00	3.065757e+00	2.956207e-01	-7.710045e-01	-6.866336e-02	1.010224e+01
6.978531e+01	1.086903e-01	-9.340523e-01	1.307089e+01	2.355489e+00	3.062805e+00	2.969122e-01	-7.804947e-01	-7.967632e-02	1.009728e+01
6.576356e+01	9.703665e-02	-9.273615e-01	1.307711e+01	2.357199e+00	3.051612e+00	3.023507e-01	-7.832173e-01	-9.415334e-02	1.007744e+01
6.459929e+01	1.066377e-01	-9.184944e-01	1.305193e+01	2.383498e+00	3.068009e+00	3.093906e-01	-7.862774e-01	-1.037357e-01	1.006639e+01
6.509163e+01	1.152003e-01	-9.270915e-01	1.303640e+01	2.390604e+00	3.070138e+00	2.985777e-01	-7.852101e-01	-1.225570e-01	1.007326e+01
6.372782e+01	1.199933e-01	-9.215652e-01	1.301960e+01	2.407237e+00	3.079269e+00	3.050414e-01	-7.876931e-01	-1.289331e-01	1.006335e+01
6.393865e+01	1.180980e-01	-9.244105e-01	1.301441e+01	2.415944e+00	3.074891e+00	3.029247e-01	-7.890997e-01	-1.364154e-01	1.005892e+01
6.413696e+01	1.158361e-01	-9.269112e-01	1.301212e+01	2.414102e+00	3.070144e+00	3.026352e-01	-7.910422e-01	-1.423266e-01	1.005420e+01
6.749300e+01	1.057978e-01	-9.342522e-01	1.303519e+01	2.379464e+00	3.042591e+00	2.986685e-01	-7.924860e-01	-1.426403e-01	1.004499e+01
7.348663e+01	1.052631e-01	-9.352081e-01	1.302670e+01	2.385667e+00	3.043301e+00	3.007684e-01	-8.080345e-01	-1.691253e-01	1.004484e+01
6.892955e+01	1.002521e-01	-9.307819e-01	1.302172e+01	2.399529e+00	3.041294e+00	3.036245e-01	-8.070024e-01	-1.964629e-01	1.003462e+01
6.565971e+01	1.048837e-01	-9.193378e-01	1.300575e+01	2.413636e+00	3.047190e+00	3.099893e-01	-7.850531e-01	-1.951239e-01	1.001144e+01
7.896399e+01	1.114423e-01	-9.097564e-01	1.296863e+01	2.453191e+00	3.079903e+00	3.177235e-01	-7.778645e-01	-1.872503e-01	1.000412e+01
7.588295e+01	9.339860e-02	-9.440401e-01	1.300577e+01	2.390197e+00	3.027619e+00	2.856293e-01	-7.814344e-01	-1.821994e-01	1.001551e+01
7.567424e+01	8.389120e-02	-9.450236e-01	1.302304e+01	2.361173e+00	2.994971e+00	2.926116e-01	-7.872166e-01	-1.745364e-01	1.001319e+01
6.764791e+01	8.328203e-02	-9.383257e-01	1.301621e+01	2.359908e+00	2.987854e+00	3.027220e-01	-7.913957e-01	-1.669447e-01	1.000461e+01
6.516833e+01	9.075070e-02	-9.288981e-01	1.299034e+01	2.383105e+00	3.003962e+00	3.166266e-01	-7.968245e-01	-1.550033e-01	1.000849e+01
1.080707e+02	9.119786e-02	-9.380202e-01	1.298826e+01	2.376644e+00	2.994525e+00	3.150187e-01	-8.385049e-01	-2.001816e-01	1.003652e+01
1.748704e+02	8.687722e-02	-9.440367e-01	1.298979e+01	2.369839e+00	2.983225e+00	3.112755e-01	-8.537162e-01	-2.458794e-01	1.005244e+01
9.278083e+01	9.747116e-02	-8.994998e-01	1.297680e+01	2.378172e+00	2.973867e+00	3.117095e-01	-7.325200e-01	-3.160091e-01	9.957043e+00
9.681219e+01	1.055210e-01	-8.999919e-01	1.297232e+01	2.362203e+00	2.959757e+00	2.898408e-01	-6.872572e-01	-3.440127e-01	9.914020e+00
9.231816e+01	9.241521e-02	-9.140248e-01	1.299041e+01	2.337769e+00	2.934738e+00	2.788370e-01	-6.907833e-01	-3.019992e-01	9.903523e+00
1.002630e+02	7.184313e-02	-9.358652e-01	1.301372e+01	2.311548e+00	2.909471e+00	2.680656e-01	-7.098669e-01	-2.362533e-01	9.913220e+00
7.502670e+01	7.011317e-02	-9.232769e-01	1.299339e+01	2.334943e+00	2.926432e+00	3.017659e-01	-7.366109e-01	-1.461878e-01	9.911260e+00
7.367681e+01	7.660159e-02	-9.226938e-01	1.296623e+01	2.358281e+00	2.945347e+00	3.113827e-01	-7.563136e-01	-7.410751e-02	9.914854e+00
7.070108e+01	7.511631e-02	-9.287498e-01	1.294942e+01	2.373044e+00	2.960717e+00	3.163593e-01	-7.806732e-01	-3.400349e-02	9.939185e+00
6.899901e+01	6.105780e-02	-9.415199e-01	1.295667e+01	2.363956e+00	2.952041e+00	3.103738e-01	-7.928678e-01	-8.832817e-03	9.973083e+00
6.850625e+01	6.224021e-02	-9.417388e-01	1.294344e+01	2.371448e+00	2.959209e+00	3.131124e-01	-7.972210e-01	2.145453e-03	9.993235e+00
6.800831e+01	6.274452e-02	-9.386238e-01	1.293030e+01	2.377896e+00	2.970261e+00	3.199584e-01	-7.965103e-01	5.329078e-03	1.001682e+01
6.750891e+01	6.619521e-02	-9.388706e-01	1.291908e+01	2.383509e+00	2.970652e+00	3.141794e-01	-7.949084e-01	-1.662981e-03	1.002828e+01
7.048153e+01	7.628684e-02	-9.473472e-01	1.290406e+01	2.381879e+00	2.972927e+00	2.999253e-01	-7.937440e-01	-9.886142e-03	1.004196e+01
6.632740e+01	7.813402e-02	-9.345471e-01	1.289151e+01	2.397359e+00	2.973903e+00	3.110604e-01	-7.891670e-01	-2.658653e-02	1.004045e+01
6.590345e+01	7.278789e-02	-9.314210e-01	1.289863e+01	2.391823e+00	2.951625e+00	3.074071e-01	-7.840759e-01	-5.024276e-02	1.003340e+01
6.570654e+01	6.645930e-02	-9.271999e-01	1.290318e+01	2.390606e+00	2.938075e+00	3.106335e-01	-7.838321e-01	-6.959708e-02	1.003522e+01
6.422962e+01	6.622330e-02	-9.271703e-01	1.289825e+01	2.389109e+00	2.936196e+00	3.090960e-01	-7.826805e-01	-9.767314e-02	1.003763e+01
6.547049e+01	5.228045e-02	-9.338482e-01	1.292030e+01	2.367918e+00	2.905170e+00	3.014675e-01	-7.846112e-01	-1.148346e-01	1.004468e+01
6.668264e+01	3.586269e-02	-9.331063e-01	1.294420e+01	2.352115e+00	2.869714e+00	3.014345e-01	-7.869558e-01	-1.333595e-01	1.004638e+01
6.644314e+01	3.473940e-02	-9.284387e-01	1.293889e+01	2.355098e+00	2.865619e+00	3.045339e-01	-7.923170e-01	-1.947051e-01	1.007447e+01
6.606267e+01	2.686262e-02	-9.220976e-01	1.294215e+01	2.357492e+00	2.854325e+00	3.066549e-01	-7.924606e-01	-2.455024e-01	1.008474e+01
6.526742e+01	3.544220e-02	-9.184496e-01	1.292467e+01	2.369410e+00	2.862915e+00	3.073560e-01	-7.897844e-01	-2.603236e-01	1.009371e+01
6.859227e+01	5.854347e-02	-9.098835e-01	1.287719e+01	2.402722e+00	2.901428e+00	3.138905e-01	-7.910052e-01	-2.650098e-01	1.009947e+01
8.711268e+01	4.598715e-02	-9.347936e-01	1.289300e+01	2.372051e+00	2.874035e+00	2.913790e-01	-7.993234e-01	-2.541496e-01	1.012643e+01
9.151308e+01	5.428921e-02	-9.359220e-01	1.287015e+01	2.387483e+00	2.888297e+00	2.934205e-01	-8.030686e-01	-2.402522e-01	1.013182e+01
6.988914e+01	4.732933e-02	-9.117244e-01	1.287486e+01	2.385648e+00	2.873656e+00	3.058143e-01	-7.544188e-01	-2.013244e-01	1.006694e+01
7.224907e+01	3.529340e-02	-9.114406e-01	1.289109e+01	2.358893e+00	2.851774e+00	2.970035e-01	-7.366280e-01	-1.588079e-01	1.002034e+01
7.093246e+01	2.085959e-02	-9.177972e-01	1.290952e+01	2.337172e+00	2.825366e+00	2.954487e-01	-7.459746e-01	-1.237652e-01	1.000337e+01
7.179486e+01	-1.382287e-04	-9.253725e-01	1.293936e+01	2.305600e+00	2.786219e+00	2.949246e-01	-7.602290e-01	-9.656910e-02	9.991613e+00
6.929283e+01	2.868512e-03	-9.258368e-01	1.293021e+01	2.310928e+00	2.789004e+00	3.016640e-01	-7.749872e-01	-7.523798e-02	9.991266e+00
6.807077e+01	1.085019e-02	-9.248161e-01	1.291589e+01	2.321136e+00	2.794038e+00	3.058944e-01	-7.841816e-01	-6.291248e-02	9.990300e+00
6.591032e+01	2.510862e-02	-9.274637e-01	1.289075e+01	2.338634e+00	2.812596e+00	3.057503e-01	-7.924580e-01	-5.874802e-02	1.000009e+01
6.595124e+01	4.703407e-02	-9.241140e-01	1.284627e+01	2.376870e+00	2.842647e+00	3.099613e-01	-7.950887e-01	-6.065036e-02	1.001229e+01
6.796170e+01	5.179998e-02	-9.381278e-01	1.284295e+01	2.366917e+00	2.838858e+00	2.955685e-01	-7.964960e-01	-6.984211e-02	1.002650e+01
6.621177e+01	7.587060e-02	-9.351709e-01	1.281029e+01	2.382476e+00	2.857256e+00	3.061787e-01	-8.086767e-01	-8.325196e-02	1.002155e+01
7.194301e+01	6.257719e-02	-9.422090e-01	1.282057e+01	2.374650e+00	2.842630e+00	3.026357e-01	-8.110320e-01	-9.774097e-02	1.002697e+01
6.461911e+01	5.080436e-02	-9.284888e-01	1.282373e+01	2.382151e+00	2.827889e+00	3.136273e-01	-7.994987e-01	-9.189815e-02	1.000348e+01
6.448901e+01	3.239781e-02	-9.360135e-01	1.284213e+01	2.366897e+00	2.803048e+00	3.044365e-01	-7.895578e-01	-9.686975e-02	1.000541e+01
6.780634e+01	-4.509477e-03	-9.402750e-01	1.287538e+01	2.346225e+00	2.771119e+00	3.018575e-01	-7.853031e-01	-9.601431e-02	1.000274e+01
6.517497e+01	-6.872202e-03	-9.312048e-01	1.287231e+01	2.353592e+00	2.766543e+00	3.099342e-01	-7.815967e-01	-1.074113e-01	9.998635e+00
6.649760e+01	-3.592771e-03	-9.233224e-01	1.284511e+01	2.390525e+00	2.786081e+00	3.134394e-01	-7.815909e-01	-1.199900e-01	1.000603e+01
6.453530e+01	-2.610802e-03	-9.327669e-01	1.285170e+01	2.372711e+00	2.767985e+00	3.023632e-01	-7.841300e-01	-1.321850e-01	1.001521e+01
6.431039e+01	-6.877817e-03	-9.328464e-01	1.284985e+01	2.376927e+00	2.764555e+00	3.057786e-01	-7.861092e-01	-1.372115e-01	1.002530e+01
6.517566e+01	3.570477e-03	-9.342603e-01	1.284501e+01	2.368889e+00	2.756643e+00	3.025246e-01	-7.882487e-01	-1.476048e-01	1.002890e+01
7.168033e+01	1.891404e-02	-9.253503e-01	1.281108e+01	2.396977e+00	2.779427e+00	3.079108e-01	-8.186988e-01	-1.951955e-01	1.005246e+01
1.065622e+02	2.445137e-02	-9.336292e-01	1.281469e+01	2.375070e+00	2.764035e+00	2.976161e-01	-8.301160e-01	-2.401292e-01	1.007986e+01
1.032244e+02	1.570437e-02	-9.310989e-01	1.283147e+01	2.354490e+00	2.733641e+00	3.022046e-01	-8.279595e-01	-2.821583e-01	1.009273e+01
7.959789e+01	2.706528e-02	-9.009734e-01	1.282143e+01	2.356552e+00	2.730387e+00	3.060778e-01	-7.601820e-01	-3.119226e-01	1.001854e+01
8.214769e+01	1.625006e-02	-9.181173e-01	1.284568e+01	2.317998e+00	2.691159e+00	2.787371e-01	-7.381577e-01	-3.087468e-01	1.000231e+01
7.442556e+01	1.520871e-02	-9.126431e-01	1.283654e+01	2.321904e+00	2.693270e+00	2.947323e-01	-7.446891e-01	-2.526351e-01	9.984223e+00
6.739165e+01	2.945268e-02	-9.202997e-01	1.281105e+01	2.333346e+00	2.711863e+00	2.993707e-01	-7.681883e-01	-1.758490e-01	9.994456e+00
6.434217e+01	1.912699e-02	-9.275011e-01	1.280840e+01	2.334658e+00	2.713542e+00	3.036820e-01	-7.836304e-01	-1.110922e-01	1.000150e+01
6.462655e+01	1.522967e-02	-9.303921e-01	1.280267e+01	2.332778e+00	2.710985e+00	3.045358e-01	-7.935439e-01	-6.783942e-02	9.995847e+00
6.523712e+01	7.647012e-03	-9.344387e-01	1.279676e+01	2.337326e+00	2.713575e+00	3.065089e-01	-7.978117e-01	-3.552148e-02	1.000648e+01
6.787227e+01	-1.176386e-02	-9.273641e-01	1.279492e+01	2.355153e+00	2.715312e+00	3.151260e-01	-7.985602e-01	-1.717955e-02	1.000085e+01
6.657564e+01	-1.425951e-02	-9.361126e-01	1.279657e+01	2.344907e+00	2.706001e+00	3.066643e-01	-7.972737e-01	-1.301998e-02	1.001632e+01
6.735789e+01	-3.164073e-03	-9.385624e-01	1.278368e+01	2.342674e+00	2.702303e+00	3.012004e-01	-7.929411e-01	-1.789095e-02	1.002780e+01
6.651803e+01	8.303877e-04	-9.301569e-01	1.277235e+01	2.349399e+00	2.704656e+00	3.111961e-01	-7.899324e-01	-2.674320e-02	1.002978e+01
7.098653e+01	8.188861e-03	-9.214950e-01	1.275170e+01	2.371414e+00	2.712325e+00	3.210836e-01	-7.885380e-01	-3.506185e-02	1.003889e+01
6.743047e+01	-4.342378e-03	-9.389074e-01	1.277599e+01	2.331654e+00	2.675042e+00	3.003272e-01	-7.889620e-01	-5.910117e-02	1.005132e+01
8.629555e+01	-2.457547e-02	-9.498792e-01	1.280223e+01	2.299826e+00	2.636994e+00	2.893599e-01	-7.911545e-01	-7.759274e-02	1.007805e+01
6.348067e+01	-1.330556e-02	-9.274494e-01	1.277832e+01	2.315785e+00	2.646229e+00	3.124144e-01	-7.830381e-01	-1.007336e-01	1.007788e+01
7.171631e+01	-9.452981e-03	-9.107064e-01	1.276421e+01	2.328667e+00	2.641930e+00	3.248360e-01	-7.803500e-01	-1.239956e-01	1.008704e+01
6.402182e+01	-5.937331e-03	-9.259276e-01	1.275985e+01	2.316972e+00	2.633336e+00	3.036123e-01	-7.814245e-01	-1.434276e-01	1.011261e+01
8.689756e+01	1.432281e-02	-9.381878e-01	1.274378e+01	2.302443e+00	2.632506e+00	2.935130e-01	-7.985031e-01	-1.977721e-01	1.012669e+01
8.583297e+01	1.282078e-02	-9.327201e-01	1.273094e+01	2.313645e+00	2.639419e+00	3.048745e-01	-8.078465e-01	-2.339850e-01	1.012427e+01
7.719086e+01	-3.825686e-03	-9.270972e-01	1.273882e+01	2.311218e+00	2.622436e+00	3.121035e-01	-8.083205e-01	-2.596556e-01	1.011206e+01
8.318845e+01	-4.002505e-03	-9.014027e-01	1.272174e+01	2.329823e+00	2.629508e+00	3.223207e-01	-7.641837e-01	-2.533288e-01	1.004448e+01
7.921003e+01	-1.191695e-02	-9.036042e-01	1.271795e+01	2.329727e+00	2.627432e+00	3.104098e-01	-7.475857e-01	-2.382103e-01	1.001040e+01
8.510058e+01	-4.051702e-02	-9.404104e-01	1.275538e+01	2.283734e+00	2.583114e+00	2.744823e-01	-7.580236e-01	-2.031624e-01	1.001508e+01
8.683501e+01	-6.686023e-02	-9.464854e-01	1.277760e+01	2.266326e+00	2.557149e+00	2.809969e-01	-7.704566e-01	-1.655696e-01	1.002988e+01
6.389470e+01	-5.360963e-02	-9.265124e-01	1.273768e+01	2.303249e+00	2.592406e+00	3.117121e-01	-7.814951e-01	-1.264704e-01	1.003150e+01
7.089554e+01	-3.930741e-02	-9.182441e-01	1.268829e+01	2.355346e+00	2.640448e+00	3.245201e-01	-7.923499e-01	-8.761542e-02	1.004545e+01
6.377133e+01	-3.985147e-02	-9.265914e-01	1.269308e+01	2.330548e+00	2.621015e+00	3.148182e-01	-7.929836e-01	-7.578316e-02	1.005312e+01
6.333525e+01	-2.228047e-02	-9.306016e-01	1.267481e+01	2.321455e+00	2.625055e+00	3.092899e-01	-7.925823e-01	-7.037450e-02	1.005824e+01
6.949884e+01	-3.371661e-02	-9.393463e-01	1.269844e+01	2.288330e+00	2.588901e+00	2.985050e-01	-7.896245e-01	-7.352013e-02	1.006419e+01
6.691298e+01	-5.548894e-02	-9.333829e-01	1.271944e+01	2.276013e+00	2.560214e+00	3.019807e-01	-7.830601e-01	-7.954906e-02	1.008716e+01
6.340377e+01	-4.725648e-02	-9.218416e-01	1.270639e+01	2.281231e+00	2.560106e+00	3.118482e-01	-7.820615e-01	-8.691792e-02	1.010296e+01
6.586125e+01	-5.256146e-02	-9.139396e-01	1.270558e+01	2.285381e+00	2.548445e+00	3.188620e-01	-7.835391e-01	-9.226228e-02	1.011452e+01
6.557794e+01	-4.447789e-02	-9.255513e-01	1.269913e+01	2.275655e+00	2.540845e+00	3.004314e-01	-7.849580e-01	-1.050766e-01	1.013526e+01
8.692363e+01	-1.943826e-02	-9.297635e-01	1.266534e+01	2.284515e+00	2.563687e+00	2.928076e-01	-8.025005e-01	-1.761642e-01	1.017029e+01
7.970967e+01	-1.791949e-02	-9.192938e-01	1.264963e+01	2.295596e+00	2.569291e+00	3.048008e-01	-8.048546e-01	-2.293767e-01	1.017950e+01
7.404312e+01	-3.160815e-02	-8.975827e-01	1.265441e+01	2.299649e+00	2.551008e+00	3.081446e-01	-7.528773e-01	-2.279921e-01	1.011636e+01
7.578606e+01	-4.869897e-02	-8.969675e-01	1.267023e+01	2.280082e+00	2.524559e+00	3.017717e-01	-7.351718e-01	-2.209259e-01	1.008168e+01
7.088837e+01	-5.992992e-02	-9.128428e-01	1.267790e+01	2.264333e+00	2.502250e+00	2.867423e-01	-7.416843e-01	-1.798405e-01	1.006981e+01
7.381895e+01	-7.786425e-02	-9.260750e-01	1.269139e+01	2.247272e+00	2.483308e+00	2.818076e-01	-7.572015e-01	-1.441366e-01	1.006483e+01
6.723007e+01	-9.549941e-02	-9.206503e-01	1.270063e+01	2.243954e+00	2.468949e+00	3.002287e-01	-7.713255e-01	-1.071410e-01	1.005100e+01
6.632817e+01	-8.279763e-02	-9.168328e-01	1.266574e+01	2.270144e+00	2.498209e+00	3.096692e-01	-7.847028e-01	-7.905281e-02	1.004678e+01
6.745769e+01	-7.049300e-02	-9.160364e-01	1.264209e+01	2.285489e+00	2.510054e+00	3.130342e-01	-7.910200e-01	-6.600700e-02	1.004122e+01
6.658201e+01	-6.280530e-02	-9.330468e-01	1.262549e+01	2.284747e+00	2.518869e+00	2.959363e-01	-7.963725e-01	-5.973476e-02	1.005415e+01
6.803284e+01	-3.534372e-02	-9.365907e-01	1.257986e+01	2.309861e+00	2.563033e+00	2.933333e-01	-7.931235e-01	-5.675196e-02	1.007035e+01
6.674112e+01	-3.644411e-02	-9.348574e-01	1.256838e+01	2.320042e+00	2.565485e+00	3.055788e-01	-8.100306e-01	-6.289211e-02	1.006270e+01
6.743216e+01	-3.122951e-02	-9.257524e-01	1.256234e+01	2.326010e+00	2.546969e+00	3.185332e-01	-8.110557e-01	-7.936949e-02	1.005629e+01
1.458022e+02	-6.090483e-02	-9.509095e-01	1.259392e+01	2.299914e+00	2.507170e+00	3.041544e-01	-8.419473e-01	-9.366124e-02	1.009059e+01
1.779648e+02	-7.307794e-02	-9.507969e-01	1.260403e+01	2.299821e+00	2.477544e+00	3.043033e-01	-8.444010e-01	-1.261988e-01	1.010337e+01
1.334430e+02	-7.003796e-02	-8.810645e-01	1.259751e+01	2.321598e+00	2.461731e+00	3.315780e-01	-7.045582e-01	-1.675948e-02	9.981552e+00
8.886572e+01	-1.028536e-01	-8.920111e-01	1.266492e+01	2.256427e+00	2.364369e+00	2.883500e-01	-6.502576e-01	5.432602e-02	9.908899e+00
9.738475e+01	-1.203901e-01	-9.145016e-01	1.269722e+01	2.213316e+00	2.315888e+00	2.619910e-01	-6.387548e-01	1.068094e-01	9.883704e+00
9.429337e+01	-1.172842e-01	-9.198564e-01	1.268621e+01	2.213543e+00	2.314189e+00	2.712647e-01	-6.488820e-01	1.513214e-01	9.876317e+00
8.573480e+01	-9.406017e-02	-9.095567e-01	1.265003e+01	2.234056e+00	2.341478e+00	2.930927e-01	-6.677560e-01	1.798281e-01	9.859835e+00
8.347861e+01	-6.899002e-02	-9.160499e-01	1.261006e+01	2.249852e+00	2.381020e+00	2.934639e-01	-6.896272e-01	1.946650e-01	9.863359e+00
8.262973e+01	-4.926072e-02	-9.208529e-01	1.257519e+01	2.270480e+00	2.410238e+00	2.984455e-01	-7.088768e-01	2.018833e-01	9.870956e+00
8.938338e+01	-5.536091e-02	-9.158668e-01	1.254156e+01	2.308807e+00	2.448484e+00	3.133667e-01	-7.252472e-01	2.044002e-01	9.867889e+00
9.119653e+01	-6.228124e-02	-9.497512e-01	1.255486e+01	2.276737e+00	2.427046e+00	2.838666e-01	-7.378850e-01	1.986593e-01	9.896320e+00
9.603764e+01	-6.806874e-02	-9.590965e-01	1.255481e+01	2.265948e+00	2.424158e+00	2.850860e-01	-7.463050e-01	1.887262e-01	9.913481e+00
7.551517e+01	-5.384048e-02	-9.428292e-01	1.252014e+01	2.297691e+00	2.454381e+00	3.127328e-01	-7.652718e-01	1.399167e-01	9.926098e+00
9.619488e+01	-1.627474e-02	-9.221212e-01	1.246997e+01	2.337145e+00	2.492630e+00	3.357112e-01	-7.781857e-01	8.128367e-02	9.929465e+00
7.621229e+01	-7.969862e-02	-9.564756e-01	1.254303e+01	2.263275e+00	2.406515e+00	3.011687e-01	-7.893326e-01	2.258331e-02	9.965162e+00
6.932337e+01	-9.635038e-02	-9.509609e-01	1.256395e+01	2.238842e+00	2.369156e+00	3.107283e-01	-7.909111e-01	-3.155241e-02	9.980959e+00
6.700598e+01	-1.187312e-01	-9.449661e-01	1.258150e+01	2.224636e+00	2.341235e+00	3.165226e-01	-7.905929e-01	-7.342236e-02	9.992838e+00
6.641220e+01	-1.321468e-01	-9.396799e-01	1.259287e+01	2.212964e+00	2.323016e+00	3.178107e-01	-7.865899e-01	-1.098187e-01	1.000579e+01
6.527851e+01	-1.178489e-01	-9.274853e-01	1.256510e+01	2.231768e+00	2.338076e+00	3.241619e-01	-7.859535e-01	-1.389875e-01	1.000779e+01
7.253465e+01	-7.041091e-02	-9.163437e-01	1.250783e+01	2.267659e+00	2.381808e+00	3.286201e-01	-7.886003e-01	-1.571243e-01	1.001315e+01
7.595081e+01	-8.839960e-02	-9.443620e-01	1.252657e+01	2.234879e+00	2.349265e+00	2.932215e-01	-7.894606e-01	-1.774683e-01	1.003997e+01
8.678730e+01	-1.139227e-01	-9.494978e-01	1.254468e+01	2.217227e+00	2.319873e+00	2.896307e-01	-7.893583e-01	-1.916379e-01	1.004620e+01
6.644650e+01	-9.822874e-02	-9.218311e-01	1.251059e+01	2.250516e+00	2.347410e+00	3.128801e-01	-7.661153e-01	-1.754863e-01	1.001444e+01
7.404759e+01	-8.921701e-02	-9.122067e-01	1.248851e+01	2.260152e+00	2.365263e+00	3.169913e-01	-7.597399e-01	-1.651138e-01	9.996883e+00
6.607590e+01	-9.466750e-02	-9.260300e-01	1.248743e+01	2.256371e+00	2.355904e+00	3.008825e-01	-7.650743e-01	-1.456884e-01	1.000391e+01
6.581982e+01	-1.088133e-01	-9.346149e-01	1.248938e+01	2.253037e+00	2.345608e+00	2.972856e-01	-7.702886e-01	-1.295661e-01	1.000923e+01
6.390156e+01	-1.099450e-01	-9.341882e-01	1.247933e+01	2.260601e+00	2.345618e+00	3.014260e-01	-7.788770e-01	-1.149631e-01	1.001385e+01
7.499526e+01	-1.018076e-01	-9.159278e-01	1.244791e+01	2.289449e+00	2.374554e+00	3.239538e-01	-7.846660e-01	-1.020724e-01	1.000022e+01
6.895745e+01	-1.254151e-01	-9.414251e-01	1.247514e+01	2.254323e+00	2.325642e+00	2.970631e-01	-7.890872e-01	-1.004688e-01	1.003019e+01
7.411526e+01	-1.492315e-01	-9.455667e-01	1.249694e+01	2.234439e+00	2.285273e+00	2.979255e-01	-7.918629e-01	-9.989926e-02	1.004499e+01
6.788224e+01	-1.392009e-01	-9.381173e-01	1.247617e+01	2.245989e+00	2.287857e+00	3.086743e-01	-7.998493e-01	-1.249838e-01	1.005728e+01
6.465878e+01	-1.053612e-01	-9.245540e-01	1.244048e+01	2.261910e+00	2.301288e+00	3.201328e-01	-8.022491e-01	-1.397375e-01	1.005691e+01
6.609362e+01	-1.075227e-01	-9.332032e-01	1.243846e+01	2.253383e+00	2.284029e+00	3.040402e-01	-7.970178e-01	-1.583215e-01	1.006634e+01
6.634189e+01	-1.363679e-01	-9.348081e-01	1.245009e+01	2.247515e+00	2.261455e+00	2.974045e-01	-7.836658e-01	-1.672337e-01	1.005826e+01
6.282353e+01	-1.255480e-01	-9.210875e-01	1.242862e+01	2.260805e+00	2.266636e+00	3.102005e-01	-7.798478e-01	-1.700220e-01	1.004437e+01
6.502471e+01	-1.219064e-01	-9.173812e-01	1.241596e+01	2.265948e+00	2.261270e+00	3.156977e-01	-7.804823e-01	-1.692908e-01	1.004826e+01
6.558955e+01	-1.282894e-01	-9.328668e-01	1.242326e+01	2.244693e+00	2.236277e+00	2.953639e-01	-7.845128e-01	-1.669521e-01	1.005390e+01
7.246872e+01	-1.232675e-01	-9.357779e-01	1.240741e+01	2.252520e+00	2.237672e+00	2.954848e-01	-8.034860e-01	-1.811821e-01	1.005276e+01
7.004418e+01	-1.217711e-01	-9.323595e-01	1.239923e+01	2.253528e+00	2.235872e+00	3.040820e-01	-8.098444e-01	-1.920923e-01	1.004943e+01
7.918506e+01	-1.020718e-01	-9.084987e-01	1.235577e+01	2.291924e+00	2.280219e+00	3.187533e-01	-7.783464e-01	-1.740075e-01	1.000079e+01
6.683768e+01	-1.388540e-01	-9.204049e-01	1.240970e+01	2.231054e+00	2.201382e+00	3.061109e-01	-7.672685e-01	-1.581283e-01	9.985073e+00
8.835501e+01	-1.840325e-01	-9.457261e-01	1.248914e+01	2.146280e+00	2.092396e+00	2.820395e-01	-7.681926e-01	-1.447285e-01	9.989415e+00
7.905547e+01	-1.868397e-01	-9.402120e-01	1.249367e+01	2.128906e+00	2.068410e+00	2.929320e-01	-7.727045e-01	-1.249580e-01	9.999256e+00
7.447467e+01	-1.569834e-01	-9.135372e-01	1.246205e+01	2.148375e+00	2.089149e+00	3.262447e-01	-7.800620e-01	-1.036763e-01	9.991005e+00
7.739569e+01	-1.328963e-01	-9.101371e-01	1.243744e+01	2.152692e+00	2.101834e+00	3.300064e-01	-7.843842e-01	-9.356869e-02	1.000175e+01
6.413179e+01	-1.108778e-01	-9.233865e-01	1.241540e+01	2.144623e+00	2.117797e+00	3.166052e-01	-7.916407e-01	-9.192917e-02	1.002441e+01
7.147359e+01	-1.027676e-01	-9.398770e-01	1.240605e+01	2.136142e+00	2.117058e+00	2.999125e-01	-7.951742e-01	-9.857646e-02	1.005453e+01
7.334776e+01	-1.022770e-01	-9.411433e-01	1.239898e+01	2.136010e+00	2.111099e+00	2.974252e-01	-7.911237e-01	-1.084885e-01	1.006330e+01
6.355513e+01	-8.541003e-02	-9.259626e-01	1.235152e+01	2.174404e+00	2.153326e+00	3.177577e-01	-7.997235e-01	-1.311529e-01	1.007120e+01
7.568595e+01	-8.804523e-02	-9.226362e-01	1.232614e+01	2.193387e+00	2.179774e+00	3.246926e-01	-8.182600e-01	-1.868184e-01	1.010120e+01
1.258062e+02	-1.136049e-01	-9.376487e-01	1.232343e+01	2.197424e+00	2.176458e+00	3.049606e-01	-8.258106e-01	-2.300679e-01	1.013159e+01
7.015776e+01	-1.224823e-01	-9.146294e-01	1.231304e+01	2.202140e+00	2.177063e+00	2.936164e-01	-7.413306e-01	-2.434219e-01	1.006408e+01
8.349399e+01	-1.530798e-01	-8.967115e-01	1.231087e+01	2.217493e+00	2.169870e+00	3.017826e-01	-7.145255e-01	-2.232832e-01	1.000985e+01
8.622127e+01	-1.812283e-01	-9.231418e-01	1.234695e+01	2.173188e+00	2.119027e+00	2.694536e-01	-7.122470e-01	-2.017854e-01	1.000000e+01
8.327131e+01	-2.081549e-01	-9.317597e-01	1.235086e+01	2.173584e+00	2.111867e+00	2.741083e-01	-7.348637e-01	-1.457574e-01	9.997277e+00
