# loss | a0 ... a8
1.846694e+02	-9.925000e-01	-8.789286e-01	1.386812e+01	2.071696e+00	2.516714e+00	2.459857e-01	-8.540143e-01	4.702232e-01	9.234732e+00
1.079441e+03	-7.587993e-01	-7.667869e-01	1.363182e+01	2.287034e+00	2.717910e+00	3.957579e-01	-7.014996e-01	2.894841e-01	9.426073e+00
1.932163e+02	-7.298595e-01	-9.349043e-01	1.375512e+01	2.114145e+00	2.634479e+00	2.394387e-01	-8.462430e-01	1.169342e-01	9.627571e+00
1.378556e+03	-5.949178e-01	-1.018475e+00	1.370862e+01	2.062312e+00	2.677336e+00	1.899162e-01	-9.426501e-01	-4.167667e-02	9.772838e+00
2.745556e+02	-4.049564e-01	-9.814011e-01	1.359412e+01	2.077656e+00	2.746956e+00	2.182076e-01	-7.883151e-01	-1.691238e-01	9.693308e+00
1.658842e+02	-2.067793e-01	-9.486640e-01	1.342596e+01	2.159317e+00	2.870030e+00	2.592279e-01	-7.216695e-01	-2.541034e-01	9.640576e+00
1.101689e+02	2.064999e-03	-9.195196e-01	1.322005e+01	2.288187e+00	3.020788e+00	3.003402e-01	-6.936216e-01	-3.134012e-01	9.601404e+00
1.218628e+02	1.874441e-01	-9.086664e-01	1.303160e+01	2.390615e+00	3.157327e+00	3.144862e-01	-6.904071e-01	-3.464670e-01	9.582500e+00
1.387228e+02	2.641036e-01	-9.081413e-01	1.293321e+01	2.450457e+00	3.233942e+00	3.146593e-01	-6.960271e-01	-3.682552e-01	9.572470e+00
1.058240e+02	2.372267e-01	-9.235158e-01	1.299905e+01	2.378180e+00	3.193139e+00	2.957347e-01	-7.070252e-01	-3.792724e-01	9.581072e+00
1.048885e+02	1.646409e-01	-9.355247e-01	1.307217e+01	2.323095e+00	3.155693e+00	2.860260e-01	-7.196274e-01	-3.781310e-01	9.590914e+00
1.095471e+02	1.017631e-01	-9.444466e-01	1.312487e+01	2.286323e+00	3.130595e+00	2.847577e-01	-7.325059e-01	-3.680192e-01	9.606177e+00
1.039040e+02	7.607954e-02	-9.483045e-01	1.311355e+01	2.300066e+00	3.155172e+00	2.885497e-01	-7.439318e-01	-3.523430e-01	9.618653e+00
9.314688e+01	6.089454e-02	-9.491626e-01	1.307541e+01	2.343296e+00	3.206759e+00	2.945469e-01	-7.541249e-01	-3.320372e-01	9.631510e+00
8.249191e+01	8.417869e-02	-9.488224e-01	1.301717e+01	2.393086e+00	3.265982e+00	3.026345e-01	-7.635305e-01	-3.091313e-01	9.648493e+00
7.681086e+01	9.989102e-02	-9.500269e-01	1.296835e+01	2.431880e+00	3.313912e+00	3.072745e-01	-7.728233e-01	-2.828652e-01	9.669393e+00
7.428699e+01	1.198000e-01	-9.523751e-01	1.292039e+01	2.467101e+00	3.358041e+00	3.084824e-01	-7.800819e-01	-2.582140e-01	9.692796e+00
7.201756e+01	9.492551e-02	-9.572490e-01	1.291463e+01	2.474274e+00	3.369290e+00	3.046879e-01	-7.867874e-01	-2.368606e-01	9.715280e+00
6.877583e+01	8.330578e-02	-9.601923e-01	1.291453e+01	2.470846e+00	3.365441e+00	3.051334e-01	-7.966016e-01	-2.162721e-01	9.738945e+00
7.094368e+01	3.466362e-02	-9.639610e-01	1.295675e+01	2.443539e+00	3.325802e+00	3.045888e-01	-8.045440e-01	-1.997616e-01	9.765981e+00
7.381127e+01	2.942582e-02	-9.664963e-01	1.296110e+01	2.439632e+00	3.314638e+00	3.079132e-01	-8.149516e-01	-1.860287e-01	9.788224e+00
7.463890e+01	2.717231e-02	-9.655094e-01	1.296985e+01	2.429305e+00	3.296979e+00	3.118617e-01	-8.177126e-01	-1.772752e-01	9.803309e+00
6.695270e+01	5.177598e-02	-9.577254e-01	1.295526e+01	2.441044e+00	3.290760e+00	3.151882e-01	-8.053294e-01	-1.660317e-01	9.795361e+00
6.765213e+01	8.361367e-02	-9.510960e-01	1.293147e+01	2.453313e+00	3.293303e+00	3.145869e-01	-7.948075e-01	-1.549822e-01	9.782110e+00
6.926524e+01	9.369267e-02	-9.485334e-01	1.293871e+01	2.443126e+00	3.263790e+00	3.122578e-01	-7.899685e-01	-1.464616e-01	9.776335e+00
6.882785e+01	8.168100e-02	-9.510978e-01	1.296102e+01	2.428535e+00	3.221679e+00	3.085855e-01	-7.894118e-01	-1.403254e-01	9.786414e+00
6.918288e+01	8.376972e-02	-9.540624e-01	1.297524e+01	2.407359e+00	3.186834e+00	3.047863e-01	-7.899766e-01	-1.365866e-01	9.800214e+00
7.037701e+01	8.997996e-02	-9.554514e-01	1.298297e+01	2.393855e+00	3.153470e+00	3.018485e-01	-7.915859e-01	-1.347633e-01	9.810718e+00
6.896027e+01	1.025922e-01	-9.559257e-01	1.297229e+01	2.394152e+00	3.141426e+00	3.049983e-01	-7.956141e-01	-1.371047e-01	9.826997e+00
6.808514e+01	1.229468e-01	-9.550000e-01	1.295929e+01	2.395471e+00	3.124452e+00	3.063168e-01	-7.974459e-01	-1.401236e-01	9.838175e+00
6.613715e+01	1.360471e-01	-9.524201e-01	1.293776e+01	2.410234e+00	3.126035e+00	3.108638e-01	-7.970582e-01	-1.406267e-01	9.848841e+00
6.583645e+01	1.559021e-01	-9.509125e-01	1.292125e+01	2.413095e+00	3.120834e+00	3.133001e-01	-7.960272e-01	-1.414885e-01	9.860201e+00
6.562190e+01	1.399003e-01	-9.502372e-01	1.292205e+01	2.415326e+00	3.106614e+00	3.121563e-01	-7.954456e-01	-1.418915e-01	9.868374e+00
6.584973e+01	8.189771e-02	-9.498942e-01	1.295130e+01	2.410970e+00	3.076688e+00	3.103301e-01	-7.944740e-01	-1.415318e-01	9.879424e+00
6.640286e+01	6.546848e-02	-9.496891e-01	1.295684e+01	2.407588e+00	3.057883e+00	3.089506e-01	-7.940278e-01	-1.420644e-01	9.891675e+00
6.944269e+01	6.376119e-02	-9.512941e-01	1.295645e+01	2.399249e+00	3.034070e+00	3.024225e-01	-7.935438e-01	-1.438945e-01	9.910214e+00
6.542644e+01	6.683006e-02	-9.463479e-01	1.294023e+01	2.411943e+00	3.030652e+00	3.081638e-01	-7.891646e-01	-1.392990e-01	9.918127e+00
6.518231e+01	4.792415e-02	-9.435844e-01	1.294520e+01	2.408506e+00	3.008671e+00	3.093577e-01	-7.866185e-01	-1.347712e-01	9.922322e+00
6.458282e+01	6.175322e-02	-9.414126e-01	1.292319e+01	2.421216e+00	3.009845e+00	3.109501e-01	-7.864395e-01	-1.321201e-01	9.929845e+00
6.432439e+01	7.766562e-02	-9.408161e-01	1.290325e+01	2.430020e+00	3.009851e+00	3.130431e-01	-7.900504e-01	-1.341225e-01	9.941944e+00
6.531486e+01	7.673622e-02	-9.439834e-01	1.290382e+01	2.418625e+00	2.989143e+00	3.068146e-01	-7.921112e-01	-1.374665e-01	9.954470e+00
6.773929e+01	9.587436e-02	-9.458761e-01	1.289061e+01	2.408292e+00	2.976101e+00	3.027149e-01	-7.980899e-01	-1.413207e-01	9.977784e+00
6.620291e+01	8.877321e-02	-9.425119e-01	1.289470e+01	2.400014e+00	2.949822e+00	3.023205e-01	-7.903853e-01	-1.322628e-01	9.977593e+00
6.556454e+01	8.345132e-02	-9.392366e-01	1.290245e+01	2.378809e+00	2.923104e+00	3.015106e-01	-7.822665e-01	-1.192395e-01	9.971854e+00
6.552788e+01	7.707785e-02	-9.357727e-01	1.289822e+01	2.380614e+00	2.904052e+00	3.041266e-01	-7.797373e-01	-1.092061e-01	9.969311e+00
6.599059e+01	1.026583e-01	-9.332752e-01	1.286964e+01	2.392169e+00	2.904310e+00	3.069129e-01	-7.807152e-01	-1.029964e-01	9.970584e+00
6.504679e+01	7.304944e-02	-9.370939e-01	1.288780e+01	2.375483e+00	2.875387e+00	3.015820e-01	-7.863909e-01	-1.173620e-01	9.989095e+00
6.521632e+01	6.686140e-02	-9.375480e-01	1.286117e+01	2.403181e+00	2.885705e+00	3.021108e-01	-7.906775e-01	-1.294767e-01	1.000666e+01
6.772919e+01	4.136707e-02	-9.413547e-01	1.287824e+01	2.384153e+00	2.855177e+00	3.004149e-01	-7.949096e-01	-1.317725e-01	1.001057e+01
7.007697e+01	1.890495e-02	-9.421325e-01	1.290250e+01	2.358354e+00	2.807424e+00	2.978433e-01	-7.907202e-01	-1.286284e-01	9.999639e+00
6.538285e+01	2.514521e-02	-9.381939e-01	1.288130e+01	2.369200e+00	2.807881e+00	3.049076e-01	-7.890062e-01	-1.262277e-01	9.986535e+00
6.458680e+01	1.960276e-02	-9.352630e-01	1.287291e+01	2.370103e+00	2.793877e+00	3.079819e-01	-7.856312e-01	-1.196672e-01	9.970725e+00
6.455664e+01	4.064767e-02	-9.337227e-01	1.283822e+01	2.386443e+00	2.805649e+00	3.091033e-01	-7.853997e-01	-1.163653e-01	9.961784e+00
6.404083e+01	6.598284e-02	-9.359456e-01	1.280311e+01	2.393331e+00	2.818405e+00	3.071083e-01	-7.910000e-01	-1.245280e-01	9.959314e+00
6.544281e+01	6.038907e-02	-9.404004e-01	1.279603e+01	2.386844e+00	2.808076e+00	3.026016e-01	-7.949669e-01	-1.327132e-01	9.968781e+00
6.737913e+01	5.680325e-02	-9.447917e-01	1.277008e+01	2.405830e+00	2.813871e+00	2.988019e-01	-7.992510e-01	-1.313563e-01	9.965371e+00
6.748777e+01	4.080755e-02	-9.462150e-01	1.277185e+01	2.394372e+00	2.791195e+00	3.015132e-01	-8.004468e-01	-1.315761e-01	9.962700e+00
6.690038e+01	2.954982e-02	-9.457961e-01	1.276878e+01	2.384351e+00	2.776341e+00	3.007542e-01	-7.936704e-01	-1.264253e-01	9.949830e+00
6.428842e+01	1.613024e-02	-9.415335e-01	1.276930e+01	2.380146e+00	2.753451e+00	3.071600e-01	-7.904544e-01	-1.239070e-01	9.932889e+00
6.607319e+01	2.667379e-02	-9.366691e-01	1.273224e+01	2.409563e+00	2.778405e+00	3.148445e-01	-7.891427e-01	-1.224004e-01	9.925360e+00
6.582197e+01	-7.255689e-03	-9.440721e-01	1.277225e+01	2.365983e+00	2.725136e+00	3.046368e-01	-7.960313e-01	-1.358435e-01	9.926315e+00
7.080606e+01	-1.198020e-02	-9.477993e-01	1.278550e+01	2.339006e+00	2.693024e+00	2.973550e-01	-7.949135e-01	-1.420242e-01	9.923547e+00
7.307248e+01	-1.735788e-02	-9.501674e-01	1.278601e+01	2.328860e+00	2.675904e+00	3.008042e-01	-8.040387e-01	-1.554666e-01	9.936235e+00
6.987606e+01	-2.187965e-02	-9.474434e-01	1.276996e+01	2.339644e+00	2.676105e+00	3.109517e-01	-8.085315e-01	-1.658077e-01	9.947043e+00
6.406326e+01	6.143974e-03	-9.374881e-01	1.274044e+01	2.354653e+00	2.680052e+00	3.162145e-01	-7.925181e-01	-1.629430e-01	9.924049e+00
6.603637e+01	2.762725e-02	-9.338108e-01	1.272591e+01	2.350056e+00	2.662363e+00	3.115268e-01	-7.852262e-01	-1.614398e-01	9.903237e+00
6.587811e+01	2.975914e-02	-9.357594e-01	1.271647e+01	2.344921e+00	2.653203e+00	3.061694e-01	-7.831262e-01	-1.602501e-01	9.900585e+00
6.551145e+01	1.335061e-02	-9.412211e-01	1.271940e+01	2.329992e+00	2.635216e+00	3.020501e-01	-7.890972e-01	-1.708708e-01	9.901260e+00
6.708714e+01	5.296753e-03	-9.453872e-01	1.270996e+01	2.326594e+00	2.630270e+00	3.009036e-01	-7.936753e-01	-1.778998e-01	9.908966e+00
7.087321e+01	6.378606e-03	-9.509841e-01	1.270412e+01	2.311020e+00	2.618606e+00	2.985079e-01	-7.999869e-01	-1.800313e-01	9.909455e+00
6.597510e+01	1.012540e-02	-9.486539e-01	1.267035e+01	2.333040e+00	2.634526e+00	3.080105e-01	-8.024216e-01	-1.815930e-01	9.906502e+00
6.536785e+01	2.700019e-02	-9.480349e-01	1.263710e+01	2.343987e+00	2.647321e+00	3.095788e-01	-8.024094e-01	-1.844166e-01	9.904958e+00
6.458682e+01	1.073756e-02	-9.440266e-01	1.261972e+01	2.358922e+00	2.647472e+00	3.133075e-01	-7.972547e-01	-1.860709e-01	9.896642e+00
6.449061e+01	9.873505e-03	-9.420624e-01	1.260988e+01	2.356006e+00	2.632031e+00	3.128936e-01	-7.943699e-01	-1.875495e-01	9.893436e+00
6.479396e+01	-3.958732e-02	-9.454827e-01	1.262997e+01	2.339563e+00	2.596132e+00	3.066251e-01	-7.922198e-01	-1.876042e-01	9.905208e+00
6.639847e+01	-6.922647e-02	-9.495984e-01	1.261984e+01	2.346905e+00	2.594913e+00	3.039591e-01	-7.918979e-01	-1.862832e-01	9.914400e+00
6.607589e+01	-9.515408e-02	-9.483521e-01	1.262657e+01	2.339203e+00	2.566970e+00	3.060486e-01	-7.849510e-01	-1.813208e-01	9.912081e+00
6.426847e+01	-8.083755e-02	-9.440264e-01	1.261155e+01	2.341525e+00	2.551141e+00	3.100968e-01	-7.800738e-01	-1.754263e-01	9.921034e+00
6.435300e+01	-8.797628e-02	-9.438151e-01	1.260648e+01	2.337586e+00	2.533193e+00	3.091612e-01	-7.793008e-01	-1.700156e-01	9.932351e+00
6.458666e+01	-1.002017e-01	-9.442610e-01	1.260281e+01	2.334599e+00	2.514130e+00	3.084082e-01	-7.808556e-01	-1.643411e-01	9.944921e+00
6.439289e+01	-8.532389e-02	-9.443586e-01	1.258692e+01	2.333434e+00	2.506133e+00	3.077355e-01	-7.825820e-01	-1.604880e-01	9.955841e+00
6.478147e+01	-7.733576e-02	-9.441048e-01	1.256903e+01	2.335631e+00	2.511309e+00	3.063272e-01	-7.852994e-01	-1.574239e-01	9.976236e+00
6.342896e+01	-5.380535e-02	-9.409464e-01	1.255086e+01	2.335186e+00	2.500648e+00	3.083648e-01	-7.815590e-01	-1.479050e-01	9.985343e+00
6.383424e+01	-1.360951e-02	-9.396532e-01	1.252570e+01	2.322798e+00	2.499127e+00	3.085461e-01	-7.786702e-01	-1.397891e-01	9.995940e+00
6.374016e+01	-3.197712e-02	-9.397988e-01	1.253762e+01	2.306006e+00	2.461699e+00	3.063898e-01	-7.788678e-01	-1.319594e-01	1.000090e+01
6.461669e+01	-6.032087e-02	-9.408932e-01	1.255099e+01	2.286325e+00	2.432312e+00	3.048580e-01	-7.801796e-01	-1.253222e-01	1.000589e+01
6.509489e+01	-7.878026e-02	-9.404713e-01	1.255825e+01	2.274836e+00	2.403366e+00	3.051868e-01	-7.821028e-01	-1.213252e-01	1.000973e+01
6.816339e+01	-8.222328e-02	-9.418535e-01	1.257065e+01	2.248452e+00	2.363081e+00	3.035594e-01	-7.837310e-01	-1.193795e-01	1.003178e+01
6.335075e+01	-7.390753e-02	-9.347395e-01	1.254955e+01	2.263354e+00	2.367373e+00	3.110311e-01	-7.787523e-01	-1.050315e-01	1.003031e+01
6.341892e+01	-5.869178e-02	-9.323015e-01	1.253137e+01	2.263931e+00	2.366604e+00	3.098685e-01	-7.782965e-01	-9.611177e-02	1.003172e+01
6.295576e+01	-6.058320e-02	-9.340929e-01	1.251458e+01	2.273156e+00	2.370720e+00	3.085483e-01	-7.849146e-01	-1.036691e-01	1.004062e+01
6.794930e+01	-6.707935e-02	-9.403895e-01	1.250546e+01	2.263340e+00	2.370869e+00	2.989159e-01	-7.892408e-01	-1.116946e-01	1.005686e+01
6.369604e+01	-7.210326e-02	-9.355374e-01	1.249029e+01	2.273154e+00	2.368451e+00	3.054969e-01	-7.845091e-01	-1.100621e-01	1.004994e+01
6.323232e+01	-5.348772e-02	-9.330195e-01	1.246806e+01	2.280652e+00	2.369360e+00	3.049375e-01	-7.821362e-01	-9.935312e-02	1.005840e+01
6.257014e+01	-8.283213e-02	-9.300197e-01	1.247105e+01	2.279016e+00	2.349776e+00	3.085293e-01	-7.816282e-01	-9.301241e-02	1.005961e+01
6.264961e+01	-1.113450e-01	-9.299198e-01	1.247989e+01	2.267798e+00	2.327194e+00	3.079308e-01	-7.821759e-01	-8.811038e-02	1.006182e+01
6.461203e+01	-1.369548e-01	-9.329857e-01	1.248895e+01	2.253100e+00	2.299313e+00	3.039955e-01	-7.862274e-01	-9.291412e-02	1.006925e+01
6.712892e+01	-1.601036e-01	-9.358866e-01	1.249696e+01	2.239083e+00	2.277952e+00	3.062782e-01	-7.879245e-01	-9.844348e-02	1.009385e+01
6.334754e+01	-1.409312e-01	-9.310805e-01	1.246821e+01	2.247784e+00	2.283491e+00	3.087172e-01	-7.786000e-01	-7.832745e-02	1.008795e+01
6.379009e+01	-1.179244e-01	-9.324965e-01	1.243049e+01	2.255571e+00	2.297083e+00	3.033274e-01	-7.766092e-01	-6.888021e-02	1.009119e+01
6.336937e+01	-9.375626e-02	-9.306410e-01	1.239910e+01	2.262079e+00	2.305080e+00	3.057298e-01	-7.779167e-01	-6.412155e-02	1.008947e+01
6.716506e+01	-8.788188e-02	-9.367082e-01	1.240014e+01	2.244722e+00	2.262568e+00	2.993420e-01	-7.857144e-01	-7.795925e-02	1.010800e+01
6.554827e+01	-8.955576e-02	-9.353743e-01	1.238225e+01	2.245065e+00	2.263981e+00	3.044074e-01	-7.895746e-01	-9.024196e-02	1.011076e+01
6.262525e+01	-1.077656e-01	-9.287592e-01	1.236517e+01	2.253758e+00	2.265427e+00	3.129194e-01	-7.838996e-01	-9.079744e-02	1.010198e+01
6.211288e+01	-1.303175e-01	-9.282818e-01	1.236928e+01	2.237468e+00	2.238827e+00	3.095999e-01	-7.816201e-01	-9.384408e-02	1.009431e+01
6.490781e+01	-1.216356e-01	-9.325760e-01	1.235274e+01	2.221209e+00	2.238186e+00	2.997982e-01	-7.816420e-01	-9.868896e-02	1.010177e+01
6.299313e+01	-1.479895e-01	-9.283016e-01	1.236417e+01	2.206454e+00	2.203630e+00	3.038177e-01	-7.748853e-01	-8.638704e-02	1.008958e+01
6.358271e+01	-1.447764e-01	-9.240006e-01	1.234719e+01	2.211587e+00	2.199566e+00	3.069073e-01	-7.739879e-01	-8.030038e-02	1.007532e+01
6.657294e+01	-1.711388e-01	-9.323830e-01	1.236177e+01	2.185158e+00	2.163613e+00	2.986870e-01	-7.862110e-01	-1.059829e-01	1.009349e+01
6.378336e+01	-1.453208e-01	-9.299396e-01	1.233805e+01	2.182651e+00	2.161382e+00	3.026938e-01	-7.836238e-01	-1.057227e-01	1.009071e+01
6.455604e+01	-1.553929e-01	-9.318040e-01	1.232990e+01	2.178663e+00	2.148456e+00	3.049879e-01	-7.894627e-01	-1.071213e-01	1.010192e+01
6.339180e+01	-1.506487e-01	-9.304611e-01	1.230982e+01	2.187753e+00	2.142664e+00	3.076322e-01	-7.884037e-01	-1.024054e-01	1.010568e+01
6.279982e+01	-1.523146e-01	-9.291145e-01	1.229551e+01	2.187529e+00	2.136557e+00	3.085884e-01	-7.866843e-01	-1.003748e-01	1.010298e+01
6.452019e+01	-1.607523e-01	-9.310284e-01	1.231088e+01	2.150251e+00	2.101699e+00	3.054790e-01	-7.859455e-01	-9.950781e-02	1.009836e+01
6.245814e+01	-1.515437e-01	-9.266187e-01	1.228933e+01	2.158911e+00	2.106449e+00	3.069817e-01	-7.777860e-01	-8.189130e-02	1.008029e+01
6.381681e+01	-1.760960e-01	-9.284142e-01	1.228377e+01	2.165796e+00	2.092322e+00	3.016828e-01	-7.759020e-01	-7.202497e-02	1.007389e+01
6.267642e+01	-1.627368e-01	-9.300740e-01	1.225405e+01	2.173356e+00	2.108395e+00	3.023562e-01	-7.840723e-01	-8.443398e-02	1.007494e+01
6.225302e+01	-1.617980e-01	-9.292839e-01	1.224126e+01	2.175122e+00	2.094675e+00	3.074452e-01	-7.893276e-01	-9.674414e-02	1.007915e+01
6.199398e+01	-1.545572e-01	-9.289398e-01	1.221748e+01	2.178445e+00	2.103056e+00	3.055936e-01	-7.853905e-01	-9.235069e-02	1.007901e+01
6.301817e+01	-1.394335e-01	-9.283662e-01	1.217494e+01	2.199419e+00	2.142323e+00	3.068052e-01	-7.837548e-01	-8.786754e-02	1.009899e+01
6.363091e+01	-1.811886e-01	-9.313903e-01	1.220602e+01	2.168526e+00	2.094341e+00	3.007518e-01	-7.811353e-01	-8.167525e-02	1.010467e+01
6.377072e+01	-2.180026e-01	-9.290956e-01	1.221920e+01	2.156236e+00	2.075590e+00	3.007088e-01	-7.757451e-01	-6.725105e-02	1.009372e+01
6.477208e+01	-2.323022e-01	-9.288979e-01	1.223327e+01	2.135268e+00	2.041857e+00	3.021806e-01	-7.759442e-01	-5.938976e-02	1.009142e+01
6.387669e+01	-1.929218e-01	-9.307936e-01	1.221210e+01	2.127631e+00	2.049262e+00	3.028346e-01	-7.864709e-01	-7.695496e-02	1.009782e+01
6.553545e+01	-1.932361e-01	-9.338333e-01	1.220597e+01	2.121868e+00	2.040950e+00	3.049185e-01	-7.920037e-01	-9.314074e-02	1.010568e+01
6.251296e+01	-1.873462e-01	-9.301765e-01	1.219271e+01	2.122770e+00	2.042959e+00	3.088105e-01	-7.857916e-01	-9.329298e-02	1.009731e+01
6.139389e+01	-1.774797e-01	-9.278294e-01	1.217220e+01	2.127088e+00	2.042118e+00	3.109115e-01	-7.831817e-01	-9.479418e-02	1.008887e+01
6.658721e+01	-2.223338e-01	-9.336679e-01	1.220152e+01	2.101476e+00	1.988784e+00	3.018479e-01	-7.829992e-01	-9.876618e-02	1.009271e+01
6.349878e+01	-1.993914e-01	-9.333322e-01	1.217187e+01	2.114554e+00	2.003141e+00	3.050143e-01	-7.869128e-01	-8.393559e-02	1.007277e+01
6.152285e+01	-1.961617e-01	-9.303637e-01	1.215465e+01	2.122852e+00	1.999222e+00	3.126146e-01	-7.891607e-01	-7.503744e-02	1.005089e+01
6.203018e+01	-1.722290e-01	-9.331510e-01	1.212221e+01	2.132148e+00	2.014595e+00	3.080577e-01	-7.921891e-01	-7.149883e-02	1.004668e+01
6.790741e+01	-1.452361e-01	-9.396341e-01	1.211328e+01	2.108396e+00	1.995204e+00	2.959599e-01	-7.932637e-01	-7.080657e-02	1.004159e+01
6.403552e+01	-1.639449e-01	-9.386463e-01	1.209173e+01	2.120812e+00	1.998949e+00	3.044004e-01	-7.941084e-01	-5.087675e-02	1.004312e+01
6.303718e+01	-1.768204e-01	-9.376721e-01	1.206900e+01	2.126520e+00	2.008952e+00	3.079269e-01	-7.927553e-01	-3.707737e-02	1.004382e+01
6.243521e+01	-2.239683e-01	-9.377879e-01	1.207215e+01	2.127097e+00	1.987630e+00	3.115983e-01	-7.957541e-01	-3.543615e-02	1.004706e+01
6.550016e+01	-2.754810e-01	-9.400921e-01	1.209163e+01	2.105045e+00	1.947448e+00	3.082607e-01	-7.975911e-01	-3.723550e-02	1.004942e+01
6.394644e+01	-2.798904e-01	-9.350761e-01	1.207333e+01	2.108841e+00	1.942613e+00	3.142468e-01	-7.911464e-01	-2.321298e-02	1.004285e+01
6.498487e+01	-2.764670e-01	-9.337892e-01	1.205964e+01	2.107374e+00	1.921748e+00	3.135354e-01	-7.868704e-01	-1.460559e-02	1.004127e+01
6.261181e+01	-2.472053e-01	-9.343969e-01	1.203195e+01	2.104181e+00	1.926265e+00	3.105990e-01	-7.980576e-01	-1.618341e-02	1.004422e+01
6.206419e+01	-2.401779e-01	-9.335203e-01	1.200252e+01	2.117000e+00	1.933651e+00	3.119153e-01	-8.040730e-01	-2.023079e-02	1.004985e+01
6.488577e+01	-2.134404e-01	-9.376965e-01	1.199282e+01	2.094085e+00	1.917329e+00	3.032885e-01	-8.058325e-01	-2.771526e-02	1.005558e+01
6.414901e+01	-2.068354e-01	-9.364934e-01	1.198561e+01	2.082999e+00	1.906430e+00	3.038314e-01	-8.033827e-01	-3.308368e-02	1.005741e+01
6.316588e+01	-2.041851e-01	-9.332056e-01	1.198516e+01	2.064217e+00	1.875386e+00	3.051144e-01	-7.936280e-01	-1.587216e-02	1.005881e+01
7.637364e+01	-2.528523e-01	-9.423873e-01	1.202494e+01	2.021226e+00	1.799345e+00	2.920277e-01	-7.978783e-01	-3.407906e-02	1.007728e+01
7.641394e+01	-2.407680e-01	-9.419669e-01	1.200542e+01	2.019127e+00	1.803947e+00	3.021212e-01	-8.026205e-01	-9.106792e-02	1.009762e+01
6.814243e+01	-2.032729e-01	-9.328745e-01	1.196309e+01	2.041398e+00	1.819603e+00	3.223613e-01	-8.055769e-01	-1.369070e-01	1.010196e+01
7.496650e+01	-1.983563e-01	-9.133773e-01	1.194416e+01	2.042751e+00	1.814550e+00	3.311572e-01	-7.670527e-01	-1.184110e-01	1.004813e+01
6.622067e+01	-2.831624e-01	-9.199180e-01	1.197823e+01	2.018260e+00	1.766468e+00	3.057809e-01	-7.517298e-01	-1.066997e-01	1.003795e+01
7.173570e+01	-3.077302e-01	-9.269376e-01	1.198744e+01	1.995474e+00	1.739067e+00	2.911597e-01	-7.511121e-01	-1.050695e-01	1.003674e+01
7.616467e+01	-3.208306e-01	-9.339271e-01	1.198022e+01	1.985398e+00	1.731591e+00	2.857749e-01	-7.589284e-01	-1.085550e-01	1.004944e+01
6.580118e+01	-2.764149e-01	-9.337182e-01	1.192881e+01	2.004785e+00	1.781409e+00	2.960427e-01	-7.754172e-01	-1.279005e-01	1.006583e+01
6.071165e+01	-2.588887e-01	-9.276203e-01	1.188354e+01	2.035149e+00	1.825052e+00	3.142347e-01	-7.858522e-01	-1.410529e-01	1.007482e+01
6.473923e+01	-2.149520e-01	-9.235631e-01	1.183270e+01	2.050862e+00	1.871534e+00	3.166942e-01	-7.965468e-01	-1.697875e-01	1.007137e+01
7.641201e+01	-1.928025e-01	-9.133237e-01	1.180153e+01	2.078425e+00	1.869113e+00	3.223436e-01	-7.878976e-01	-1.779392e-01	1.004580e+01
7.166486e+01	-2.887550e-01	-9.338904e-01	1.189523e+01	1.984919e+00	1.754484e+00	2.845694e-01	-7.853420e-01	-1.868644e-01	1.005081e+01
1.021538e+02	-3.569036e-01	-9.444844e-01	1.195124e+01	1.928059e+00	1.689772e+00	2.717841e-01	-7.850438e-01	-1.920898e-01	1.005532e+01
6.902407e+01	-3.541895e-01	-9.236075e-01	1.193894e+01	1.920982e+00	1.690280e+00	2.947475e-01	-7.764102e-01	-1.828341e-01	9.995374e+00
7.437208e+01	-3.021783e-01	-9.051915e-01	1.188151e+01	1.939309e+00	1.739116e+00	3.164195e-01	-7.744110e-01	-1.734261e-01	9.942357e+00
6.602064e+01	-2.766241e-01	-9.147466e-01	1.186496e+01	1.913011e+00	1.748913e+00	3.014394e-01	-7.818809e-01	-1.702333e-01	9.929192e+00
6.396053e+01	-2.311881e-01	-9.244984e-01	1.182291e+01	1.902184e+00	1.786472e+00	2.930116e-01	-7.890736e-01	-1.662103e-01	9.933734e+00
7.098335e+01	-2.429882e-01	-9.380730e-01	1.180996e+01	1.888712e+00	1.793371e+00	2.847791e-01	-8.022748e-01	-1.691013e-01	9.946988e+00
8.837640e+01	-2.912474e-01	-9.488397e-01	1.179598e+01	1.895311e+00	1.796636e+00	2.828820e-01	-8.138438e-01	-1.771300e-01	9.965708e+00
6.183246e+01	-2.856227e-01	-9.287910e-01	1.174873e+01	1.928527e+00	1.829740e+00	3.059790e-01	-7.870172e-01	-1.819867e-01	9.922084e+00
6.773531e+01	-2.850882e-01	-9.238163e-01	1.171496e+01	1.943850e+00	1.856143e+00	3.140233e-01	-7.820101e-01	-1.906086e-01	9.903661e+00
6.335236e+01	-3.277824e-01	-9.292551e-01	1.173268e+01	1.931043e+00	1.817462e+00	3.059767e-01	-7.830406e-01	-1.982783e-01	9.896608e+00
6.500407e+01	-3.618575e-01	-9.378875e-01	1.174614e+01	1.926250e+00	1.773070e+00	2.970747e-01	-7.880572e-01	-2.024793e-01	9.902951e+00
6.585710e+01	-3.733998e-01	-9.410370e-01	1.174681e+01	1.917636e+00	1.750498e+00	3.001208e-01	-7.924702e-01	-2.045772e-01	9.909148e+00
6.479874e+01	-3.586608e-01	-9.426825e-01	1.174112e+01	1.902434e+00	1.735984e+00	3.037545e-01	-7.962222e-01	-2.044940e-01	9.915167e+00
6.087594e+01	-3.208747e-01	-9.403418e-01	1.170425e+01	1.917419e+00	1.753442e+00	3.117425e-01	-7.949143e-01	-2.095655e-01	9.925915e+00
6.141834e+01	-2.749467e-01	-9.388439e-01	1.167130e+01	1.920179e+00	1.772651e+00	3.122328e-01	-7.867948e-01	-2.104170e-01	9.931283e+00
6.150432e+01	-2.754516e-01	-9.404216e-01	1.165933e+01	1.923822e+00	1.756785e+00	3.122298e-01	-7.840703e-01	-2.083827e-01	9.952859e+00
6.259392e+01	-2.712459e-01	-9.448944e-01	1.165470e+01	1.919669e+00	1.736774e+00	3.090102e-01	-7.846534e-01	-2.039236e-01	9.981965e+00
6.250728e+01	-3.173448e-01	-9.443497e-01	1.167433e+01	1.910238e+00	1.682904e+00	3.084658e-01	-7.799534e-01	-2.021437e-01	9.992739e+00
6.989218e+01	-3.695774e-01	-9.478770e-01	1.170018e+01	1.890385e+00	1.621886e+00	3.058287e-01	-7.864034e-01	-2.112475e-01	1.000340e+01
6.194141e+01	-3.742922e-01	-9.347317e-01	1.168896e+01	1.900692e+00	1.602995e+00	3.174470e-01	-7.738027e-01	-2.089048e-01	9.981744e+00
6.234957e+01	-3.690678e-01	-9.302617e-01	1.165765e+01	1.921255e+00	1.608441e+00	3.162204e-01	-7.696188e-01	-2.041678e-01	9.972674e+00
6.002269e+01	-3.368480e-01	-9.343301e-01	1.163299e+01	1.917903e+00	1.607351e+00	3.124693e-01	-7.812632e-01	-2.080333e-01	9.977343e+00
6.282546e+01	-2.867526e-01	-9.402418e-01	1.161562e+01	1.891804e+00	1.600639e+00	3.016587e-01	-7.861849e-01	-2.086287e-01	9.975850e+00
6.708528e+01	-2.909160e-01	-9.448900e-01	1.160174e+01	1.889462e+00	1.591603e+00	3.019639e-01	-7.976558e-01	-2.152294e-01	9.984648e+00
6.080243e+01	-2.783237e-01	-9.348674e-01	1.158677e+01	1.882144e+00	1.574485e+00	3.111576e-01	-7.797333e-01	-2.158650e-01	9.979771e+00
6.070301e+01	-3.150196e-01	-9.312767e-01	1.158503e+01	1.887120e+00	1.547252e+00	3.115621e-01	-7.728616e-01	-2.122701e-01	9.974476e+00
6.080112e+01	-3.317829e-01	-9.289006e-01	1.158150e+01	1.883574e+00	1.526097e+00	3.149195e-01	-7.716864e-01	-2.076055e-01	9.983547e+00
6.442736e+01	-3.696087e-01	-9.392562e-01	1.158796e+01	1.873575e+00	1.493344e+00	3.026358e-01	-7.824993e-01	-2.071771e-01	1.001280e+01
6.700129e+01	-3.790344e-01	-9.400392e-01	1.157587e+01	1.870677e+00	1.485402e+00	2.976679e-01	-7.790680e-01	-1.990007e-01	1.002249e+01
5.995236e+01	-3.552389e-01	-9.355097e-01	1.153699e+01	1.884839e+00	1.509519e+00	3.094225e-01	-7.847167e-01	-1.965330e-01	1.003067e+01
6.220058e+01	-3.236532e-01	-9.269508e-01	1.148572e+01	1.912853e+00	1.548398e+00	3.241248e-01	-7.882418e-01	-1.924269e-01	1.003168e+01
6.503169e+01	-3.327401e-01	-9.400948e-01	1.149529e+01	1.883701e+00	1.500533e+00	3.044156e-01	-7.867055e-01	-2.033086e-01	1.006214e+01
7.867639e+01	-3.262431e-01	-9.477226e-01	1.149132e+01	1.857132e+00	1.479471e+00	2.944003e-01	-7.873620e-01	-2.092953e-01	1.008170e+01
6.450376e+01	-3.290794e-01	-9.230954e-01	1.148718e+01	1.852740e+00	1.439171e+00	3.116918e-01	-7.469662e-01	-1.991472e-01	1.002175e+01
6.916696e+01	-3.676192e-01	-9.171307e-01	1.149664e+01	1.840788e+00	1.399214e+00	3.073667e-01	-7.305567e-01	-1.871131e-01	9.986847e+00
7.011082e+01	-3.738147e-01	-9.162026e-01	1.150051e+01	1.821086e+00	1.361921e+00	3.058364e-01	-7.324528e-01	-1.771360e-01	9.964288e+00
7.022433e+01	-3.655882e-01	-9.207063e-01	1.151267e+01	1.781714e+00	1.319791e+00	2.994428e-01	-7.399723e-01	-1.668969e-01	9.950494e+00
6.772591e+01	-3.454633e-01	-9.277134e-01	1.148477e+01	1.770870e+00	1.330725e+00	2.967823e-01	-7.523347e-01	-1.559080e-01	9.959695e+00
6.732737e+01	-3.395666e-01	-9.354483e-01	1.143823e+01	1.778966e+00	1.366266e+00	2.919038e-01	-7.642357e-01	-1.440929e-01	9.970925e+00
6.168706e+01	-3.108814e-01	-9.375029e-01	1.138613e+01	1.788691e+00	1.419376e+00	3.022799e-01	-7.892342e-01	-1.550958e-01	1.000748e+01
6.236603e+01	-3.195776e-01	-9.341200e-01	1.135378e+01	1.801144e+00	1.463048e+00	3.177135e-01	-8.023581e-01	-1.619186e-01	1.003384e+01
5.790503e+01	-3.658249e-01	-9.297338e-01	1.136446e+01	1.788522e+00	1.430029e+00	3.150079e-01	-7.860823e-01	-1.453467e-01	1.002663e+01
5.820402e+01	-3.656171e-01	-9.322042e-01	1.135135e+01	1.788482e+00	1.426354e+00	3.091676e-01	-7.814825e-01	-1.319753e-01	1.002601e+01
6.323840e+01	-4.232118e-01	-9.361218e-01	1.138723e+01	1.757669e+00	1.359124e+00	3.018152e-01	-7.787802e-01	-1.200815e-01	1.002403e+01
6.409316e+01	-4.544956e-01	-9.318208e-01	1.140608e+01	1.735941e+00	1.311284e+00	3.086018e-01	-7.773279e-01	-1.083977e-01	1.001222e+01
6.093615e+01	-4.182632e-01	-9.315683e-01	1.138234e+01	1.727725e+00	1.323616e+00	3.092217e-01	-7.797308e-01	-1.002957e-01	1.001281e+01
6.250090e+01	-3.647429e-01	-9.372433e-01	1.136373e+01	1.699024e+00	1.325844e+00	3.012722e-01	-7.828560e-01	-9.631171e-02	1.002266e+01
5.993089e+01	-3.145040e-01	-9.325194e-01	1.131074e+01	1.712009e+00	1.378482e+00	3.094996e-01	-7.833863e-01	-8.860047e-02	1.002250e+01
6.187722e+01	-2.987224e-01	-9.342962e-01	1.128752e+01	1.709765e+00	1.400546e+00	3.097612e-01	-7.906362e-01	-9.834298e-02	1.002992e+01
6.006424e+01	-3.692579e-01	-9.372262e-01	1.130061e+01	1.705725e+00	1.373907e+00	3.091613e-01	-7.944244e-01	-1.054825e-01	1.003823e+01
6.104089e+01	-4.426293e-01	-9.344940e-01	1.132660e+01	1.699665e+00	1.315850e+00	3.136929e-01	-7.940080e-01	-1.171953e-01	1.001840e+01
6.133567e+01	-4.566778e-01	-9.337928e-01	1.131692e+01	1.699782e+00	1.303035e+00	3.141672e-01	-7.933797e-01	-1.267264e-01	1.000927e+01
6.257378e+01	-4.465547e-01	-9.347538e-01	1.130915e+01	1.676938e+00	1.300183e+00	3.074025e-01	-7.955435e-01	-1.230109e-01	1.001708e+01
5.708633e+01	-3.868387e-01	-9.270899e-01	1.125658e+01	1.689580e+00	1.336281e+00	3.155166e-01	-7.951118e-01	-1.176593e-01	1.001813e+01
6.251798e+01	-3.181045e-01	-9.311617e-01	1.121056e+01	1.685190e+00	1.375828e+00	3.066322e-01	-7.957450e-01	-1.146048e-01	1.004703e+01
5.771895e+01	-3.643411e-01	-9.263951e-01	1.123196e+01	1.677111e+00	1.313610e+00	3.084080e-01	-7.818288e-01	-9.186876e-02	1.004698e+01
6.961651e+01	-4.617871e-01	-9.353097e-01	1.127810e+01	1.650881e+00	1.226475e+00	2.957862e-01	-7.827101e-01	-9.323711e-02	1.006993e+01
6.535341e+01	-4.838104e-01	-9.336281e-01	1.127383e+01	1.654739e+00	1.200012e+00	3.104370e-01	-7.840619e-01	-9.164426e-02	1.007538e+01
6.096828e+01	-4.695724e-01	-9.316853e-01	1.124357e+01	1.664529e+00	1.214793e+00	3.192475e-01	-7.863989e-01	-9.133463e-02	1.008993e+01
5.835548e+01	-4.030610e-01	-9.256070e-01	1.119167e+01	1.678317e+00	1.259021e+00	3.287977e-01	-7.818259e-01	-7.463311e-02	1.009513e+01
6.307507e+01	-3.671433e-01	-9.387123e-01	1.119999e+01	1.641899e+00	1.223800e+00	3.094255e-01	-7.900145e-01	-9.132230e-02	1.011762e+01
7.430296e+01	-3.448295e-01	-9.424870e-01	1.117992e+01	1.633534e+00	1.239267e+00	3.062601e-01	-7.962981e-01	-1.121811e-01	1.013178e+01
6.692789e+01	-3.613416e-01	-9.164945e-01	1.115279e+01	1.655424e+00	1.262310e+00	3.207130e-01	-7.490267e-01	-4.674146e-02	1.006306e+01
6.791039e+01	-4.176937e-01	-9.146656e-01	1.120294e+01	1.618678e+00	1.184820e+00	3.028353e-01	-7.287183e-01	1.092825e-03	1.001282e+01
7.204218e+01	-4.148107e-01	-9.173953e-01	1.121261e+01	1.595847e+00	1.149634e+00	2.903001e-01	-7.246972e-01	3.352052e-02	9.978563e+00
7.943369e+01	-4.352038e-01	-9.237549e-01	1.122763e+01	1.571503e+00	1.120026e+00	2.811146e-01	-7.315432e-01	4.859776e-02	9.958129e+00
7.124073e+01	-4.054997e-01	-9.214753e-01	1.120066e+01	1.564957e+00	1.143967e+00	2.931012e-01	-7.416699e-01	5.508818e-02	9.945422e+00
6.770452e+01	-3.813695e-01	-9.226593e-01	1.116195e+01	1.565480e+00	1.181375e+00	2.996225e-01	-7.540695e-01	4.809077e-02	9.940335e+00
7.022807e+01	-3.260815e-01	-9.289809e-01	1.111581e+01	1.557240e+00	1.227472e+00	2.948695e-01	-7.651111e-01	3.575544e-02	9.941143e+00
6.373992e+01	-4.034691e-01	-9.337330e-01	1.111824e+01	1.567376e+00	1.219661e+00	3.014673e-01	-7.788639e-01	8.325838e-03	9.954094e+00
