# loss | a0 ... a8
1.729705e+02	1.459464e+00	-7.279018e-01	1.595763e+01	3.977299e+00	1.663857e+00	2.033429e-01	-6.706500e-01	-2.727679e-02	1.062951e+01
8.338138e+02	1.237636e+00	-9.048036e-01	1.616854e+01	3.732732e+00	1.468317e+00	1.092717e-01	-8.525569e-01	1.129318e-01	1.078594e+01
1.327802e+02	1.360583e+00	-8.145070e-01	1.598177e+01	3.848957e+00	1.670248e+00	2.632373e-01	-7.100553e-01	2.500453e-01	1.059227e+01
1.545703e+02	1.351304e+00	-8.143752e-01	1.596156e+01	3.820092e+00	1.691761e+00	2.951795e-01	-6.825553e-01	2.893329e-01	1.045671e+01
1.220935e+02	1.402207e+00	-8.408713e-01	1.586568e+01	3.809363e+00	1.781810e+00	2.829809e-01	-6.982702e-01	2.800681e-01	1.039146e+01
1.581360e+02	1.377378e+00	-8.995965e-01	1.587757e+01	3.709139e+00	1.746416e+00	2.256326e-01	-7.210974e-01	2.470769e-01	1.036788e+01
1.113590e+02	1.443404e+00	-9.067614e-01	1.575441e+01	3.726990e+00	1.847931e+00	2.622324e-01	-7.570451e-01	1.652248e-01	1.031774e+01
9.274319e+01	1.560991e+00	-8.986908e-01	1.556944e+01	3.809920e+00	2.018420e+00	3.088185e-01	-7.821895e-01	8.940745e-02	1.027952e+01
8.085504e+01	1.596194e+00	-9.111031e-01	1.549965e+01	3.791600e+00	2.060239e+00	3.091163e-01	-8.068275e-01	-8.403977e-04	1.024334e+01
8.613290e+01	1.614743e+00	-9.312119e-01	1.545287e+01	3.737873e+00	2.077486e+00	2.906568e-01	-8.136472e-01	-6.104085e-02	1.021832e+01
1.319923e+02	1.709916e+00	-8.960944e-01	1.529803e+01	3.800630e+00	2.158135e+00	3.226327e-01	-7.650447e-01	-7.190494e-03	1.012596e+01
8.645295e+01	1.702183e+00	-9.191307e-01	1.527605e+01	3.738751e+00	2.139772e+00	2.860253e-01	-7.636578e-01	-8.008965e-03	1.010032e+01
9.315578e+01	1.684973e+00	-9.383975e-01	1.525770e+01	3.682336e+00	2.146093e+00	2.644849e-01	-7.714015e-01	-9.392566e-03	1.007788e+01
8.764047e+01	1.748607e+00	-9.310959e-01	1.512572e+01	3.713844e+00	2.237155e+00	2.900574e-01	-7.824422e-01	-1.575084e-02	1.006805e+01
8.897399e+01	1.731607e+00	-9.337203e-01	1.507910e+01	3.694118e+00	2.306278e+00	3.117641e-01	-8.032271e-01	-4.646352e-02	1.005490e+01
1.540035e+02	1.654028e+00	-9.532056e-01	1.509886e+01	3.616336e+00	2.350664e+00	2.823412e-01	-8.476403e-01	-1.452338e-01	1.008534e+01
1.419497e+02	1.669641e+00	-9.434985e-01	1.502124e+01	3.626410e+00	2.438546e+00	3.007606e-01	-8.533028e-01	-1.946506e-01	1.008616e+01
4.712048e+02	1.786961e+00	-8.408562e-01	1.484637e+01	3.747800e+00	2.479139e+00	3.177472e-01	-7.053386e-01	-1.898511e-01	9.906341e+00
1.771511e+02	1.541093e+00	-9.204988e-01	1.508119e+01	3.502903e+00	2.258710e+00	1.922936e-01	-6.744463e-01	-1.849518e-01	9.870677e+00
1.583943e+02	1.410286e+00	-9.437555e-01	1.515837e+01	3.395919e+00	2.244393e+00	2.250598e-01	-6.979736e-01	-8.963967e-02	9.850664e+00
9.637382e+01	1.364191e+00	-9.216740e-01	1.513988e+01	3.381098e+00	2.298911e+00	3.051988e-01	-7.326264e-01	-3.665930e-02	9.828924e+00
9.093412e+01	1.343008e+00	-9.303444e-01	1.510982e+01	3.367538e+00	2.344696e+00	3.103841e-01	-7.651054e-01	-1.395615e-02	9.829820e+00
9.387407e+01	1.355360e+00	-9.272834e-01	1.504435e+01	3.379447e+00	2.410324e+00	3.219251e-01	-7.832447e-01	-4.901900e-03	9.824993e+00
9.412581e+01	1.389165e+00	-9.276291e-01	1.495978e+01	3.408229e+00	2.494120e+00	3.266867e-01	-8.056495e-01	-3.659886e-02	9.826589e+00
9.681691e+01	1.389952e+00	-9.617457e-01	1.492745e+01	3.377581e+00	2.511225e+00	2.725317e-01	-8.132397e-01	-5.800276e-02	9.834992e+00
8.471301e+01	1.412665e+00	-9.523055e-01	1.486643e+01	3.386062e+00	2.556375e+00	2.806900e-01	-8.036999e-01	-6.511360e-02	9.829293e+00
9.619652e+01	1.454706e+00	-9.290771e-01	1.477030e+01	3.427103e+00	2.633045e+00	3.188326e-01	-8.012159e-01	-6.952391e-02	9.822324e+00
8.000636e+01	1.442311e+00	-9.506925e-01	1.475126e+01	3.387696e+00	2.635220e+00	2.872666e-01	-8.040642e-01	-8.266023e-02	9.829213e+00
8.636237e+01	1.450099e+00	-9.680366e-01	1.469314e+01	3.383388e+00	2.677857e+00	2.849866e-01	-8.128359e-01	-1.432240e-01	9.865981e+00
1.109500e+02	1.477443e+00	-9.313414e-01	1.460960e+01	3.423597e+00	2.731428e+00	3.240711e-01	-7.804991e-01	-1.691442e-01	9.836401e+00
8.669541e+01	1.435416e+00	-9.560404e-01	1.462749e+01	3.363230e+00	2.707725e+00	2.809160e-01	-7.768559e-01	-1.727183e-01	9.831924e+00
7.962920e+01	1.410276e+00	-9.599867e-01	1.461036e+01	3.341888e+00	2.730513e+00	2.901450e-01	-7.931706e-01	-1.541569e-01	9.836266e+00
7.533359e+01	1.406320e+00	-9.573275e-01	1.457132e+01	3.339883e+00	2.770117e+00	3.084366e-01	-8.127908e-01	-1.557151e-01	9.841218e+00
9.847413e+01	1.412459e+00	-9.406784e-01	1.452170e+01	3.355674e+00	2.811275e+00	3.327371e-01	-8.163798e-01	-1.561468e-01	9.834648e+00
1.525709e+02	1.359341e+00	-9.859447e-01	1.455032e+01	3.282577e+00	2.785092e+00	2.702029e-01	-8.348943e-01	-1.817238e-01	9.869623e+00
9.613460e+01	1.379011e+00	-9.324547e-01	1.448192e+01	3.311300e+00	2.818363e+00	2.984151e-01	-7.633651e-01	-1.886659e-01	9.786491e+00
1.074901e+02	1.357080e+00	-9.244208e-01	1.446001e+01	3.298250e+00	2.837157e+00	3.055283e-01	-7.600889e-01	-1.681016e-01	9.757474e+00
9.823213e+01	1.286828e+00	-9.562072e-01	1.450904e+01	3.225099e+00	2.799776e+00	2.640065e-01	-7.724447e-01	-1.413035e-01	9.753542e+00
8.022485e+01	1.284634e+00	-9.482014e-01	1.447217e+01	3.229117e+00	2.844076e+00	2.963546e-01	-7.875642e-01	-1.146781e-01	9.751036e+00
8.429219e+01	1.284029e+00	-9.442685e-01	1.442974e+01	3.235229e+00	2.889968e+00	3.197820e-01	-8.124171e-01	-1.112568e-01	9.755313e+00
8.068316e+01	1.270422e+00	-9.655552e-01	1.441457e+01	3.206088e+00	2.898995e+00	2.891271e-01	-8.190954e-01	-1.134568e-01	9.767900e+00
7.690727e+01	1.277918e+00	-9.616167e-01	1.437722e+01	3.202007e+00	2.912937e+00	2.960957e-01	-8.126157e-01	-1.020165e-01	9.778061e+00
9.090517e+01	1.286806e+00	-9.436244e-01	1.431944e+01	3.226236e+00	2.957772e+00	3.195340e-01	-8.058636e-01	-1.003878e-01	9.775085e+00
7.396577e+01	1.235453e+00	-9.574796e-01	1.434490e+01	3.178097e+00	2.920763e+00	3.058850e-01	-8.147162e-01	-1.145076e-01	9.788257e+00
7.619957e+01	1.220001e+00	-9.612706e-01	1.432106e+01	3.163537e+00	2.932735e+00	2.982210e-01	-8.184960e-01	-1.351240e-01	9.795678e+00
7.519703e+01	1.220986e+00	-9.563357e-01	1.427981e+01	3.171030e+00	2.953435e+00	3.066366e-01	-8.208797e-01	-1.269882e-01	9.806983e+00
7.817587e+01	1.216882e+00	-9.492183e-01	1.424907e+01	3.171504e+00	2.965324e+00	3.105698e-01	-8.133094e-01	-1.309152e-01	9.805190e+00
8.874078e+01	1.167985e+00	-9.693514e-01	1.428192e+01	3.110402e+00	2.914526e+00	2.889105e-01	-8.238639e-01	-1.570206e-01	9.824345e+00
7.705944e+01	1.176402e+00	-9.459720e-01	1.423854e+01	3.126719e+00	2.943069e+00	3.160040e-01	-8.126199e-01	-1.752309e-01	9.810622e+00
1.033976e+02	1.180649e+00	-9.314271e-01	1.419798e+01	3.140063e+00	2.976534e+00	3.300002e-01	-8.063179e-01	-1.898578e-01	9.806277e+00
1.263231e+02	1.105652e+00	-9.792631e-01	1.427263e+01	3.049933e+00	2.906130e+00	2.622225e-01	-8.192140e-01	-1.905586e-01	9.828666e+00
1.030280e+02	1.121757e+00	-9.176135e-01	1.422810e+01	3.071251e+00	2.913258e+00	2.889915e-01	-7.236545e-01	-2.110481e-01	9.705153e+00
1.908524e+02	1.125829e+00	-8.888362e-01	1.417928e+01	3.093681e+00	2.956361e+00	3.234090e-01	-7.159087e-01	-1.893557e-01	9.645733e+00
1.604411e+02	1.031036e+00	-9.633944e-01	1.427197e+01	2.978818e+00	2.882189e+00	2.257879e-01	-7.345360e-01	-1.440731e-01	9.647086e+00
1.482457e+02	1.041211e+00	-9.727696e-01	1.423344e+01	2.984783e+00	2.923598e+00	2.359201e-01	-7.634485e-01	-9.510206e-02	9.656748e+00
8.734235e+01	1.102949e+00	-9.423086e-01	1.411227e+01	3.060729e+00	3.029585e+00	3.038120e-01	-7.864091e-01	-5.199965e-02	9.659810e+00
1.186191e+02	1.094026e+00	-9.315057e-01	1.407689e+01	3.078718e+00	3.068745e+00	3.350937e-01	-8.108265e-01	-5.547661e-02	9.670029e+00
7.836990e+01	1.041363e+00	-9.508004e-01	1.411396e+01	3.024005e+00	3.037238e+00	3.182955e-01	-8.200616e-01	-7.675713e-02	9.686562e+00
7.706746e+01	1.002019e+00	-9.642541e-01	1.413341e+01	2.988967e+00	3.015849e+00	2.970535e-01	-8.214681e-01	-8.983709e-02	9.695996e+00
7.447804e+01	1.012554e+00	-9.581133e-01	1.409499e+01	2.992718e+00	3.035032e+00	3.025791e-01	-8.170454e-01	-1.050273e-01	9.699848e+00
7.585117e+01	1.020522e+00	-9.537320e-01	1.405125e+01	3.011158e+00	3.068900e+00	3.184057e-01	-8.409786e-01	-1.506079e-01	9.707558e+00
7.347718e+01	1.008889e+00	-9.539099e-01	1.405153e+01	2.978116e+00	3.049068e+00	3.121278e-01	-8.363566e-01	-1.835189e-01	9.703210e+00
8.321580e+01	1.016569e+00	-9.407208e-01	1.401456e+01	2.994016e+00	3.068023e+00	3.073681e-01	-8.065939e-01	-1.950889e-01	9.678873e+00
8.346813e+01	9.806577e-01	-9.547627e-01	1.402616e+01	2.971606e+00	3.045635e+00	2.817758e-01	-8.002470e-01	-1.942345e-01	9.675468e+00
7.680468e+01	9.848616e-01	-9.515782e-01	1.398615e+01	2.988683e+00	3.082734e+00	2.983382e-01	-8.142528e-01	-1.671752e-01	9.687593e+00
7.655622e+01	9.929119e-01	-9.675019e-01	1.393508e+01	3.009072e+00	3.142551e+00	3.139382e-01	-8.314007e-01	-1.688156e-01	9.749632e+00
8.615608e+01	9.560321e-01	-9.745502e-01	1.394408e+01	2.988363e+00	3.131201e+00	3.102764e-01	-8.349223e-01	-1.833067e-01	9.782413e+00
1.841338e+02	9.835863e-01	-9.005226e-01	1.389695e+01	3.024085e+00	3.130564e+00	3.271751e-01	-7.065836e-01	-1.575658e-01	9.654023e+00
1.001064e+02	8.260300e-01	-9.163633e-01	1.404258e+01	2.899218e+00	2.983392e+00	2.901326e-01	-6.873373e-01	-1.152793e-01	9.600557e+00
1.052673e+02	7.555636e-01	-9.347133e-01	1.409841e+01	2.836603e+00	2.923801e+00	2.661252e-01	-7.035380e-01	-7.985989e-02	9.575665e+00
9.376614e+01	7.593011e-01	-9.267402e-01	1.406255e+01	2.843011e+00	2.949125e+00	2.962061e-01	-7.312340e-01	-3.771296e-02	9.564063e+00
9.274158e+01	8.110597e-01	-9.253856e-01	1.397883e+01	2.889162e+00	3.020178e+00	2.986310e-01	-7.558852e-01	-6.336348e-03	9.562408e+00
8.342305e+01	8.282054e-01	-9.428437e-01	1.394756e+01	2.877794e+00	3.042809e+00	2.945582e-01	-7.856105e-01	-1.461198e-02	9.578428e+00
8.894687e+01	8.295463e-01	-9.651664e-01	1.392585e+01	2.868019e+00	3.059959e+00	2.814385e-01	-8.094193e-01	-4.058449e-02	9.602901e+00
8.683383e+01	8.874012e-01	-9.458628e-01	1.383963e+01	2.919126e+00	3.131509e+00	3.241749e-01	-8.273474e-01	-7.005243e-02	9.619963e+00
7.556650e+01	8.598040e-01	-9.657004e-01	1.386553e+01	2.874828e+00	3.104375e+00	3.072188e-01	-8.405540e-01	-1.020268e-01	9.645735e+00
7.720930e+01	8.793290e-01	-9.507977e-01	1.382940e+01	2.893331e+00	3.124528e+00	3.146108e-01	-8.256260e-01	-1.425538e-01	9.647575e+00
7.474024e+01	8.571521e-01	-9.517568e-01	1.383697e+01	2.881614e+00	3.111626e+00	3.097634e-01	-8.211621e-01	-1.667447e-01	9.656623e+00
7.748638e+01	8.479363e-01	-9.700481e-01	1.382695e+01	2.869512e+00	3.113667e+00	2.987405e-01	-8.324480e-01	-2.008202e-01	9.670287e+00
8.131134e+01	8.852173e-01	-9.512869e-01	1.375807e+01	2.913824e+00	3.171361e+00	3.194945e-01	-8.239548e-01	-2.300212e-01	9.665370e+00
9.112954e+01	8.164100e-01	-9.784668e-01	1.380541e+01	2.865093e+00	3.124710e+00	2.946046e-01	-8.439893e-01	-2.307571e-01	9.683621e+00
9.111217e+01	8.106937e-01	-9.780610e-01	1.379708e+01	2.846741e+00	3.110887e+00	2.882944e-01	-8.374482e-01	-2.405448e-01	9.683567e+00
2.330170e+02	8.435350e-01	-8.953257e-01	1.372440e+01	2.916398e+00	3.145495e+00	3.458324e-01	-7.492171e-01	-3.137181e-01	9.571943e+00
1.248909e+02	6.616612e-01	-9.435419e-01	1.392848e+01	2.741195e+00	2.951240e+00	2.617144e-01	-7.362402e-01	-3.325442e-01	9.531750e+00
1.173385e+02	6.030260e-01	-9.532090e-01	1.397983e+01	2.692435e+00	2.911204e+00	2.718764e-01	-7.594495e-01	-2.193065e-01	9.517757e+00
9.595971e+01	6.348526e-01	-9.310862e-01	1.392146e+01	2.729136e+00	2.960473e+00	3.221150e-01	-7.778981e-01	-1.338927e-01	9.512975e+00
9.232438e+01	6.619954e-01	-9.594786e-01	1.387945e+01	2.729112e+00	2.989327e+00	2.855801e-01	-8.090637e-01	-7.152062e-02	9.532933e+00
8.057341e+01	7.140961e-01	-9.465139e-01	1.380148e+01	2.766271e+00	3.048239e+00	3.156612e-01	-8.199562e-01	-4.258109e-02	9.544173e+00
8.539761e+01	7.765991e-01	-9.449913e-01	1.371952e+01	2.808558e+00	3.106237e+00	3.234379e-01	-8.271441e-01	-4.776554e-02	9.571250e+00
9.021179e+01	7.823192e-01	-9.724438e-01	1.370583e+01	2.788724e+00	3.095540e+00	2.843562e-01	-8.413018e-01	-8.610231e-02	9.610532e+00
7.633001e+01	8.123953e-01	-9.584660e-01	1.364163e+01	2.823064e+00	3.137058e+00	3.028743e-01	-8.344976e-01	-1.277694e-01	9.673025e+00
9.429090e+01	8.472446e-01	-9.376253e-01	1.359312e+01	2.836866e+00	3.149947e+00	3.075595e-01	-8.028069e-01	-1.533872e-01	9.683512e+00
7.565416e+01	7.314111e-01	-9.464616e-01	1.366410e+01	2.809287e+00	3.111256e+00	3.100424e-01	-8.092490e-01	-1.693178e-01	9.700468e+00
6.990204e+01	6.445757e-01	-9.543661e-01	1.371876e+01	2.783028e+00	3.065747e+00	3.077782e-01	-8.151172e-01	-1.787200e-01	9.715616e+00
7.011395e+01	6.204227e-01	-9.557842e-01	1.371650e+01	2.781656e+00	3.065951e+00	3.118984e-01	-8.280979e-01	-1.806981e-01	9.732669e+00
8.987464e+01	6.545226e-01	-9.301192e-01	1.366307e+01	2.805887e+00	3.096643e+00	3.236133e-01	-8.004025e-01	-1.610994e-01	9.700806e+00
8.377554e+01	6.263994e-01	-9.579448e-01	1.367983e+01	2.769997e+00	3.061395e+00	2.752220e-01	-8.144035e-01	-1.696263e-01	9.723140e+00
8.971292e+01	6.341528e-01	-9.617332e-01	1.365907e+01	2.771652e+00	3.060351e+00	2.702027e-01	-8.170083e-01	-1.624495e-01	9.733231e+00
1.371643e+02	6.867101e-01	-9.156759e-01	1.357335e+01	2.835486e+00	3.123516e+00	3.402402e-01	-8.138106e-01	-1.640714e-01	9.718201e+00
7.313658e+01	6.234342e-01	-9.362736e-01	1.366596e+01	2.728540e+00	3.019296e+00	3.167187e-01	-8.293364e-01	-1.754758e-01	9.731597e+00
1.154256e+02	5.800810e-01	-9.694429e-01	1.371744e+01	2.665845e+00	2.953617e+00	2.740882e-01	-8.402160e-01	-2.003083e-01	9.757853e+00
2.026023e+02	6.369576e-01	-8.700231e-01	1.366030e+01	2.720125e+00	2.976393e+00	3.170651e-01	-6.966153e-01	-2.966287e-01	9.586211e+00
1.183584e+02	5.829503e-01	-9.010123e-01	1.372886e+01	2.627429e+00	2.915987e+00	2.634397e-01	-6.780673e-01	-2.712196e-01	9.525146e+00
1.142366e+02	5.650011e-01	-9.270068e-01	1.373416e+01	2.599745e+00	2.924649e+00	2.572250e-01	-7.052678e-01	-1.788910e-01	9.511888e+00
1.159010e+02	6.024447e-01	-9.104948e-01	1.366580e+01	2.636432e+00	2.994435e+00	3.187172e-01	-7.385186e-01	-8.351430e-02	9.505300e+00
8.950227e+01	6.134977e-01	-9.483317e-01	1.364606e+01	2.606843e+00	3.011605e+00	2.893456e-01	-7.712889e-01	-3.201589e-02	9.528649e+00
8.312410e+01	6.598768e-01	-9.453230e-01	1.358004e+01	2.643052e+00	3.063979e+00	3.098180e-01	-7.958271e-01	-1.058644e-02	9.545722e+00
8.380459e+01	6.533653e-01	-9.592479e-01	1.356906e+01	2.643244e+00	3.066668e+00	2.935500e-01	-8.108878e-01	-1.011246e-02	9.566023e+00
7.860283e+01	6.985483e-01	-9.556266e-01	1.349554e+01	2.685760e+00	3.117440e+00	3.070523e-01	-8.242874e-01	-6.338976e-02	9.592257e+00
7.455629e+01	6.579200e-01	-9.619116e-01	1.349830e+01	2.694131e+00	3.115857e+00	3.039096e-01	-8.322996e-01	-1.067266e-01	9.617643e+00
8.200717e+01	6.706530e-01	-9.472211e-01	1.345918e+01	2.722764e+00	3.135435e+00	3.191577e-01	-8.269627e-01	-1.514604e-01	9.627559e+00
7.509123e+01	6.312240e-01	-9.616730e-01	1.349423e+01	2.685487e+00	3.091476e+00	2.969811e-01	-8.269714e-01	-1.822591e-01	9.644035e+00
7.557993e+01	6.181693e-01	-9.479937e-01	1.348436e+01	2.703667e+00	3.090274e+00	3.080836e-01	-8.165099e-01	-1.994573e-01	9.643657e+00
7.701720e+01	6.244953e-01	-9.490798e-01	1.346034e+01	2.723399e+00	3.102901e+00	3.245239e-01	-8.432192e-01	-1.964389e-01	9.694065e+00
8.937309e+01	5.663346e-01	-9.697438e-01	1.350135e+01	2.691383e+00	3.048693e+00	2.924183e-01	-8.416622e-01	-2.051775e-01	9.722628e+00
1.411315e+02	5.473467e-01	-8.947954e-01	1.351109e+01	2.702964e+00	3.001452e+00	3.099290e-01	-7.081587e-01	-2.732208e-01	9.585205e+00
1.254508e+02	5.433486e-01	-9.257566e-01	1.350098e+01	2.693734e+00	3.000593e+00	2.331142e-01	-6.869555e-01	-2.503436e-01	9.537507e+00
1.095153e+02	5.791751e-01	-9.138298e-01	1.342038e+01	2.753066e+00	3.078476e+00	2.834386e-01	-7.112633e-01	-1.628416e-01	9.518581e+00
8.875533e+01	4.932176e-01	-9.327390e-01	1.347514e+01	2.697782e+00	3.022081e+00	2.857189e-01	-7.411528e-01	-8.661072e-02	9.518110e+00
8.124722e+01	4.676065e-01	-9.473769e-01	1.347087e+01	2.684181e+00	3.025854e+00	2.971289e-01	-7.803302e-01	-3.672118e-02	9.534522e+00
7.763495e+01	4.605824e-01	-9.527058e-01	1.346448e+01	2.674004e+00	3.016495e+00	3.025393e-01	-8.064296e-01	-2.908067e-02	9.558632e+00
8.218894e+01	5.078131e-01	-9.453768e-01	1.339989e+01	2.717425e+00	3.071574e+00	3.206829e-01	-8.258436e-01	-4.028781e-02	9.582283e+00
7.472433e+01	4.629059e-01	-9.617734e-01	1.345265e+01	2.665763e+00	3.005503e+00	2.993584e-01	-8.368988e-01	-9.446075e-02	9.603216e+00
7.367535e+01	4.469162e-01	-9.483308e-01	1.346948e+01	2.650411e+00	2.967577e+00	3.132985e-01	-8.260083e-01	-1.348020e-01	9.607335e+00
8.108364e+01	4.962558e-01	-9.387373e-01	1.342193e+01	2.676807e+00	2.995876e+00	3.234149e-01	-8.270734e-01	-1.622450e-01	9.621734e+00
7.312568e+01	4.784321e-01	-9.526761e-01	1.344794e+01	2.642034e+00	2.951309e+00	3.007118e-01	-8.211650e-01	-1.846740e-01	9.635600e+00
7.166826e+01	5.109462e-01	-9.549855e-01	1.341505e+01	2.654737e+00	2.973152e+00	3.127261e-01	-8.477351e-01	-1.871531e-01	9.661994e+00
1.273923e+02	5.745234e-01	-9.154359e-01	1.334897e+01	2.705427e+00	3.020102e+00	3.264145e-01	-7.893354e-01	-2.012957e-01	9.611014e+00
8.980298e+01	4.414776e-01	-9.448340e-01	1.348264e+01	2.587916e+00	2.869661e+00	2.813332e-01	-7.781167e-01	-2.052070e-01	9.602207e+00
7.900692e+01	4.148171e-01	-9.411765e-01	1.347656e+01	2.591600e+00	2.866161e+00	3.095730e-01	-7.983110e-01	-1.657264e-01	9.610182e+00
7.508133e+01	4.326986e-01	-9.468004e-01	1.345767e+01	2.584740e+00	2.861784e+00	3.135765e-01	-8.213428e-01	-1.395969e-01	9.619680e+00
7.148702e+01	4.752953e-01	-9.501651e-01	1.341230e+01	2.602958e+00	2.883440e+00	3.113534e-01	-8.320781e-01	-1.409477e-01	9.637408e+00
7.375792e+01	5.243879e-01	-9.518756e-01	1.335591e+01	2.627283e+00	2.919493e+00	3.154842e-01	-8.503644e-01	-1.502189e-01	9.664084e+00
1.094700e+02	5.380410e-01	-9.654107e-01	1.332532e+01	2.642404e+00	2.933731e+00	3.083275e-01	-8.759129e-01	-1.946975e-01	9.682996e+00
1.793907e+02	5.793920e-01	-8.828838e-01	1.329002e+01	2.673390e+00	2.914218e+00	2.981116e-01	-7.096416e-01	-3.418519e-01	9.528716e+00
2.006452e+02	3.888947e-01	-9.401990e-01	1.346352e+01	2.559835e+00	2.755412e+00	2.005128e-01	-6.835396e-01	-3.208850e-01	9.491035e+00
1.203485e+02	3.600854e-01	-9.325761e-01	1.344354e+01	2.605910e+00	2.813091e+00	2.440754e-01	-7.081534e-01	-1.995376e-01	9.475898e+00
1.733404e+02	3.966207e-01	-8.953848e-01	1.335030e+01	2.704670e+00	2.931444e+00	3.316388e-01	-7.433269e-01	-5.914648e-02	9.467904e+00
2.477160e+02	3.292499e-01	-1.001528e+00	1.343513e+01	2.591544e+00	2.853665e+00	2.030977e-01	-7.700993e-01	1.043552e-02	9.508306e+00
1.318184e+02	3.794587e-01	-9.856518e-01	1.337168e+01	2.622797e+00	2.903935e+00	2.582623e-01	-7.848540e-01	3.521862e-02	9.523574e+00
1.058333e+02	4.732552e-01	-9.453791e-01	1.326265e+01	2.702760e+00	3.004531e+00	3.424964e-01	-8.013722e-01	2.531923e-02	9.534352e+00
8.492311e+01	4.567842e-01	-9.525356e-01	1.329163e+01	2.675103e+00	2.956285e+00	3.289659e-01	-8.069063e-01	1.503651e-02	9.545006e+00
8.795633e+01	4.333046e-01	-9.763561e-01	1.332280e+01	2.633163e+00	2.913445e+00	2.908586e-01	-8.117136e-01	-2.594525e-02	9.564464e+00
7.534531e+01	4.438869e-01	-9.588063e-01	1.330916e+01	2.638374e+00	2.902378e+00	3.149072e-01	-8.113357e-01	-5.417255e-02	9.567926e+00
8.463524e+01	4.815516e-01	-9.486459e-01	1.326595e+01	2.666256e+00	2.929127e+00	3.320054e-01	-8.240207e-01	-1.072413e-01	9.589360e+00
7.922632e+01	4.980697e-01	-9.716904e-01	1.325201e+01	2.651136e+00	2.929289e+00	2.994878e-01	-8.398750e-01	-1.519894e-01	9.621837e+00
8.856311e+01	4.788022e-01	-9.361416e-01	1.326803e+01	2.652701e+00	2.886773e+00	3.084909e-01	-7.776333e-01	-1.854442e-01	9.573412e+00
9.331493e+01	4.031312e-01	-9.562784e-01	1.333846e+01	2.585185e+00	2.804676e+00	2.760595e-01	-7.799799e-01	-1.710939e-01	9.572745e+00
8.359607e+01	4.156124e-01	-9.364880e-01	1.330139e+01	2.612958e+00	2.823976e+00	3.176827e-01	-7.954724e-01	-1.486933e-01	9.586773e+00
9.114792e+01	3.985451e-01	-9.322371e-01	1.330452e+01	2.613075e+00	2.804313e+00	3.301200e-01	-8.068148e-01	-1.336662e-01	9.598368e+00
9.358376e+01	4.032459e-01	-9.704584e-01	1.330072e+01	2.591504e+00	2.791655e+00	2.773864e-01	-8.233610e-01	-1.294490e-01	9.643485e+00
8.134981e+01	4.656710e-01	-9.532892e-01	1.323258e+01	2.619818e+00	2.832172e+00	2.832809e-01	-8.019600e-01	-1.177439e-01	9.633567e+00
1.246949e+02	4.769337e-01	-9.205016e-01	1.318867e+01	2.669232e+00	2.860973e+00	3.327518e-01	-7.962123e-01	-1.210109e-01	9.626822e+00
7.904929e+01	4.237079e-01	-9.408652e-01	1.324737e+01	2.601353e+00	2.777107e+00	3.138389e-01	-7.944050e-01	-1.280832e-01	9.637640e+00
9.574785e+01	3.675811e-01	-9.714089e-01	1.328326e+01	2.564597e+00	2.728331e+00	2.778393e-01	-8.117097e-01	-1.327256e-01	9.664773e+00
7.627545e+01	3.970021e-01	-9.619925e-01	1.323266e+01	2.589255e+00	2.756256e+00	2.940197e-01	-8.123526e-01	-1.526874e-01	9.676553e+00
1.145042e+02	4.512217e-01	-9.312334e-01	1.315499e+01	2.647206e+00	2.814918e+00	3.479435e-01	-8.321290e-01	-1.569421e-01	9.690189e+00
1.157518e+02	3.320073e-01	-9.790156e-01	1.324864e+01	2.574979e+00	2.694722e+00	2.815159e-01	-8.313087e-01	-1.738345e-01	9.772802e+00
7.312642e+01	3.592357e-01	-9.399092e-01	1.319086e+01	2.622157e+00	2.724964e+00	3.230470e-01	-8.062205e-01	-2.010854e-01	9.780024e+00
7.104205e+01	3.578491e-01	-9.389116e-01	1.319091e+01	2.611372e+00	2.702775e+00	3.146443e-01	-8.029528e-01	-2.100189e-01	9.790923e+00
8.284882e+01	3.591843e-01	-9.548843e-01	1.317613e+01	2.612662e+00	2.703707e+00	2.991312e-01	-8.395600e-01	-2.203391e-01	9.846243e+00
1.399994e+02	3.571698e-01	-8.840173e-01	1.318542e+01	2.614214e+00	2.647056e+00	2.994740e-01	-6.936576e-01	-2.617173e-01	9.670012e+00
1.677310e+02	3.426797e-01	-8.729109e-01	1.319136e+01	2.602325e+00	2.629734e+00	3.033632e-01	-6.774740e-01	-1.899040e-01	9.593496e+00
9.767852e+01	2.536309e-01	-9.263437e-01	1.326791e+01	2.528061e+00	2.551777e+00	2.661853e-01	-7.123220e-01	-6.058432e-02	9.592053e+00
8.945424e+01	2.832631e-01	-9.254570e-01	1.323278e+01	2.536283e+00	2.584002e+00	3.014585e-01	-7.399647e-01	6.544314e-03	9.586844e+00
9.939423e+01	3.142615e-01	-9.224633e-01	1.319692e+01	2.548810e+00	2.613993e+00	3.225178e-01	-7.661256e-01	2.610908e-02	9.589365e+00
9.565421e+01	3.533701e-01	-9.616130e-01	1.317026e+01	2.538071e+00	2.627157e+00	2.749839e-01	-7.861165e-01	1.184764e-02	9.612491e+00
7.889890e+01	4.120267e-01	-9.525226e-01	1.311499e+01	2.568567e+00	2.673615e+00	3.032032e-01	-8.029664e-01	-1.053496e-02	9.625345e+00
9.489852e+01	4.385328e-01	-9.408716e-01	1.306731e+01	2.610207e+00	2.709874e+00	3.311674e-01	-8.208702e-01	-4.937902e-02	9.634867e+00
8.426216e+01	3.371687e-01	-9.706899e-01	1.314189e+01	2.561263e+00	2.611062e+00	2.914471e-01	-8.284154e-01	-7.533842e-02	9.652708e+00
7.338023e+01	3.323010e-01	-9.524119e-01	1.313108e+01	2.576995e+00	2.607747e+00	3.035218e-01	-8.117749e-01	-1.157795e-01	9.646059e+00
9.133455e+01	3.370419e-01	-9.276945e-01	1.310844e+01	2.610637e+00	2.611404e+00	3.216957e-01	-8.039837e-01	-1.452743e-01	9.637598e+00
7.249550e+01	3.236883e-01	-9.516521e-01	1.312193e+01	2.583043e+00	2.581083e+00	2.970902e-01	-8.163958e-01	-1.635036e-01	9.670378e+00
1.213888e+02	3.300670e-01	-9.799269e-01	1.312730e+01	2.548610e+00	2.558314e+00	2.730780e-01	-8.430596e-01	-1.925645e-01	9.707413e+00
1.065022e+02	3.984963e-01	-9.312319e-01	1.303034e+01	2.626365e+00	2.639734e+00	3.401733e-01	-8.302619e-01	-2.206802e-01	9.692602e+00
1.165668e+02	2.770861e-01	-9.802368e-01	1.312491e+01	2.539958e+00	2.513979e+00	2.677298e-01	-8.241531e-01	-2.301682e-01	9.705946e+00
8.859620e+01	2.852951e-01	-9.390165e-01	1.310594e+01	2.554346e+00	2.494903e+00	2.909363e-01	-7.601580e-01	-2.898115e-01	9.626631e+00
1.281686e+02	3.079875e-01	-9.107965e-01	1.307622e+01	2.570653e+00	2.505215e+00	3.323117e-01	-7.660369e-01	-2.393905e-01	9.593485e+00
9.408390e+01	2.838975e-01	-9.603722e-01	1.308059e+01	2.555438e+00	2.491442e+00	2.740210e-01	-7.836699e-01	-1.859364e-01	9.611664e+00
7.702024e+01	3.153903e-01	-9.520190e-01	1.303175e+01	2.580328e+00	2.536440e+00	2.974951e-01	-7.956903e-01	-1.441787e-01	9.609754e+00
7.978652e+01	3.324559e-01	-9.464682e-01	1.299468e+01	2.609587e+00	2.563892e+00	3.231146e-01	-8.301056e-01	-1.182370e-01	9.630346e+00
8.231276e+01	3.333809e-01	-9.466356e-01	1.298037e+01	2.616120e+00	2.572401e+00	3.320251e-01	-8.404796e-01	-1.280005e-01	9.650003e+00
1.478357e+02	2.429655e-01	-9.882144e-01	1.306451e+01	2.549254e+00	2.467713e+00	2.732593e-01	-8.502258e-01	-1.514026e-01	9.683587e+00
1.446783e+02	2.621353e-01	-8.932736e-01	1.305879e+01	2.580521e+00	2.431172e+00	3.133102e-01	-6.976401e-01	-2.348548e-01	9.537150e+00
1.129414e+02	2.617373e-01	-9.012311e-01	1.308333e+01	2.544508e+00	2.378809e+00	2.771541e-01	-6.759730e-01	-2.150369e-01	9.486807e+00
1.001969e+02	2.437905e-01	-9.242153e-01	1.308311e+01	2.543080e+00	2.389580e+00	2.643405e-01	-7.014070e-01	-1.232034e-01	9.476250e+00
9.158866e+01	2.797743e-01	-9.284563e-01	1.304146e+01	2.555046e+00	2.435427e+00	2.831856e-01	-7.345090e-01	-4.808501e-02	9.477344e+00
9.167956e+01	3.023645e-01	-9.491942e-01	1.302127e+01	2.547324e+00	2.454065e+00	2.745271e-01	-7.691416e-01	-7.809565e-03	9.496562e+00
9.895943e+01	3.399942e-01	-9.332511e-01	1.296696e+01	2.589535e+00	2.512044e+00	3.185398e-01	-7.915995e-01	3.074271e-03	9.509185e+00
9.621363e+01	3.289569e-01	-9.716064e-01	1.297499e+01	2.565543e+00	2.501573e+00	2.738701e-01	-8.124878e-01	-3.209423e-02	9.537955e+00
8.615846e+01	3.166625e-01	-9.698683e-01	1.296556e+01	2.579892e+00	2.506580e+00	2.849126e-01	-8.203716e-01	-5.453303e-02	9.553056e+00
9.605444e+01	2.981678e-01	-9.376005e-01	1.294270e+01	2.636427e+00	2.525758e+00	3.348773e-01	-8.602682e-01	-9.131788e-02	9.606585e+00
1.405438e+02	2.132270e-01	-9.811963e-01	1.303580e+01	2.539966e+00	2.392466e+00	2.672528e-01	-8.582056e-01	-1.214725e-01	9.647947e+00
8.378455e+01	2.468022e-01	-9.336851e-01	1.299604e+01	2.570499e+00	2.407689e+00	3.274628e-01	-8.299709e-01	-1.583252e-01	9.640332e+00
8.147502e+01	2.433214e-01	-9.321124e-01	1.300830e+01	2.549860e+00	2.360409e+00	3.217110e-01	-8.228092e-01	-1.860435e-01	9.638338e+00
7.529029e+01	2.303375e-01	-9.507337e-01	1.302189e+01	2.533038e+00	2.316903e+00	2.905763e-01	-8.260744e-01	-2.086721e-01	9.652922e+00
7.203537e+01	2.850930e-01	-9.524375e-01	1.296385e+01	2.560263e+00	2.363594e+00	3.068735e-01	-8.480109e-01	-1.878954e-01	9.694799e+00
7.364842e+01	2.748970e-01	-9.398651e-01	1.294598e+01	2.581356e+00	2.372880e+00	3.186161e-01	-8.376803e-01	-1.886694e-01	9.698342e+00
7.390411e+01	3.028952e-01	-9.407662e-01	1.293210e+01	2.573845e+00	2.359988e+00	3.107886e-01	-8.229993e-01	-1.940928e-01	9.702399e+00
1.033202e+02	2.705021e-01	-9.723641e-01	1.295681e+01	2.548396e+00	2.311165e+00	2.813393e-01	-8.454319e-01	-2.141726e-01	9.731113e+00
1.035325e+02	3.152123e-01	-9.215038e-01	1.291580e+01	2.587735e+00	2.337749e+00	3.164426e-01	-7.806289e-01	-2.421810e-01	9.647118e+00
1.194197e+02	2.464745e-01	-9.674229e-01	1.297515e+01	2.511878e+00	2.276354e+00	2.557723e-01	-7.791505e-01	-2.091377e-01	9.640780e+00
7.872945e+01	2.801634e-01	-9.569175e-01	1.292284e+01	2.536139e+00	2.326298e+00	2.918914e-01	-8.013039e-01	-1.533836e-01	9.646696e+00
7.869986e+01	2.894705e-01	-9.445962e-01	1.287939e+01	2.568045e+00	2.365845e+00	3.174295e-01	-8.125978e-01	-1.255047e-01	9.651593e+00
7.807890e+01	2.809426e-01	-9.447732e-01	1.287497e+01	2.566796e+00	2.360002e+00	3.246950e-01	-8.305767e-01	-1.164734e-01	9.676786e+00
7.193852e+01	2.639903e-01	-9.499236e-01	1.287703e+01	2.559945e+00	2.348332e+00	3.180928e-01	-8.377619e-01	-1.121798e-01	9.696288e+00
7.530994e+01	2.114951e-01	-9.539344e-01	1.292010e+01	2.525476e+00	2.272342e+00	2.945964e-01	-8.084515e-01	-1.219888e-01	9.686418e+00
7.263048e+01	2.368264e-01	-9.491940e-01	1.290253e+01	2.522575e+00	2.265848e+00	3.039057e-01	-8.092767e-01	-1.230305e-01	9.692260e+00
8.338580e+01	2.483307e-01	-9.309575e-01	1.287929e+01	2.545434e+00	2.273068e+00	3.223755e-01	-8.311860e-01	-1.362782e-01	9.687123e+00
8.147481e+01	2.351619e-01	-9.567728e-01	1.292738e+01	2.481510e+00	2.189249e+00	2.891608e-01	-8.416128e-01	-1.515686e-01	9.703673e+00
1.132191e+02	2.987489e-01	-9.082206e-01	1.287303e+01	2.527938e+00	2.230900e+00	3.101915e-01	-7.678412e-01	-1.690163e-01	9.622311e+00
1.014677e+02	3.172909e-01	-9.157042e-01	1.286180e+01	2.511010e+00	2.238989e+00	2.980783e-01	-7.631349e-01	-1.647912e-01	9.604372e+00
1.039211e+02	1.777793e-01	-9.528608e-01	1.294585e+01	2.462633e+00	2.152339e+00	2.627530e-01	-7.796435e-01	-1.288845e-01	9.618338e+00
7.903153e+01	2.041209e-01	-9.356063e-01	1.290508e+01	2.507677e+00	2.196964e+00	2.970255e-01	-7.892297e-01	-1.099771e-01	9.620077e+00
7.360362e+01	1.946571e-01	-9.483874e-01	1.289112e+01	2.518157e+00	2.221893e+00	2.988828e-01	-8.218908e-01	-8.891347e-02	9.649536e+00
8.220098e+01	1.957924e-01	-9.469532e-01	1.287781e+01	2.524863e+00	2.230066e+00	3.084665e-01	-8.716773e-01	-9.023618e-02	9.714979e+00
7.757065e+01	2.597041e-01	-9.364822e-01	1.281819e+01	2.559405e+00	2.278909e+00	3.098803e-01	-8.557604e-01	-1.166892e-01	9.743664e+00
1.014916e+02	2.917090e-01	-9.129211e-01	1.278826e+01	2.585564e+00	2.286733e+00	3.007997e-01	-8.129044e-01	-1.417434e-01	9.698071e+00
9.615929e+01	1.268024e-01	-9.426487e-01	1.292056e+01	2.493761e+00	2.141452e+00	2.583448e-01	-7.971639e-01	-1.644035e-01	9.682510e+00
1.105975e+02	1.212280e-01	-9.079809e-01	1.290708e+01	2.518540e+00	2.182393e+00	3.291153e-01	-8.005222e-01	-1.405192e-01	9.667205e+00
1.018373e+02	1.146811e-01	-9.179963e-01	1.291148e+01	2.507410e+00	2.181917e+00	3.385353e-01	-8.221673e-01	-1.424878e-01	9.688917e+00
2.064875e+02	1.101435e-01	-9.891836e-01	1.294303e+01	2.450174e+00	2.138231e+00	2.569601e-01	-8.491798e-01	-1.655192e-01	9.752374e+00
1.210611e+02	2.586784e-01	-9.049136e-01	1.281736e+01	2.526727e+00	2.242626e+00	3.031280e-01	-7.135790e-01	-2.376959e-01	9.610647e+00
1.249686e+02	2.895118e-01	-9.053602e-01	1.280755e+01	2.499160e+00	2.253341e+00	3.017749e-01	-6.932499e-01	-2.007856e-01	9.557222e+00
1.213748e+02	1.480359e-01	-9.477287e-01	1.288795e+01	2.450163e+00	2.179607e+00	2.495144e-01	-7.125852e-01	-1.514272e-01	9.543321e+00
8.702916e+01	1.385810e-01	-9.336875e-01	1.287187e+01	2.474368e+00	2.210213e+00	2.882187e-01	-7.439639e-01	-9.167677e-02	9.539977e+00
1.105482e+02	1.729420e-01	-9.197168e-01	1.281520e+01	2.516122e+00	2.277946e+00	3.277529e-01	-7.741940e-01	-5.117282e-02	9.549900e+00
9.168946e+01	1.994068e-01	-9.323279e-01	1.279951e+01	2.503809e+00	2.282062e+00	3.224633e-01	-7.956245e-01	-4.964305e-02	9.567664e+00
1.276965e+02	1.284280e-01	-9.836286e-01	1.285664e+01	2.449370e+00	2.213430e+00	2.600098e-01	-8.159798e-01	-5.767403e-02	9.600466e+00
7.637208e+01	2.159790e-01	-9.555101e-01	1.274708e+01	2.521532e+00	2.323247e+00	2.985185e-01	-8.173024e-01	-5.926817e-02	9.604047e+00
7.555811e+01	2.026735e-01	-9.487466e-01	1.273678e+01	2.532239e+00	2.313172e+00	3.109360e-01	-8.220057e-01	-1.000609e-01	9.618073e+00
7.195636e+01	2.107887e-01	-9.551546e-01	1.272728e+01	2.525666e+00	2.300915e+00	3.031992e-01	-8.326653e-01	-1.355444e-01	9.636866e+00
6.879524e+01	1.406578e-01	-9.560344e-01	1.276424e+01	2.513261e+00	2.241778e+00	3.065939e-01	-8.337871e-01	-1.711748e-01	9.654424e+00
6.895095e+01	9.401455e-02	-9.481898e-01	1.279202e+01	2.512598e+00	2.179884e+00	3.168287e-01	-8.235913e-01	-2.016334e-01	9.661215e+00
7.287724e+01	1.367441e-01	-9.508241e-01	1.275411e+01	2.525307e+00	2.209507e+00	3.228443e-01	-8.537507e-01	-2.073183e-01	9.703093e+00
1.087603e+02	1.450763e-01	-9.139648e-01	1.275144e+01	2.522216e+00	2.177300e+00	3.194347e-01	-7.692244e-01	-2.290262e-01	9.621588e+00
1.198956e+02	1.556982e-01	-9.499445e-01	1.277103e+01	2.480540e+00	2.123019e+00	2.454725e-01	-7.489989e-01	-2.238402e-01	9.600569e+00
