# loss | a0 ... a8
1.240618e+03	-3.741786e-01	-7.758750e-01	1.048513e+01	6.058482e-01	3.284286e+00	2.914714e-01	-9.904714e-01	-2.449330e-01	9.305804e+00
5.675105e+02	-5.551659e-01	-9.421797e-01	1.072483e+01	4.160600e-01	3.083709e+00	1.648204e-01	-7.847180e-01	-9.199369e-02	9.495365e+00
1.145004e+03	-7.310640e-01	-1.030993e+00	1.095016e+01	4.367306e-01	2.888897e+00	1.443234e-01	-9.119048e-01	8.501184e-02	9.679071e+00
2.138384e+02	-8.412030e-01	-9.448612e-01	1.113337e+01	4.472461e-01	2.756556e+00	2.087815e-01	-7.695252e-01	1.936526e-01	9.555618e+00
1.412756e+02	-9.287177e-01	-8.792325e-01	1.128871e+01	4.744739e-01	2.645168e+00	2.730594e-01	-6.961412e-01	2.784493e-01	9.450946e+00
2.311496e+02	-9.833905e-01	-8.441481e-01	1.140080e+01	5.216243e-01	2.567951e+00	3.073352e-01	-6.721024e-01	3.333598e-01	9.375996e+00
2.540707e+02	-1.023901e+00	-8.343651e-01	1.149510e+01	5.833076e-01	2.506392e+00	3.003915e-01	-6.663243e-01	3.734520e-01	9.318550e+00
2.141508e+02	-1.047839e+00	-8.410996e-01	1.157018e+01	6.424615e-01	2.459791e+00	2.789410e-01	-6.742440e-01	3.962561e-01	9.278927e+00
1.788186e+02	-1.061301e+00	-8.563379e-01	1.163033e+01	7.184398e-01	2.428872e+00	2.511460e-01	-6.849980e-01	4.107096e-01	9.249122e+00
1.732877e+02	-1.065192e+00	-8.717691e-01	1.167741e+01	7.997295e-01	2.408690e+00	2.361533e-01	-6.985320e-01	4.155496e-01	9.228784e+00
1.753022e+02	-1.061376e+00	-8.845425e-01	1.171606e+01	8.813862e-01	2.399370e+00	2.314533e-01	-7.109028e-01	4.153433e-01	9.213519e+00
1.707578e+02	-1.050420e+00	-8.930100e-01	1.174690e+01	9.634333e-01	2.399330e+00	2.382583e-01	-7.227424e-01	4.102774e-01	9.203001e+00
1.613543e+02	-1.035215e+00	-8.987113e-01	1.177139e+01	1.048505e+00	2.406491e+00	2.518328e-01	-7.330652e-01	4.017628e-01	9.196197e+00
1.538552e+02	-1.015604e+00	-9.043080e-01	1.179040e+01	1.133768e+00	2.420012e+00	2.619032e-01	-7.423056e-01	3.903530e-01	9.193238e+00
1.448375e+02	-9.925134e-01	-9.062822e-01	1.180459e+01	1.220282e+00	2.440651e+00	2.775533e-01	-7.501519e-01	3.770530e-01	9.192233e+00
1.386315e+02	-9.657406e-01	-9.106805e-01	1.181453e+01	1.305895e+00	2.467825e+00	2.829204e-01	-7.569643e-01	3.622145e-01	9.194121e+00
1.325392e+02	-9.372405e-01	-9.123070e-01	1.182110e+01	1.391723e+00	2.498805e+00	2.931165e-01	-7.627589e-01	3.464084e-01	9.197384e+00
1.269164e+02	-9.064919e-01	-9.150382e-01	1.182453e+01	1.476416e+00	2.534468e+00	2.987568e-01	-7.677309e-01	3.299193e-01	9.202552e+00
1.210903e+02	-8.743325e-01	-9.182675e-01	1.182572e+01	1.556263e+00	2.572302e+00	2.996079e-01	-7.719898e-01	3.130004e-01	9.208801e+00
1.158473e+02	-8.410136e-01	-9.211190e-01	1.182492e+01	1.632366e+00	2.612705e+00	3.012353e-01	-7.755884e-01	2.959631e-01	9.216223e+00
1.105514e+02	-8.065269e-01	-9.250406e-01	1.182264e+01	1.704153e+00	2.654037e+00	2.982506e-01	-7.787299e-01	2.788334e-01	9.224562e+00
1.062965e+02	-7.711933e-01	-9.285555e-01	1.181861e+01	1.774082e+00	2.697407e+00	2.966043e-01	-7.814570e-01	2.617645e-01	9.233714e+00
1.032015e+02	-7.359014e-01	-9.318469e-01	1.181523e+01	1.833055e+00	2.737266e+00	2.945815e-01	-7.837186e-01	2.449886e-01	9.243209e+00
1.006086e+02	-7.008562e-01	-9.340351e-01	1.181157e+01	1.890725e+00	2.775107e+00	2.962329e-01	-7.861290e-01	2.285926e-01	9.253237e+00
9.849512e+01	-6.661977e-01	-9.372938e-01	1.180967e+01	1.928828e+00	2.806941e+00	2.942531e-01	-7.880993e-01	2.124627e-01	9.263746e+00
9.709261e+01	-6.315405e-01	-9.404260e-01	1.180851e+01	1.954953e+00	2.834717e+00	2.918300e-01	-7.902225e-01	1.941254e-01	9.274677e+00
9.586950e+01	-5.988056e-01	-9.424619e-01	1.180906e+01	1.974014e+00	2.855102e+00	2.933438e-01	-7.917533e-01	1.767364e-01	9.285715e+00
9.448678e+01	-5.678807e-01	-9.431976e-01	1.181280e+01	1.978536e+00	2.865030e+00	2.975751e-01	-7.939051e-01	1.558991e-01	9.296992e+00
9.280614e+01	-5.377363e-01	-9.456238e-01	1.181731e+01	1.976036e+00	2.871320e+00	2.963030e-01	-7.952877e-01	1.366001e-01	9.308677e+00
9.140153e+01	-5.081383e-01	-9.484143e-01	1.182370e+01	1.958190e+00	2.870583e+00	2.926166e-01	-7.962020e-01	1.186943e-01	9.320132e+00
8.934956e+01	-4.810851e-01	-9.494175e-01	1.183123e+01	1.942045e+00	2.864152e+00	2.961320e-01	-7.974371e-01	1.001299e-01	9.331899e+00
8.764954e+01	-4.544593e-01	-9.517443e-01	1.183890e+01	1.922830e+00	2.856510e+00	2.962374e-01	-7.992767e-01	7.980955e-02	9.345020e+00
8.565120e+01	-4.303598e-01	-9.517668e-01	1.184914e+01	1.898743e+00	2.840646e+00	3.008584e-01	-8.001929e-01	6.135915e-02	9.357049e+00
8.466151e+01	-4.070287e-01	-9.493660e-01	1.185789e+01	1.887625e+00	2.825454e+00	3.101917e-01	-8.009868e-01	4.342338e-02	9.368629e+00
8.294395e+01	-3.856266e-01	-9.508808e-01	1.186983e+01	1.856991e+00	2.802256e+00	3.083022e-01	-8.017527e-01	2.661913e-02	9.380782e+00
8.180930e+01	-3.664148e-01	-9.533209e-01	1.188387e+01	1.821070e+00	2.773235e+00	3.059086e-01	-8.025132e-01	1.028284e-02	9.393489e+00
8.089868e+01	-3.470092e-01	-9.536896e-01	1.189550e+01	1.796152e+00	2.748799e+00	3.069325e-01	-8.037048e-01	-5.922544e-03	9.406320e+00
8.062399e+01	-3.285697e-01	-9.550207e-01	1.190612e+01	1.778867e+00	2.724496e+00	3.060274e-01	-8.051190e-01	-2.169587e-02	9.420122e+00
7.945200e+01	-3.109813e-01	-9.539559e-01	1.191610e+01	1.767368e+00	2.701907e+00	3.104763e-01	-8.057670e-01	-3.598356e-02	9.432923e+00
7.875991e+01	-2.923989e-01	-9.527979e-01	1.192442e+01	1.757301e+00	2.681643e+00	3.148698e-01	-8.062263e-01	-4.863594e-02	9.445738e+00
7.834055e+01	-2.771335e-01	-9.521608e-01	1.193311e+01	1.758455e+00	2.660319e+00	3.162622e-01	-8.066661e-01	-6.058373e-02	9.458463e+00
7.807492e+01	-2.622292e-01	-9.510523e-01	1.194062e+01	1.762932e+00	2.642501e+00	3.190024e-01	-8.066898e-01	-7.108798e-02	9.470742e+00
7.766432e+01	-2.490943e-01	-9.514144e-01	1.194884e+01	1.771983e+00	2.621265e+00	3.173352e-01	-8.070859e-01	-8.071522e-02	9.483409e+00
7.725323e+01	-2.375443e-01	-9.516697e-01	1.195825e+01	1.780418e+00	2.596160e+00	3.171850e-01	-8.075863e-01	-8.928458e-02	9.496131e+00
7.669382e+01	-2.263934e-01	-9.521788e-01	1.196587e+01	1.796531e+00	2.576009e+00	3.153367e-01	-8.076073e-01	-9.674504e-02	9.510081e+00
7.591149e+01	-2.145092e-01	-9.525001e-01	1.197199e+01	1.816982e+00	2.559127e+00	3.150746e-01	-8.086100e-01	-1.041233e-01	9.524207e+00
7.528718e+01	-2.056172e-01	-9.528155e-01	1.197973e+01	1.837517e+00	2.538721e+00	3.140944e-01	-8.088849e-01	-1.104239e-01	9.537223e+00
7.468154e+01	-1.972725e-01	-9.510583e-01	1.198659e+01	1.867661e+00	2.518994e+00	3.184549e-01	-8.091038e-01	-1.158540e-01	9.549452e+00
7.388894e+01	-1.904150e-01	-9.526614e-01	1.199568e+01	1.885688e+00	2.496764e+00	3.150824e-01	-8.095460e-01	-1.208957e-01	9.562420e+00
7.338868e+01	-1.840909e-01	-9.517504e-01	1.200259e+01	1.917863e+00	2.476428e+00	3.178430e-01	-8.095394e-01	-1.248158e-01	9.574140e+00
7.273091e+01	-1.789967e-01	-9.540532e-01	1.201268e+01	1.930460e+00	2.451508e+00	3.133559e-01	-8.099372e-01	-1.287001e-01	9.587314e+00
7.223916e+01	-1.737294e-01	-9.548891e-01	1.202187e+01	1.946380e+00	2.429389e+00	3.127772e-01	-8.104317e-01	-1.325039e-01	9.600194e+00
7.188937e+01	-1.697703e-01	-9.558919e-01	1.203233e+01	1.959224e+00	2.403750e+00	3.119423e-01	-8.103092e-01	-1.351128e-01	9.612360e+00
7.117872e+01	-1.666599e-01	-9.583910e-01	1.204355e+01	1.967361e+00	2.378828e+00	3.113284e-01	-8.116321e-01	-1.373221e-01	9.629277e+00
6.972823e+01	-1.629892e-01	-9.581846e-01	1.205324e+01	1.984544e+00	2.354720e+00	3.140182e-01	-8.117555e-01	-1.390464e-01	9.643681e+00
6.881275e+01	-1.566745e-01	-9.580846e-01	1.206002e+01	2.005066e+00	2.336215e+00	3.151430e-01	-8.117304e-01	-1.400976e-01	9.657711e+00
6.757822e+01	-1.537859e-01	-9.576108e-01	1.206982e+01	2.022465e+00	2.313047e+00	3.178444e-01	-8.128052e-01	-1.432917e-01	9.672920e+00
6.692341e+01	-1.513349e-01	-9.557816e-01	1.207858e+01	2.048052e+00	2.290608e+00	3.215904e-01	-8.128289e-01	-1.456771e-01	9.685753e+00
6.624351e+01	-1.486939e-01	-9.568388e-01	1.208842e+01	2.060224e+00	2.267059e+00	3.195859e-01	-8.135713e-01	-1.493381e-01	9.699644e+00
6.594355e+01	-1.480485e-01	-9.575790e-01	1.209960e+01	2.072522e+00	2.241245e+00	3.181080e-01	-8.136707e-01	-1.532045e-01	9.712680e+00
6.578852e+01	-1.449284e-01	-9.575024e-01	1.210883e+01	2.083301e+00	2.218959e+00	3.173966e-01	-8.131613e-01	-1.558503e-01	9.724074e+00
6.517858e+01	-1.416498e-01	-9.555505e-01	1.211683e+01	2.101572e+00	2.201676e+00	3.201561e-01	-8.118538e-01	-1.573548e-01	9.733103e+00
6.507510e+01	-1.382689e-01	-9.550210e-01	1.212578e+01	2.110112e+00	2.179624e+00	3.179867e-01	-8.105873e-01	-1.586406e-01	9.741149e+00
6.520525e+01	-1.328450e-01	-9.551063e-01	1.213139e+01	2.127652e+00	2.167496e+00	3.150328e-01	-8.095255e-01	-1.588357e-01	9.749489e+00
6.490168e+01	-1.295727e-01	-9.537212e-01	1.214022e+01	2.134417e+00	2.145753e+00	3.158096e-01	-8.083846e-01	-1.593424e-01	9.755384e+00
6.477836e+01	-1.244757e-01	-9.520428e-01	1.214763e+01	2.138736e+00	2.127439e+00	3.166739e-01	-8.075336e-01	-1.592814e-01	9.760254e+00
6.462767e+01	-1.214035e-01	-9.513936e-01	1.215616e+01	2.144990e+00	2.107060e+00	3.167757e-01	-8.071099e-01	-1.595357e-01	9.767154e+00
6.446759e+01	-1.169108e-01	-9.509706e-01	1.216225e+01	2.163459e+00	2.090591e+00	3.163499e-01	-8.068541e-01	-1.600599e-01	9.775855e+00
6.436542e+01	-1.140634e-01	-9.508327e-01	1.217075e+01	2.166448e+00	2.071204e+00	3.158170e-01	-8.066190e-01	-1.599516e-01	9.783158e+00
6.427009e+01	-1.113309e-01	-9.499709e-01	1.217992e+01	2.164358e+00	2.052156e+00	3.167224e-01	-8.063085e-01	-1.592576e-01	9.788807e+00
6.427180e+01	-1.082456e-01	-9.501195e-01	1.218756e+01	2.168583e+00	2.035268e+00	3.153476e-01	-8.059908e-01	-1.587523e-01	9.796997e+00
6.414971e+01	-1.052040e-01	-9.494680e-01	1.219447e+01	2.176057e+00	2.022662e+00	3.157624e-01	-8.055441e-01	-1.579077e-01	9.803600e+00
6.415117e+01	-1.017964e-01	-9.492334e-01	1.220112e+01	2.181950e+00	2.008634e+00	3.150393e-01	-8.050866e-01	-1.568285e-01	9.809709e+00
6.418674e+01	-9.711199e-02	-9.486817e-01	1.220638e+01	2.189662e+00	1.995448e+00	3.140275e-01	-8.044974e-01	-1.555695e-01	9.814407e+00
6.409585e+01	-9.375757e-02	-9.481267e-01	1.221224e+01	2.197775e+00	1.984689e+00	3.145324e-01	-8.040923e-01	-1.539988e-01	9.818832e+00
6.398583e+01	-9.078177e-02	-9.474911e-01	1.221679e+01	2.209171e+00	1.980563e+00	3.148834e-01	-8.035676e-01	-1.530890e-01	9.824425e+00
6.395186e+01	-8.740845e-02	-9.472226e-01	1.222217e+01	2.216908e+00	1.971045e+00	3.147329e-01	-8.034066e-01	-1.512796e-01	9.829860e+00
6.391597e+01	-8.433231e-02	-9.472361e-01	1.222727e+01	2.227062e+00	1.962093e+00	3.144996e-01	-8.031758e-01	-1.492140e-01	9.835068e+00
6.392043e+01	-8.113136e-02	-9.470657e-01	1.223256e+01	2.233965e+00	1.953948e+00	3.140852e-01	-8.030442e-01	-1.475114e-01	9.839162e+00
6.392510e+01	-7.641676e-02	-9.459399e-01	1.223538e+01	2.246390e+00	1.953172e+00	3.166749e-01	-8.028015e-01	-1.461463e-01	9.842672e+00
6.393547e+01	-7.393170e-02	-9.467411e-01	1.224125e+01	2.250083e+00	1.944325e+00	3.137072e-01	-8.028207e-01	-1.447034e-01	9.846217e+00
6.398000e+01	-7.077348e-02	-9.466733e-01	1.224663e+01	2.254957e+00	1.934531e+00	3.132227e-01	-8.024899e-01	-1.425372e-01	9.848548e+00
6.410547e+01	-6.870250e-02	-9.470605e-01	1.225247e+01	2.258534e+00	1.926965e+00	3.118227e-01	-8.023816e-01	-1.410572e-01	9.850950e+00
6.502500e+01	-6.563612e-02	-9.485553e-01	1.225967e+01	2.246130e+00	1.914124e+00	3.082414e-01	-8.020649e-01	-1.399304e-01	9.853278e+00
6.420307e+01	-6.358952e-02	-9.467763e-01	1.226435e+01	2.256222e+00	1.910523e+00	3.121773e-01	-8.014780e-01	-1.375549e-01	9.853088e+00
6.411148e+01	-6.087736e-02	-9.463051e-01	1.226811e+01	2.266616e+00	1.910854e+00	3.129675e-01	-8.013328e-01	-1.350480e-01	9.854430e+00
6.409366e+01	-5.905115e-02	-9.450472e-01	1.227268e+01	2.276835e+00	1.908588e+00	3.154074e-01	-8.012718e-01	-1.335052e-01	9.854576e+00
6.460125e+01	-5.945243e-02	-9.433454e-01	1.227832e+01	2.292140e+00	1.905717e+00	3.201869e-01	-8.020052e-01	-1.330162e-01	9.855081e+00
6.395771e+01	-5.790193e-02	-9.452326e-01	1.228376e+01	2.293945e+00	1.901441e+00	3.146889e-01	-8.021920e-01	-1.327662e-01	9.857562e+00
6.400539e+01	-5.466797e-02	-9.454285e-01	1.228701e+01	2.296789e+00	1.903172e+00	3.129153e-01	-8.026623e-01	-1.325540e-01	9.860078e+00
6.438247e+01	-5.359674e-02	-9.471834e-01	1.229267e+01	2.296879e+00	1.898323e+00	3.097506e-01	-8.026815e-01	-1.327186e-01	9.864128e+00
6.529661e+01	-5.550153e-02	-9.487611e-01	1.230056e+01	2.295904e+00	1.889878e+00	3.062996e-01	-8.022443e-01	-1.309684e-01	9.866772e+00
6.429936e+01	-5.342002e-02	-9.473454e-01	1.230474e+01	2.302672e+00	1.889532e+00	3.103397e-01	-8.016899e-01	-1.302203e-01	9.867522e+00
6.409195e+01	-4.973712e-02	-9.461858e-01	1.230828e+01	2.309853e+00	1.885754e+00	3.112658e-01	-8.009223e-01	-1.285513e-01	9.870329e+00
6.394656e+01	-4.777324e-02	-9.444578e-01	1.231204e+01	2.318799e+00	1.888013e+00	3.151625e-01	-8.005737e-01	-1.273556e-01	9.872286e+00
6.393505e+01	-4.378509e-02	-9.447829e-01	1.231468e+01	2.324477e+00	1.891421e+00	3.149900e-01	-8.009386e-01	-1.272980e-01	9.876142e+00
6.392003e+01	-4.264970e-02	-9.445947e-01	1.231935e+01	2.329049e+00	1.891886e+00	3.152193e-01	-8.010680e-01	-1.271824e-01	9.878243e+00
6.389500e+01	-4.324657e-02	-9.453154e-01	1.232647e+01	2.327820e+00	1.883563e+00	3.132472e-01	-8.014027e-01	-1.269858e-01	9.879982e+00
6.392246e+01	-4.203810e-02	-9.455973e-01	1.233081e+01	2.330661e+00	1.884655e+00	3.127989e-01	-8.014410e-01	-1.272020e-01	9.881843e+00
6.418202e+01	-4.241095e-02	-9.463879e-01	1.233788e+01	2.320004e+00	1.876824e+00	3.115245e-01	-8.011998e-01	-1.264659e-01	9.882842e+00
6.396363e+01	-4.070794e-02	-9.455533e-01	1.234112e+01	2.326363e+00	1.880092e+00	3.128888e-01	-8.009109e-01	-1.260055e-01	9.883072e+00
6.383677e+01	-3.911578e-02	-9.450421e-01	1.234423e+01	2.335437e+00	1.882378e+00	3.143806e-01	-8.007873e-01	-1.255639e-01	9.886344e+00
6.382745e+01	-3.735016e-02	-9.444195e-01	1.234750e+01	2.340860e+00	1.886049e+00	3.144880e-01	-8.005212e-01	-1.248802e-01	9.888150e+00
6.383323e+01	-3.616728e-02	-9.440459e-01	1.234968e+01	2.352097e+00	1.899022e+00	3.149682e-01	-8.003818e-01	-1.236830e-01	9.889782e+00
6.383015e+01	-3.469288e-02	-9.444878e-01	1.235384e+01	2.352771e+00	1.899640e+00	3.130525e-01	-8.004575e-01	-1.235935e-01	9.891449e+00
6.382340e+01	-3.378868e-02	-9.441140e-01	1.235671e+01	2.362432e+00	1.909492e+00	3.135207e-01	-8.005285e-01	-1.233595e-01	9.892023e+00
6.390299e+01	-3.254361e-02	-9.449043e-01	1.236160e+01	2.358987e+00	1.907566e+00	3.112537e-01	-8.004580e-01	-1.231329e-01	9.895456e+00
6.396259e+01	-2.909223e-02	-9.445945e-01	1.236394e+01	2.357881e+00	1.911510e+00	3.108980e-01	-8.003791e-01	-1.230295e-01	9.897614e+00
6.399689e+01	-2.832651e-02	-9.447087e-01	1.236918e+01	2.354858e+00	1.909038e+00	3.106844e-01	-7.999890e-01	-1.220110e-01	9.898711e+00
6.384278e+01	-2.849839e-02	-9.436587e-01	1.237394e+01	2.358459e+00	1.911330e+00	3.130177e-01	-7.997267e-01	-1.198946e-01	9.898140e+00
6.393222e+01	-2.764125e-02	-9.440556e-01	1.237916e+01	2.354710e+00	1.908645e+00	3.114419e-01	-7.993613e-01	-1.186676e-01	9.898019e+00
6.394321e+01	-2.608327e-02	-9.439843e-01	1.238149e+01	2.368836e+00	1.914940e+00	3.107347e-01	-7.994354e-01	-1.170908e-01	9.898185e+00
6.399606e+01	-2.534018e-02	-9.442759e-01	1.238728e+01	2.363383e+00	1.912076e+00	3.106556e-01	-7.994222e-01	-1.165837e-01	9.897758e+00
6.391806e+01	-2.760053e-02	-9.447596e-01	1.239497e+01	2.357016e+00	1.908427e+00	3.121529e-01	-7.993894e-01	-1.168011e-01	9.900294e+00
6.393091e+01	-2.615437e-02	-9.444061e-01	1.239965e+01	2.354665e+00	1.907843e+00	3.123833e-01	-7.994493e-01	-1.162616e-01	9.901016e+00
6.411606e+01	-2.150193e-02	-9.448332e-01	1.240078e+01	2.357147e+00	1.915355e+00	3.106656e-01	-7.993612e-01	-1.155386e-01	9.902959e+00
6.395532e+01	-2.033981e-02	-9.439509e-01	1.240504e+01	2.357578e+00	1.916295e+00	3.126812e-01	-7.995046e-01	-1.152088e-01	9.902983e+00
6.389615e+01	-2.217808e-02	-9.434783e-01	1.241202e+01	2.353442e+00	1.912976e+00	3.153863e-01	-7.997039e-01	-1.150615e-01	9.903071e+00
6.389313e+01	-2.044493e-02	-9.433482e-01	1.241565e+01	2.355365e+00	1.915848e+00	3.145676e-01	-7.999750e-01	-1.154089e-01	9.905009e+00
6.384091e+01	-1.952750e-02	-9.432684e-01	1.241753e+01	2.364996e+00	1.929121e+00	3.144093e-01	-8.002759e-01	-1.152092e-01	9.906586e+00
6.389588e+01	-1.769969e-02	-9.436767e-01	1.242115e+01	2.365510e+00	1.931131e+00	3.126578e-01	-8.003411e-01	-1.157829e-01	9.910414e+00
6.383260e+01	-1.530497e-02	-9.427973e-01	1.242315e+01	2.376324e+00	1.937017e+00	3.135957e-01	-8.005173e-01	-1.158648e-01	9.912659e+00
6.393409e+01	-1.376995e-02	-9.434440e-01	1.242729e+01	2.374167e+00	1.938302e+00	3.114914e-01	-8.001462e-01	-1.158229e-01	9.914812e+00
6.381941e+01	-1.186516e-02	-9.423357e-01	1.242970e+01	2.383469e+00	1.943784e+00	3.140419e-01	-7.996217e-01	-1.137660e-01	9.919470e+00
6.395867e+01	-1.065031e-02	-9.432850e-01	1.243425e+01	2.379090e+00	1.943968e+00	3.106267e-01	-7.991924e-01	-1.131343e-01	9.922663e+00
6.395287e+01	-1.197269e-02	-9.437571e-01	1.243912e+01	2.384776e+00	1.948074e+00	3.106257e-01	-7.991844e-01	-1.119611e-01	9.925882e+00
6.394595e+01	-1.034419e-02	-9.432367e-01	1.244325e+01	2.381614e+00	1.948759e+00	3.102391e-01	-7.983199e-01	-1.101697e-01	9.925549e+00
6.433629e+01	-1.011479e-02	-9.434355e-01	1.244962e+01	2.372407e+00	1.941700e+00	3.077352e-01	-7.980810e-01	-1.087289e-01	9.924437e+00
6.389557e+01	-8.121244e-03	-9.416671e-01	1.245286e+01	2.374431e+00	1.945786e+00	3.117080e-01	-7.975755e-01	-1.068390e-01	9.925478e+00
6.463926e+01	-7.522814e-03	-9.388050e-01	1.245724e+01	2.370807e+00	1.949797e+00	3.187675e-01	-7.976239e-01	-1.047099e-01	9.923942e+00
6.385847e+01	-5.798654e-03	-9.411382e-01	1.246067e+01	2.370548e+00	1.953544e+00	3.141907e-01	-7.991397e-01	-1.079040e-01	9.927815e+00
6.441124e+01	-5.981931e-03	-9.436787e-01	1.246511e+01	2.371622e+00	1.958983e+00	3.090075e-01	-7.998576e-01	-1.106928e-01	9.931241e+00
6.437762e+01	-3.895080e-03	-9.439354e-01	1.246767e+01	2.374700e+00	1.964307e+00	3.102387e-01	-8.003895e-01	-1.130483e-01	9.933053e+00
6.418037e+01	-2.822225e-03	-9.428655e-01	1.247334e+01	2.361563e+00	1.961662e+00	3.109467e-01	-7.990062e-01	-1.124598e-01	9.928800e+00
6.389142e+01	-3.459713e-04	-9.413100e-01	1.247496e+01	2.372266e+00	1.970007e+00	3.137870e-01	-7.984320e-01	-1.112421e-01	9.926800e+00
6.410615e+01	4.609875e-03	-9.396705e-01	1.247192e+01	2.399351e+00	1.986978e+00	3.136594e-01	-7.980271e-01	-1.101285e-01	9.926561e+00
6.399439e+01	5.739073e-03	-9.404086e-01	1.247489e+01	2.400754e+00	1.990971e+00	3.127461e-01	-7.982746e-01	-1.098928e-01	9.927499e+00
6.388736e+01	4.400929e-03	-9.415414e-01	1.247820e+01	2.409860e+00	1.999225e+00	3.114930e-01	-7.983988e-01	-1.093663e-01	9.930058e+00
6.401522e+01	5.118292e-03	-9.427000e-01	1.248268e+01	2.404858e+00	1.999435e+00	3.095668e-01	-7.986654e-01	-1.095152e-01	9.932005e+00
6.489409e+01	6.065849e-03	-9.442319e-01	1.248807e+01	2.393564e+00	1.996438e+00	3.054473e-01	-7.983423e-01	-1.088769e-01	9.936370e+00
6.404358e+01	6.910110e-03	-9.427373e-01	1.249156e+01	2.394486e+00	1.998991e+00	3.101317e-01	-7.981340e-01	-1.078279e-01	9.938190e+00
6.395189e+01	1.098669e-02	-9.404416e-01	1.249172e+01	2.398566e+00	2.007600e+00	3.154145e-01	-7.980254e-01	-1.076398e-01	9.943196e+00
6.387621e+01	1.092448e-02	-9.404950e-01	1.249603e+01	2.397284e+00	2.008559e+00	3.149480e-01	-7.980800e-01	-1.069793e-01	9.947223e+00
6.386133e+01	1.174715e-02	-9.408818e-01	1.249975e+01	2.390270e+00	2.012485e+00	3.135060e-01	-7.983416e-01	-1.068266e-01	9.949959e+00
6.389458e+01	1.128282e-02	-9.412256e-01	1.250482e+01	2.386436e+00	2.011202e+00	3.120356e-01	-7.978090e-01	-1.051853e-01	9.951109e+00
6.391380e+01	1.253513e-02	-9.406699e-01	1.250818e+01	2.380012e+00	2.014293e+00	3.117310e-01	-7.969589e-01	-1.012301e-01	9.949913e+00
6.393765e+01	1.208486e-02	-9.406645e-01	1.251299e+01	2.378531e+00	2.013743e+00	3.113476e-01	-7.967241e-01	-9.942155e-02	9.951414e+00
6.460900e+01	1.018417e-02	-9.422053e-01	1.252065e+01	2.363272e+00	2.003697e+00	3.083699e-01	-7.967322e-01	-9.871248e-02	9.952648e+00
6.400420e+01	1.066600e-02	-9.407457e-01	1.252377e+01	2.369280e+00	2.008166e+00	3.121038e-01	-7.968774e-01	-9.766045e-02	9.952134e+00
6.394688e+01	1.393544e-02	-9.401181e-01	1.252528e+01	2.371663e+00	2.013128e+00	3.142660e-01	-7.969889e-01	-9.676054e-02	9.952537e+00
6.394153e+01	1.434305e-02	-9.394689e-01	1.252776e+01	2.379495e+00	2.019442e+00	3.153744e-01	-7.975920e-01	-9.730689e-02	9.951746e+00
6.380269e+01	1.345054e-02	-9.401462e-01	1.252848e+01	2.402607e+00	2.033582e+00	3.143098e-01	-7.984849e-01	-9.983004e-02	9.953638e+00
6.386383e+01	1.400503e-02	-9.409638e-01	1.253169e+01	2.402887e+00	2.037060e+00	3.122152e-01	-7.989148e-01	-1.014114e-01	9.956270e+00
6.378122e+01	1.488305e-02	-9.398037e-01	1.253515e+01	2.401738e+00	2.039312e+00	3.141159e-01	-7.980103e-01	-1.014189e-01	9.954926e+00
6.384404e+01	1.550847e-02	-9.405746e-01	1.253846e+01	2.401025e+00	2.042005e+00	3.113295e-01	-7.979127e-01	-1.009510e-01	9.954730e+00
6.413376e+01	2.006606e-02	-9.416085e-01	1.253677e+01	2.411427e+00	2.054499e+00	3.083217e-01	-7.975419e-01	-9.941145e-02	9.956092e+00
6.393607e+01	2.017189e-02	-9.409255e-01	1.254018e+01	2.410647e+00	2.056134e+00	3.099542e-01	-7.973092e-01	-9.834541e-02	9.953826e+00
6.502162e+01	2.429920e-02	-9.373270e-01	1.253851e+01	2.426401e+00	2.070316e+00	3.180675e-01	-7.972254e-01	-9.656219e-02	9.949510e+00
6.407392e+01	2.311743e-02	-9.390778e-01	1.254411e+01	2.416436e+00	2.066306e+00	3.134824e-01	-7.971895e-01	-9.586498e-02	9.948137e+00
6.483107e+01	2.424053e-02	-9.421723e-01	1.254880e+01	2.399923e+00	2.061754e+00	3.047587e-01	-7.982956e-01	-9.712660e-02	9.947533e+00
6.461827e+01	2.301024e-02	-9.426210e-01	1.255424e+01	2.392420e+00	2.059214e+00	3.077043e-01	-7.988778e-01	-9.932947e-02	9.947108e+00
6.442147e+01	2.640537e-02	-9.425407e-01	1.255434e+01	2.395395e+00	2.067706e+00	3.093436e-01	-7.992840e-01	-1.014799e-01	9.946911e+00
6.400512e+01	2.543732e-02	-9.404840e-01	1.255919e+01	2.394665e+00	2.067642e+00	3.144174e-01	-7.982389e-01	-1.003803e-01	9.942225e+00
6.403000e+01	2.646533e-02	-9.399395e-01	1.256236e+01	2.400295e+00	2.065858e+00	3.138177e-01	-7.977526e-01	-1.006061e-01	9.940993e+00
6.405280e+01	2.550776e-02	-9.398462e-01	1.256710e+01	2.397182e+00	2.066308e+00	3.144401e-01	-7.978310e-01	-1.007169e-01	9.939686e+00
6.407768e+01	2.606509e-02	-9.401041e-01	1.257018e+01	2.394732e+00	2.071430e+00	3.161826e-01	-7.986373e-01	-1.018367e-01	9.940284e+00
6.413609e+01	2.532277e-02	-9.417144e-01	1.257481e+01	2.390426e+00	2.071732e+00	3.122079e-01	-7.990649e-01	-1.037930e-01	9.940341e+00
6.413729e+01	2.670202e-02	-9.418277e-01	1.257600e+01	2.398919e+00	2.081447e+00	3.109632e-01	-7.986723e-01	-1.047911e-01	9.943483e+00
6.417916e+01	2.658427e-02	-9.418766e-01	1.257987e+01	2.398108e+00	2.083296e+00	3.106474e-01	-7.985324e-01	-1.050134e-01	9.944629e+00
6.432045e+01	2.673918e-02	-9.419657e-01	1.258352e+01	2.397484e+00	2.083790e+00	3.097794e-01	-7.984733e-01	-1.043002e-01	9.950030e+00
6.389368e+01	2.755469e-02	-9.401431e-01	1.258591e+01	2.402988e+00	2.088882e+00	3.125779e-01	-7.973838e-01	-1.020942e-01	9.950914e+00
6.455639e+01	2.631488e-02	-9.370554e-01	1.258890e+01	2.416704e+00	2.094515e+00	3.185339e-01	-7.966238e-01	-1.001608e-01	9.952702e+00
6.383030e+01	2.730764e-02	-9.387326e-01	1.259202e+01	2.413847e+00	2.096639e+00	3.127203e-01	-7.965954e-01	-9.897820e-02	9.956075e+00
6.405639e+01	2.962218e-02	-9.406795e-01	1.259233e+01	2.425610e+00	2.106990e+00	3.080082e-01	-7.970592e-01	-9.716224e-02	9.960265e+00
6.417834e+01	3.064262e-02	-9.408719e-01	1.259550e+01	2.421797e+00	2.108389e+00	3.072996e-01	-7.965630e-01	-9.548796e-02	9.960344e+00
6.389878e+01	3.074395e-02	-9.389621e-01	1.259848e+01	2.420164e+00	2.114883e+00	3.140996e-01	-7.964117e-01	-9.512649e-02	9.958949e+00
6.396196e+01	3.193375e-02	-9.404280e-01	1.260146e+01	2.416095e+00	2.115754e+00	3.101873e-01	-7.972064e-01	-9.614454e-02	9.959720e+00
6.421424e+01	3.483931e-02	-9.410113e-01	1.260191e+01	2.420412e+00	2.122533e+00	3.079535e-01	-7.976171e-01	-9.748532e-02	9.960497e+00
6.405816e+01	3.599939e-02	-9.404672e-01	1.260460e+01	2.419228e+00	2.124163e+00	3.091141e-01	-7.972371e-01	-9.633790e-02	9.962390e+00
6.419542e+01	3.737160e-02	-9.405880e-01	1.260869e+01	2.409564e+00	2.118251e+00	3.088043e-01	-7.967303e-01	-9.433694e-02	9.963306e+00
6.395121e+01	3.864374e-02	-9.389265e-01	1.261064e+01	2.413006e+00	2.122457e+00	3.120782e-01	-7.964393e-01	-9.268095e-02	9.961982e+00
6.438241e+01	3.892462e-02	-9.374874e-01	1.261182e+01	2.423783e+00	2.134972e+00	3.168025e-01	-7.965606e-01	-9.167346e-02	9.961514e+00
6.391761e+01	3.970241e-02	-9.394334e-01	1.261541e+01	2.418537e+00	2.135226e+00	3.124234e-01	-7.980195e-01	-9.519763e-02	9.963318e+00
6.627633e+01	4.008711e-02	-9.438202e-01	1.262140e+01	2.396466e+00	2.130570e+00	3.043934e-01	-7.985639e-01	-9.733796e-02	9.969703e+00
6.520805e+01	4.154479e-02	-9.425382e-01	1.262344e+01	2.400840e+00	2.135081e+00	3.074845e-01	-7.985604e-01	-9.902174e-02	9.971495e+00
6.515136e+01	4.415039e-02	-9.421039e-01	1.262443e+01	2.408310e+00	2.139128e+00	3.051077e-01	-7.964140e-01	-9.432921e-02	9.970918e+00
6.441201e+01	4.611447e-02	-9.367537e-01	1.262477e+01	2.422931e+00	2.147912e+00	3.155732e-01	-7.953108e-01	-9.111806e-02	9.965632e+00
6.609570e+01	4.929533e-02	-9.342262e-01	1.262345e+01	2.445360e+00	2.157424e+00	3.186402e-01	-7.955064e-01	-8.945834e-02	9.962593e+00
6.405763e+01	4.914370e-02	-9.375686e-01	1.262764e+01	2.436286e+00	2.157441e+00	3.129372e-01	-7.982598e-01	-9.715862e-02	9.963121e+00
6.589478e+01	4.840248e-02	-9.426845e-01	1.263262e+01	2.423392e+00	2.154847e+00	3.033205e-01	-7.997493e-01	-1.049928e-01	9.966053e+00
6.624603e+01	4.840772e-02	-9.447552e-01	1.263618e+01	2.419058e+00	2.155711e+00	3.074633e-01	-8.029844e-01	-1.101590e-01	9.973391e+00
6.816729e+01	4.703161e-02	-9.473483e-01	1.264195e+01	2.409343e+00	2.150811e+00	3.097390e-01	-8.054726e-01	-1.248348e-01	9.983411e+00
6.479367e+01	4.874997e-02	-9.415120e-01	1.264176e+01	2.421511e+00	2.157949e+00	3.187447e-01	-7.999308e-01	-1.246825e-01	9.978480e+00
6.490994e+01	4.951984e-02	-9.360216e-01	1.264334e+01	2.429044e+00	2.160045e+00	3.223654e-01	-7.938441e-01	-1.165764e-01	9.977879e+00
6.515300e+01	5.079154e-02	-9.339755e-01	1.264479e+01	2.431627e+00	2.162525e+00	3.192598e-01	-7.906787e-01	-1.103608e-01	9.977630e+00
6.406068e+01	5.155048e-02	-9.373518e-01	1.264742e+01	2.424633e+00	2.163232e+00	3.060365e-01	-7.896862e-01	-1.058333e-01	9.980594e+00
6.402913e+01	5.209091e-02	-9.375129e-01	1.265003e+01	2.421343e+00	2.163895e+00	3.068179e-01	-7.904833e-01	-1.037221e-01	9.981929e+00
6.536638e+01	5.396347e-02	-9.401798e-01	1.265141e+01	2.413321e+00	2.167869e+00	3.019763e-01	-7.919277e-01	-1.022150e-01	9.988229e+00
6.385680e+01	5.462922e-02	-9.378827e-01	1.265272e+01	2.418798e+00	2.172094e+00	3.104004e-01	-7.929850e-01	-1.017133e-01	9.989601e+00
6.443652e+01	5.081497e-02	-9.351913e-01	1.265893e+01	2.415122e+00	2.170690e+00	3.197169e-01	-7.943501e-01	-1.014542e-01	9.987672e+00
6.385522e+01	5.174041e-02	-9.370411e-01	1.266072e+01	2.415950e+00	2.174047e+00	3.152592e-01	-7.955543e-01	-1.032053e-01	9.990794e+00
6.390757e+01	5.283372e-02	-9.373298e-01	1.266307e+01	2.413986e+00	2.176335e+00	3.159784e-01	-7.957912e-01	-1.026705e-01	9.991831e+00
6.445717e+01	5.363858e-02	-9.394046e-01	1.266515e+01	2.412783e+00	2.178750e+00	3.096204e-01	-7.958808e-01	-1.023226e-01	9.997520e+00
6.377061e+01	5.405295e-02	-9.364894e-01	1.266730e+01	2.421201e+00	2.178659e+00	3.125596e-01	-7.940332e-01	-9.708269e-02	9.994320e+00
6.382312e+01	5.523830e-02	-9.366660e-01	1.266883e+01	2.422566e+00	2.182440e+00	3.101528e-01	-7.932337e-01	-9.232270e-02	9.997040e+00
6.606073e+01	5.661891e-02	-9.403026e-01	1.267280e+01	2.406126e+00	2.176156e+00	3.012807e-01	-7.931051e-01	-8.865230e-02	9.999759e+00
6.409015e+01	5.806000e-02	-9.376001e-01	1.267300e+01	2.416088e+00	2.184046e+00	3.086891e-01	-7.933595e-01	-8.566103e-02	9.999231e+00
6.422910e+01	6.181698e-02	-9.346105e-01	1.267224e+01	2.418219e+00	2.190404e+00	3.145200e-01	-7.936206e-01	-8.256424e-02	9.998411e+00
6.432188e+01	6.246341e-02	-9.343350e-01	1.267296e+01	2.427110e+00	2.197991e+00	3.152958e-01	-7.943252e-01	-8.156394e-02	1.000067e+01
6.878154e+01	6.572845e-02	-9.301321e-01	1.266797e+01	2.456349e+00	2.218664e+00	3.256040e-01	-7.965406e-01	-8.351894e-02	1.000035e+01
6.477723e+01	6.352719e-02	-9.387364e-01	1.267504e+01	2.434333e+00	2.211572e+00	3.066278e-01	-7.979008e-01	-8.862093e-02	1.000798e+01
6.998116e+01	6.127578e-02	-9.442294e-01	1.268184e+01	2.412668e+00	2.203266e+00	2.966699e-01	-7.987342e-01	-9.276669e-02	1.001243e+01
6.686506e+01	6.067217e-02	-9.409508e-01	1.268563e+01	2.410936e+00	2.203251e+00	3.021322e-01	-7.969269e-01	-9.466000e-02	1.000939e+01
6.486306e+01	5.876032e-02	-9.372725e-01	1.269024e+01	2.403247e+00	2.205898e+00	3.042349e-01	-7.967026e-01	-8.634480e-02	9.998183e+00
6.574115e+01	5.997853e-02	-9.298619e-01	1.269068e+01	2.419244e+00	2.212455e+00	3.165649e-01	-7.965028e-01	-8.030018e-02	9.985377e+00
6.584329e+01	6.240773e-02	-9.288259e-01	1.269225e+01	2.416866e+00	2.213857e+00	3.169303e-01	-7.995936e-01	-8.611536e-02	9.979464e+00
6.409689e+01	6.196827e-02	-9.320524e-01	1.269548e+01	2.415331e+00	2.214883e+00	3.106694e-01	-8.015384e-01	-9.198147e-02	9.978780e+00
6.551745e+01	6.148270e-02	-9.369769e-01	1.269871e+01	2.411278e+00	2.218574e+00	3.018932e-01	-8.024836e-01	-9.713267e-02	9.982537e+00
6.595470e+01	6.184635e-02	-9.380392e-01	1.270004e+01	2.415564e+00	2.223090e+00	3.014620e-01	-8.023262e-01	-1.008798e-01	9.983274e+00
6.692935e+01	5.938729e-02	-9.396832e-01	1.270413e+01	2.415193e+00	2.224543e+00	3.000006e-01	-8.021475e-01	-1.044934e-01	9.983474e+00
6.379099e+01	6.138637e-02	-9.330596e-01	1.270213e+01	2.432339e+00	2.235613e+00	3.089691e-01	-7.978818e-01	-1.130362e-01	9.982668e+00
6.611512e+01	6.312207e-02	-9.272539e-01	1.270271e+01	2.439205e+00	2.236140e+00	3.168398e-01	-7.950152e-01	-1.189979e-01	9.978532e+00
6.413178e+01	6.398784e-02	-9.291757e-01	1.270312e+01	2.443028e+00	2.242336e+00	3.084846e-01	-7.938416e-01	-1.228930e-01	9.979211e+00
6.387083e+01	6.527765e-02	-9.301608e-01	1.270359e+01	2.443498e+00	2.248730e+00	3.069462e-01	-7.938580e-01	-1.274498e-01	9.979194e+00
6.483627e+01	6.504259e-02	-9.348436e-01	1.270634e+01	2.436920e+00	2.249978e+00	2.982564e-01	-7.946902e-01	-1.304484e-01	9.981946e+00
6.480398e+01	6.737588e-02	-9.369326e-01	1.270471e+01	2.446556e+00	2.261556e+00	3.014178e-01	-7.956186e-01	-1.317576e-01	9.983453e+00
6.430129e+01	6.735584e-02	-9.371396e-01	1.270701e+01	2.447361e+00	2.264127e+00	3.031984e-01	-7.938036e-01	-1.279969e-01	9.977251e+00
6.387328e+01	6.819257e-02	-9.356107e-01	1.270867e+01	2.448583e+00	2.266943e+00	3.119168e-01	-7.933746e-01	-1.236928e-01	9.969579e+00
6.381680e+01	6.795688e-02	-9.376658e-01	1.271129e+01	2.447754e+00	2.268680e+00	3.099052e-01	-7.935518e-01	-1.209562e-01	9.965489e+00
6.396995e+01	6.533991e-02	-9.395373e-01	1.271584e+01	2.445714e+00	2.267598e+00	3.089251e-01	-7.940314e-01	-1.199159e-01	9.962536e+00
6.396741e+01	6.581471e-02	-9.397133e-01	1.271786e+01	2.444884e+00	2.269465e+00	3.094090e-01	-7.938117e-01	-1.156595e-01	9.956779e+00
6.402390e+01	6.476620e-02	-9.402861e-01	1.272175e+01	2.447003e+00	2.266497e+00	3.093924e-01	-7.941782e-01	-1.132246e-01	9.956458e+00
6.394681e+01	6.602072e-02	-9.394026e-01	1.272247e+01	2.448655e+00	2.270360e+00	3.114794e-01	-7.942155e-01	-1.091396e-01	9.954246e+00
6.502461e+01	6.557942e-02	-9.365155e-01	1.272606e+01	2.448997e+00	2.267712e+00	3.188812e-01	-7.949016e-01	-1.062176e-01	9.949489e+00
6.418561e+01	6.678655e-02	-9.402882e-01	1.272769e+01	2.441553e+00	2.269023e+00	3.090700e-01	-7.957726e-01	-1.049736e-01	9.951681e+00
6.401050e+01	7.072098e-02	-9.399265e-01	1.272213e+01	2.464373e+00	2.286520e+00	3.098137e-01	-7.962142e-01	-1.041761e-01	9.957181e+00
6.499122e+01	7.152519e-02	-9.424062e-01	1.272468e+01	2.453628e+00	2.285239e+00	3.048514e-01	-7.967124e-01	-1.031785e-01	9.960800e+00
6.548255e+01	7.254899e-02	-9.422253e-01	1.272616e+01	2.451691e+00	2.284991e+00	3.018307e-01	-7.952001e-01	-9.768024e-02	9.965214e+00
6.406687e+01	7.412765e-02	-9.392086e-01	1.272646e+01	2.453636e+00	2.288270e+00	3.096682e-01	-7.947314e-01	-9.373435e-02	9.967828e+00
6.420045e+01	7.736865e-02	-9.382160e-01	1.272231e+01	2.469105e+00	2.304181e+00	3.129084e-01	-7.951873e-01	-9.192367e-02	9.971501e+00
6.415783e+01	7.770763e-02	-9.380375e-01	1.272452e+01	2.460792e+00	2.301494e+00	3.132390e-01	-7.957023e-01	-9.102733e-02	9.973644e+00
6.498791e+01	7.543683e-02	-9.411532e-01	1.273142e+01	2.438172e+00	2.289071e+00	3.051054e-01	-7.963956e-01	-8.974013e-02	9.975298e+00
6.415996e+01	7.592984e-02	-9.387208e-01	1.273380e+01	2.432575e+00	2.287017e+00	3.101700e-01	-7.952792e-01	-8.633506e-02	9.978216e+00
6.539059e+01	7.576622e-02	-9.405903e-01	1.273763e+01	2.423660e+00	2.278966e+00	3.037763e-01	-7.950009e-01	-8.522926e-02	9.983974e+00
6.424692e+01	7.688019e-02	-9.364098e-01	1.273835e+01	2.427663e+00	2.282122e+00	3.146233e-01	-7.951025e-01	-8.374618e-02	9.983774e+00
6.573418e+01	7.803457e-02	-9.336742e-01	1.273792e+01	2.442598e+00	2.286307e+00	3.217943e-01	-7.968596e-01	-8.675357e-02	9.985886e+00
6.429288e+01	7.805709e-02	-9.358318e-01	1.274120e+01	2.432311e+00	2.284401e+00	3.171211e-01	-7.978297e-01	-9.027230e-02	9.989741e+00
6.443461e+01	7.428075e-02	-9.353873e-01	1.274783e+01	2.421951e+00	2.279220e+00	3.187789e-01	-7.984994e-01	-9.335907e-02	9.989154e+00
6.531184e+01	7.481646e-02	-9.396605e-01	1.275069e+01	2.408709e+00	2.276959e+00	3.079907e-01	-7.984333e-01	-9.554180e-02	9.992555e+00
6.742415e+01	7.915631e-02	-9.413038e-01	1.274920e+01	2.404351e+00	2.281770e+00	3.024692e-01	-7.997431e-01	-9.661145e-02	9.993524e+00
6.427896e+01	8.076135e-02	-9.365232e-01	1.274884e+01	2.412501e+00	2.287148e+00	3.089856e-01	-7.963484e-01	-8.811494e-02	9.983712e+00
6.575994e+01	8.182963e-02	-9.317966e-01	1.274751e+01	2.434264e+00	2.295478e+00	3.153663e-01	-7.944773e-01	-8.212130e-02	9.973754e+00
6.415657e+01	8.272435e-02	-9.344435e-01	1.274876e+01	2.432126e+00	2.298970e+00	3.099772e-01	-7.975756e-01	-8.946673e-02	9.975742e+00
6.562263e+01	8.432623e-02	-9.377851e-01	1.275147e+01	2.414225e+00	2.297317e+00	3.009965e-01	-7.991314e-01	-9.546570e-02	9.975337e+00
6.458419e+01	8.537955e-02	-9.364796e-01	1.275112e+01	2.421788e+00	2.303786e+00	3.043938e-01	-7.982679e-01	-9.603906e-02	9.971242e+00
6.428277e+01	8.776982e-02	-9.347861e-01	1.274888e+01	2.433002e+00	2.314101e+00	3.063399e-01	-7.973161e-01	-9.350158e-02	9.964990e+00
6.465384e+01	8.826488e-02	-9.332939e-01	1.274878e+01	2.442652e+00	2.320656e+00	3.108041e-01	-7.969818e-01	-9.320327e-02	9.961779e+00
6.506600e+01	8.675587e-02	-9.384851e-01	1.275171e+01	2.436189e+00	2.324176e+00	3.023108e-01	-7.990790e-01	-1.009206e-01	9.966081e+00
6.455492e+01	8.696126e-02	-9.383730e-01	1.275196e+01	2.443738e+00	2.330048e+00	3.065802e-01	-8.001481e-01	-1.059497e-01	9.967305e+00
6.495242e+01	8.719316e-02	-9.397985e-01	1.275364e+01	2.439696e+00	2.331790e+00	3.045555e-01	-7.987910e-01	-1.043294e-01	9.964480e+00
6.424683e+01	8.764981e-02	-9.368294e-01	1.275283e+01	2.452771e+00	2.338602e+00	3.130334e-01	-7.977185e-01	-1.036842e-01	9.959042e+00
6.513792e+01	8.947380e-02	-9.353808e-01	1.274987e+01	2.470610e+00	2.351173e+00	3.159398e-01	-7.971006e-01	-1.036309e-01	9.954362e+00
6.417700e+01	8.813116e-02	-9.385840e-01	1.275374e+01	2.464401e+00	2.348963e+00	3.115109e-01	-7.987508e-01	-1.081822e-01	9.955655e+00
6.500682e+01	8.959727e-02	-9.415995e-01	1.275405e+01	2.460917e+00	2.353991e+00	3.055461e-01	-7.986618e-01	-1.099584e-01	9.962305e+00
6.496237e+01	8.790617e-02	-9.418546e-01	1.275860e+01	2.454303e+00	2.349747e+00	3.075449e-01	-7.988000e-01	-1.115159e-01	9.965317e+00
6.629204e+01	8.522002e-02	-9.434826e-01	1.276493e+01	2.442417e+00	2.339211e+00	3.047222e-01	-7.986966e-01	-1.137319e-01	9.969082e+00
6.440669e+01	8.505433e-02	-9.366427e-01	1.276638e+01	2.448320e+00	2.339658e+00	3.160161e-01	-7.996400e-01	-1.059203e-01	9.958951e+00
6.459524e+01	8.330884e-02	-9.345281e-01	1.277168e+01	2.438076e+00	2.331348e+00	3.146207e-01	-7.999699e-01	-9.994045e-02	9.952948e+00
6.451980e+01	8.312842e-02	-9.345307e-01	1.277421e+01	2.435679e+00	2.330286e+00	3.138088e-01	-8.011821e-01	-9.774365e-02	9.952334e+00
6.493312e+01	8.081783e-02	-9.379273e-01	1.278155e+01	2.414966e+00	2.318817e+00	3.060619e-01	-8.013114e-01	-9.762298e-02	9.952087e+00
6.472296e+01	8.165649e-02	-9.371821e-01	1.278275e+01	2.417856e+00	2.321207e+00	3.065428e-01	-8.005815e-01	-9.337374e-02	9.949403e+00
6.475554e+01	8.367975e-02	-9.344959e-01	1.278001e+01	2.435005e+00	2.330669e+00	3.121392e-01	-7.999002e-01	-8.879302e-02	9.946284e+00
6.459091e+01	8.495855e-02	-9.355862e-01	1.278023e+01	2.438260e+00	2.334699e+00	3.084366e-01	-7.996506e-01	-8.650038e-02	9.944469e+00
6.634658e+01	8.857464e-02	-9.397082e-01	1.278056e+01	2.420970e+00	2.334696e+00	2.988273e-01	-7.996244e-01	-8.694209e-02	9.944396e+00
6.511355e+01	8.996917e-02	-9.383812e-01	1.277966e+01	2.432779e+00	2.342121e+00	3.032146e-01	-7.992468e-01	-8.492916e-02	9.941414e+00
6.465798e+01	8.772444e-02	-9.366105e-01	1.278151e+01	2.444758e+00	2.349385e+00	3.110323e-01	-7.999889e-01	-8.716585e-02	9.939114e+00
6.457433e+01	8.967406e-02	-9.369656e-01	1.277984e+01	2.455928e+00	2.357656e+00	3.107568e-01	-8.004569e-01	-8.864278e-02	9.938502e+00
6.461531e+01	9.227138e-02	-9.384988e-01	1.278093e+01	2.451375e+00	2.353911e+00	3.062439e-01	-8.004010e-01	-9.037884e-02	9.936463e+00
6.442448e+01	9.353320e-02	-9.386805e-01	1.277969e+01	2.460609e+00	2.361899e+00	3.089642e-01	-8.013512e-01	-9.403339e-02	9.937164e+00
6.462798e+01	9.512439e-02	-9.374565e-01	1.277976e+01	2.460277e+00	2.366897e+00	3.138697e-01	-8.021092e-01	-9.751197e-02	9.937647e+00
6.443146e+01	9.547584e-02	-9.396152e-01	1.278016e+01	2.462710e+00	2.371102e+00	3.107342e-01	-8.024603e-01	-1.019269e-01	9.942439e+00
6.452141e+01	9.901781e-02	-9.396166e-01	1.277454e+01	2.482550e+00	2.386262e+00	3.088804e-01	-8.024146e-01	-1.047000e-01	9.945136e+00
6.448047e+01	9.820658e-02	-9.401521e-01	1.277731e+01	2.477551e+00	2.384882e+00	3.079718e-01	-8.004606e-01	-1.042671e-01	9.951617e+00
6.432683e+01	9.747815e-02	-9.393275e-01	1.277791e+01	2.487801e+00	2.387297e+00	3.068152e-01	-7.977840e-01	-9.997572e-02	9.954716e+00
6.426107e+01	9.629516e-02	-9.384237e-01	1.278157e+01	2.478773e+00	2.382786e+00	3.088335e-01	-7.963125e-01	-9.671094e-02	9.954832e+00
6.424788e+01	9.599715e-02	-9.383681e-01	1.278556e+01	2.469640e+00	2.373007e+00	3.092487e-01	-7.963068e-01	-9.550553e-02	9.956123e+00
6.426287e+01	9.446689e-02	-9.390857e-01	1.278980e+01	2.457797e+00	2.368146e+00	3.092072e-01	-7.967585e-01	-9.591679e-02	9.957296e+00
