# loss | a0 ... a8
2.753023e+02	1.310214e+00	-1.040616e+00	1.421637e+01	1.338772e+00	4.449857e+00	3.454857e-01	-6.507500e-01	4.124777e-01	1.032746e+01
3.194142e+02	1.492626e+00	-8.927582e-01	1.397824e+01	1.566018e+00	4.645044e+00	4.584742e-01	-5.775389e-01	2.351161e-01	1.013456e+01
1.773977e+02	1.426102e+00	-9.921338e-01	1.373586e+01	1.835653e+00	4.867959e+00	3.102096e-01	-7.703352e-01	3.659757e-02	1.024007e+01
1.472995e+02	1.256486e+00	-9.814436e-01	1.355529e+01	2.074286e+00	5.071490e+00	3.053067e-01	-6.931282e-01	1.160158e-01	1.024126e+01
1.074770e+02	1.043763e+00	-9.502348e-01	1.334118e+01	2.314059e+00	5.281293e+00	3.249934e-01	-7.629087e-01	3.484256e-02	1.020798e+01
7.840283e+01	8.549493e-01	-9.409766e-01	1.349409e+01	2.253780e+00	5.343280e+00	3.306998e-01	-7.952218e-01	-9.184732e-03	1.019094e+01
7.605172e+01	7.273697e-01	-9.237411e-01	1.358046e+01	2.242537e+00	5.412356e+00	3.365623e-01	-7.680044e-01	-5.123178e-02	1.015524e+01
1.547091e+02	6.358566e-01	-9.298628e-01	1.365104e+01	2.204739e+00	5.428672e+00	3.194745e-01	-8.476029e-01	-1.249802e-01	1.017081e+01
1.432669e+02	5.720763e-01	-8.702141e-01	1.368151e+01	2.232269e+00	5.458338e+00	3.402382e-01	-7.333519e-01	-1.753552e-02	1.005460e+01
9.668403e+01	5.246911e-01	-8.827063e-01	1.370984e+01	2.228363e+00	5.462759e+00	3.061232e-01	-6.963901e-01	4.565183e-02	1.001781e+01
8.751184e+01	4.788998e-01	-8.989118e-01	1.374192e+01	2.212802e+00	5.442383e+00	2.808041e-01	-6.923641e-01	8.493851e-02	9.988699e+00
1.067742e+02	4.352054e-01	-9.206088e-01	1.378090e+01	2.186855e+00	5.396719e+00	2.619090e-01	-7.060883e-01	1.028633e-01	9.974472e+00
8.516733e+01	4.359389e-01	-9.102540e-01	1.373901e+01	2.252193e+00	5.452775e+00	2.900298e-01	-7.237406e-01	1.094628e-01	9.956947e+00
8.946304e+01	4.446446e-01	-9.030089e-01	1.369537e+01	2.312177e+00	5.504593e+00	3.113937e-01	-7.442128e-01	1.038831e-01	9.943933e+00
7.899094e+01	4.476259e-01	-9.162564e-01	1.365942e+01	2.362050e+00	5.539515e+00	3.029947e-01	-7.624473e-01	8.771766e-02	9.951042e+00
7.620576e+01	4.660667e-01	-9.238115e-01	1.361595e+01	2.407008e+00	5.574755e+00	2.979668e-01	-7.751471e-01	7.130530e-02	9.949956e+00
7.387331e+01	4.512851e-01	-9.353148e-01	1.361571e+01	2.418435e+00	5.552496e+00	2.954219e-01	-7.872852e-01	4.806964e-02	9.961224e+00
7.211364e+01	4.605327e-01	-9.375280e-01	1.358971e+01	2.454680e+00	5.564734e+00	3.002571e-01	-7.966143e-01	1.209632e-02	9.964477e+00
6.913963e+01	4.343546e-01	-9.403242e-01	1.361173e+01	2.443030e+00	5.502866e+00	3.059205e-01	-8.016599e-01	-1.510436e-02	9.979214e+00
6.899882e+01	3.971199e-01	-9.333131e-01	1.365544e+01	2.416697e+00	5.409100e+00	3.180785e-01	-8.020468e-01	-4.026832e-02	9.979387e+00
7.457616e+01	3.834655e-01	-9.442520e-01	1.366985e+01	2.407122e+00	5.355738e+00	3.105190e-01	-8.162444e-01	-8.059423e-02	9.995819e+00
7.664497e+01	3.714021e-01	-9.422965e-01	1.368384e+01	2.402252e+00	5.298345e+00	3.138461e-01	-8.169464e-01	-1.131164e-01	1.000310e+01
8.114419e+01	3.927277e-01	-9.150845e-01	1.365685e+01	2.438867e+00	5.290623e+00	3.231475e-01	-7.722232e-01	-1.033548e-01	9.964372e+00
7.138316e+01	3.860299e-01	-9.241618e-01	1.367604e+01	2.421071e+00	5.218518e+00	3.002266e-01	-7.622091e-01	-1.027883e-01	9.951817e+00
7.156727e+01	3.983124e-01	-9.286903e-01	1.366672e+01	2.424559e+00	5.189250e+00	2.931067e-01	-7.647665e-01	-1.050116e-01	9.943857e+00
6.963915e+01	4.003595e-01	-9.264963e-01	1.365831e+01	2.439342e+00	5.165643e+00	3.026730e-01	-7.762497e-01	-1.125714e-01	9.947001e+00
6.740395e+01	4.200285e-01	-9.301025e-01	1.363391e+01	2.461312e+00	5.160522e+00	3.031303e-01	-7.855487e-01	-1.169752e-01	9.953349e+00
6.819232e+01	4.229443e-01	-9.388367e-01	1.363081e+01	2.466047e+00	5.119568e+00	2.977959e-01	-7.944783e-01	-1.220671e-01	9.966047e+00
7.058535e+01	4.399847e-01	-9.269486e-01	1.360636e+01	2.493559e+00	5.112159e+00	3.125032e-01	-7.878241e-01	-1.198890e-01	9.956793e+00
7.405612e+01	4.635562e-01	-9.259783e-01	1.358052e+01	2.508856e+00	5.106870e+00	3.158427e-01	-7.878403e-01	-1.184498e-01	9.961592e+00
7.795397e+01	4.271940e-01	-9.476676e-01	1.363219e+01	2.455998e+00	5.005021e+00	2.987801e-01	-8.102578e-01	-1.428088e-01	9.970994e+00
7.196471e+01	4.355942e-01	-9.429235e-01	1.362933e+01	2.453655e+00	4.966664e+00	2.977050e-01	-8.026911e-01	-1.506303e-01	9.977049e+00
8.203460e+01	4.304707e-01	-9.136324e-01	1.363144e+01	2.470571e+00	4.924039e+00	3.209165e-01	-7.687720e-01	-1.424410e-01	9.947755e+00
8.348562e+01	3.962225e-01	-9.109034e-01	1.368850e+01	2.422319e+00	4.806052e+00	3.242631e-01	-7.667726e-01	-1.431853e-01	9.946042e+00
7.528094e+01	3.878350e-01	-9.354769e-01	1.370355e+01	2.399883e+00	4.751924e+00	2.903043e-01	-7.714902e-01	-1.422591e-01	9.958586e+00
8.003857e+01	4.028440e-01	-9.436287e-01	1.368395e+01	2.421379e+00	4.744964e+00	2.834762e-01	-7.816364e-01	-1.414454e-01	9.964553e+00
7.302533e+01	4.353221e-01	-9.221679e-01	1.363377e+01	2.489691e+00	4.788676e+00	3.167946e-01	-7.823253e-01	-1.348309e-01	9.955272e+00
7.602029e+01	4.690736e-01	-9.288810e-01	1.357176e+01	2.561445e+00	4.854823e+00	3.234803e-01	-8.058958e-01	-1.342344e-01	9.967506e+00
7.871584e+01	4.349568e-01	-9.493312e-01	1.362494e+01	2.507202e+00	4.761896e+00	3.052564e-01	-8.146690e-01	-1.355601e-01	9.974591e+00
8.440689e+01	3.895467e-01	-9.558146e-01	1.368858e+01	2.449197e+00	4.654958e+00	2.930667e-01	-7.948324e-01	-1.226439e-01	9.960805e+00
9.819519e+01	4.111828e-01	-9.097395e-01	1.366198e+01	2.491275e+00	4.649389e+00	3.316495e-01	-7.530386e-01	-9.506387e-02	9.900320e+00
8.624384e+01	3.944012e-01	-9.115733e-01	1.369469e+01	2.445114e+00	4.562950e+00	3.158987e-01	-7.414076e-01	-7.850086e-02	9.875492e+00
7.733726e+01	4.010802e-01	-9.299486e-01	1.369083e+01	2.436773e+00	4.534073e+00	2.929547e-01	-7.510816e-01	-7.298894e-02	9.875584e+00
7.766587e+01	4.130420e-01	-9.390391e-01	1.366858e+01	2.458104e+00	4.530203e+00	2.882455e-01	-7.645923e-01	-7.122478e-02	9.883659e+00
7.169872e+01	4.496922e-01	-9.311589e-01	1.361839e+01	2.505876e+00	4.564026e+00	3.077350e-01	-7.772203e-01	-7.120070e-02	9.884872e+00
7.744366e+01	4.921409e-01	-9.281687e-01	1.356593e+01	2.553316e+00	4.599968e+00	3.186332e-01	-7.970458e-01	-8.299151e-02	9.888047e+00
6.757532e+01	4.645517e-01	-9.441394e-01	1.358322e+01	2.532557e+00	4.554667e+00	3.063981e-01	-8.046872e-01	-9.519302e-02	9.923521e+00
6.757665e+01	4.805004e-01	-9.375834e-01	1.355664e+01	2.554897e+00	4.560995e+00	3.108326e-01	-7.961658e-01	-9.648037e-02	9.950817e+00
6.730578e+01	4.374218e-01	-9.429411e-01	1.359153e+01	2.525105e+00	4.493693e+00	3.041824e-01	-7.937706e-01	-9.853399e-02	9.975368e+00
6.703362e+01	4.272337e-01	-9.361535e-01	1.359029e+01	2.523932e+00	4.466806e+00	3.031273e-01	-7.805596e-01	-9.294747e-02	9.979849e+00
7.094778e+01	4.072268e-01	-9.262473e-01	1.360102e+01	2.523098e+00	4.425691e+00	3.161009e-01	-7.783225e-01	-9.076485e-02	9.980585e+00
6.810283e+01	3.645690e-01	-9.308854e-01	1.364268e+01	2.491698e+00	4.349432e+00	3.067432e-01	-7.794750e-01	-9.328737e-02	9.995031e+00
6.610600e+01	3.695411e-01	-9.297800e-01	1.362781e+01	2.506717e+00	4.339402e+00	3.129358e-01	-7.875966e-01	-9.906876e-02	1.001830e+01
6.702057e+01	3.883826e-01	-9.353889e-01	1.360568e+01	2.521791e+00	4.330881e+00	3.031894e-01	-7.912215e-01	-1.070977e-01	1.003882e+01
6.738654e+01	4.087556e-01	-9.298198e-01	1.357779e+01	2.551919e+00	4.337648e+00	3.177774e-01	-7.783899e-01	-9.560634e-02	1.005465e+01
7.015816e+01	4.410593e-01	-9.296405e-01	1.352941e+01	2.599520e+00	4.378400e+00	3.140341e-01	-7.755821e-01	-9.138047e-02	1.006232e+01
8.087040e+01	4.081142e-01	-9.470462e-01	1.356497e+01	2.554693e+00	4.304205e+00	3.033132e-01	-7.991808e-01	-1.200879e-01	1.009741e+01
7.442566e+01	4.088109e-01	-9.358511e-01	1.356537e+01	2.552896e+00	4.272294e+00	3.197713e-01	-8.053934e-01	-1.347712e-01	1.010263e+01
1.059455e+02	4.021357e-01	-8.975218e-01	1.357826e+01	2.549360e+00	4.217419e+00	3.334560e-01	-7.359217e-01	-8.688827e-02	1.006610e+01
7.882926e+01	3.239350e-01	-9.084799e-01	1.366034e+01	2.465274e+00	4.087419e+00	3.088617e-01	-7.173183e-01	-6.097514e-02	1.006538e+01
8.107718e+01	3.056976e-01	-9.209525e-01	1.369123e+01	2.421355e+00	4.016197e+00	2.903399e-01	-7.248826e-01	-4.754449e-02	1.006844e+01
7.525000e+01	3.258631e-01	-9.159853e-01	1.366849e+01	2.429830e+00	4.012001e+00	3.024001e-01	-7.427127e-01	-4.367004e-02	1.006173e+01
7.350650e+01	3.561707e-01	-9.130911e-01	1.363366e+01	2.454783e+00	4.024064e+00	3.113725e-01	-7.603900e-01	-4.353829e-02	1.006321e+01
7.692910e+01	3.790862e-01	-9.093568e-01	1.358651e+01	2.501291e+00	4.058782e+00	3.204800e-01	-7.749062e-01	-4.813882e-02	1.007029e+01
7.946369e+01	4.017074e-01	-9.400969e-01	1.357191e+01	2.482134e+00	4.040083e+00	2.871191e-01	-7.947145e-01	-6.999694e-02	1.009967e+01
8.367454e+01	4.373105e-01	-9.403526e-01	1.351836e+01	2.518654e+00	4.071191e+00	2.931372e-01	-8.081009e-01	-9.717431e-02	1.010635e+01
9.020355e+01	4.817705e-01	-9.117233e-01	1.346443e+01	2.568360e+00	4.094038e+00	3.255551e-01	-7.818865e-01	-6.134402e-02	1.003250e+01
6.980009e+01	4.179137e-01	-9.351798e-01	1.350228e+01	2.533072e+00	4.028504e+00	2.951215e-01	-7.774495e-01	-4.126451e-02	1.000511e+01
6.870466e+01	4.003890e-01	-9.346859e-01	1.350726e+01	2.527473e+00	3.992952e+00	3.042852e-01	-7.804950e-01	-4.064778e-02	9.989165e+00
6.794591e+01	3.628501e-01	-9.418486e-01	1.352495e+01	2.518314e+00	3.947412e+00	3.038800e-01	-7.904545e-01	-5.168417e-02	1.001174e+01
7.075121e+01	3.730875e-01	-9.278265e-01	1.349671e+01	2.543530e+00	3.952704e+00	3.236466e-01	-7.952242e-01	-6.411036e-02	1.001236e+01
6.745262e+01	3.778152e-01	-9.309017e-01	1.346977e+01	2.563939e+00	3.969144e+00	3.177179e-01	-7.985240e-01	-7.515647e-02	1.002589e+01
6.757151e+01	3.619967e-01	-9.392785e-01	1.348280e+01	2.540553e+00	3.919270e+00	3.056241e-01	-7.999317e-01	-9.131730e-02	1.003336e+01
7.153132e+01	3.197629e-01	-9.384546e-01	1.351008e+01	2.514180e+00	3.864359e+00	3.083660e-01	-8.081465e-01	-1.339823e-01	1.003045e+01
8.194953e+01	3.440285e-01	-9.095540e-01	1.347970e+01	2.537543e+00	3.861437e+00	3.176110e-01	-7.623214e-01	-1.328574e-01	9.979184e+00
8.796805e+01	3.270852e-01	-9.022241e-01	1.348561e+01	2.531706e+00	3.824936e+00	3.154109e-01	-7.607334e-01	-1.412586e-01	9.951594e+00
8.769624e+01	3.136944e-01	-9.409115e-01	1.350823e+01	2.484069e+00	3.769650e+00	2.676507e-01	-7.677029e-01	-1.467223e-01	9.977569e+00
7.955693e+01	3.473860e-01	-9.438983e-01	1.346882e+01	2.509243e+00	3.803257e+00	2.777482e-01	-7.857023e-01	-1.535069e-01	9.999707e+00
6.968914e+01	3.729313e-01	-9.292654e-01	1.342132e+01	2.562806e+00	3.850778e+00	3.172852e-01	-8.102452e-01	-1.637697e-01	1.001451e+01
1.026498e+02	3.835765e-01	-9.083321e-01	1.339434e+01	2.609947e+00	3.860664e+00	3.325079e-01	-7.850988e-01	-1.466243e-01	9.994103e+00
7.007923e+01	3.236922e-01	-9.401330e-01	1.346804e+01	2.527019e+00	3.759034e+00	2.925229e-01	-7.796029e-01	-1.468840e-01	1.000932e+01
6.723317e+01	3.309524e-01	-9.350729e-01	1.347037e+01	2.515399e+00	3.731571e+00	2.960745e-01	-7.854666e-01	-1.384667e-01	9.996672e+00
6.523015e+01	3.197806e-01	-9.292465e-01	1.347210e+01	2.511178e+00	3.712821e+00	3.074041e-01	-7.932133e-01	-1.324641e-01	9.990836e+00
6.702086e+01	2.949222e-01	-9.262175e-01	1.348459e+01	2.502046e+00	3.683124e+00	3.176863e-01	-7.925505e-01	-1.292925e-01	9.994762e+00
6.572455e+01	3.149540e-01	-9.273962e-01	1.345835e+01	2.515488e+00	3.692044e+00	3.126728e-01	-7.973891e-01	-1.271092e-01	9.993312e+00
7.094159e+01	3.621990e-01	-9.202396e-01	1.341334e+01	2.541393e+00	3.722597e+00	3.184567e-01	-7.990337e-01	-1.307723e-01	9.990972e+00
8.141973e+01	3.406517e-01	-9.455483e-01	1.343067e+01	2.516051e+00	3.688335e+00	2.912303e-01	-8.089695e-01	-1.403493e-01	1.001165e+01
6.561449e+01	3.332180e-01	-9.396495e-01	1.343128e+01	2.520381e+00	3.668827e+00	3.089440e-01	-7.809628e-01	-1.329089e-01	9.974113e+00
7.078257e+01	3.500201e-01	-9.335377e-01	1.340083e+01	2.550096e+00	3.687598e+00	3.248085e-01	-7.787729e-01	-1.284085e-01	9.963186e+00
7.315369e+01	3.371153e-01	-9.319795e-01	1.340683e+01	2.550166e+00	3.648856e+00	3.290014e-01	-7.800526e-01	-1.291180e-01	9.958825e+00
9.614886e+01	3.279021e-01	-9.700908e-01	1.340878e+01	2.535767e+00	3.630284e+00	2.973159e-01	-7.901855e-01	-1.338041e-01	1.001311e+01
8.332243e+01	3.935146e-01	-9.366265e-01	1.334915e+01	2.578535e+00	3.653908e+00	3.285761e-01	-7.014469e-01	-1.170976e-01	9.931147e+00
8.153352e+01	3.594654e-01	-9.404481e-01	1.336310e+01	2.579449e+00	3.619807e+00	3.219496e-01	-6.830442e-01	-1.082002e-01	9.898065e+00
7.806525e+01	3.084304e-01	-9.504527e-01	1.340355e+01	2.536892e+00	3.555452e+00	3.125425e-01	-6.979110e-01	-1.069196e-01	9.884342e+00
7.538991e+01	2.999054e-01	-9.534636e-01	1.339361e+01	2.552771e+00	3.555230e+00	3.124988e-01	-7.191291e-01	-1.008811e-01	9.884237e+00
7.221791e+01	3.049294e-01	-9.501006e-01	1.337466e+01	2.570909e+00	3.569338e+00	3.229255e-01	-7.406339e-01	-9.939796e-02	9.891199e+00
6.937918e+01	3.163024e-01	-9.502038e-01	1.334576e+01	2.598886e+00	3.587408e+00	3.199408e-01	-7.644960e-01	-9.941409e-02	9.904230e+00
7.455119e+01	3.216096e-01	-9.653659e-01	1.333424e+01	2.597822e+00	3.584775e+00	3.004934e-01	-7.870076e-01	-1.140324e-01	9.928331e+00
7.170469e+01	3.317019e-01	-9.460841e-01	1.330166e+01	2.637645e+00	3.605802e+00	3.301633e-01	-8.002925e-01	-1.220068e-01	9.934889e+00
8.609608e+01	2.666127e-01	-9.311179e-01	1.333745e+01	2.623150e+00	3.538876e+00	3.410910e-01	-7.948881e-01	-1.135280e-01	9.918889e+00
8.022514e+01	2.320564e-01	-9.619143e-01	1.337476e+01	2.572894e+00	3.458176e+00	2.970222e-01	-7.956113e-01	-1.217848e-01	9.948067e+00
7.224629e+01	2.293017e-01	-9.421921e-01	1.337851e+01	2.567785e+00	3.410924e+00	3.031050e-01	-7.507655e-01	-9.493693e-02	9.915006e+00
8.371830e+01	2.717900e-01	-9.209448e-01	1.334178e+01	2.596649e+00	3.425518e+00	3.178502e-01	-7.410791e-01	-8.123384e-02	9.893844e+00
7.521166e+01	2.958751e-01	-9.275629e-01	1.331906e+01	2.599701e+00	3.432202e+00	3.053928e-01	-7.504233e-01	-8.094559e-02	9.890995e+00
7.140815e+01	2.829679e-01	-9.415426e-01	1.333769e+01	2.573404e+00	3.384001e+00	2.950928e-01	-7.647839e-01	-8.108004e-02	9.903391e+00
6.836437e+01	2.700213e-01	-9.412647e-01	1.334135e+01	2.581076e+00	3.358840e+00	3.115876e-01	-7.797447e-01	-7.988142e-02	9.921486e+00
6.587297e+01	2.800455e-01	-9.457280e-01	1.332988e+01	2.579122e+00	3.350397e+00	3.079384e-01	-7.933618e-01	-9.401788e-02	9.934979e+00
6.626073e+01	3.100353e-01	-9.374173e-01	1.330465e+01	2.591662e+00	3.358004e+00	3.149639e-01	-8.008008e-01	-1.128333e-01	9.936825e+00
6.818409e+01	3.007881e-01	-9.463207e-01	1.330374e+01	2.587207e+00	3.340511e+00	3.045366e-01	-8.051270e-01	-1.268157e-01	9.967177e+00
8.238701e+01	2.834342e-01	-9.207047e-01	1.329103e+01	2.619683e+00	3.343584e+00	3.217476e-01	-7.658474e-01	-1.037162e-01	9.946970e+00
7.323705e+01	2.628184e-01	-9.415613e-01	1.331643e+01	2.576902e+00	3.281102e+00	2.890289e-01	-7.550993e-01	-1.081263e-01	9.956904e+00
6.978019e+01	2.684800e-01	-9.312303e-01	1.333066e+01	2.548603e+00	3.226835e+00	3.054492e-01	-7.572226e-01	-1.121058e-01	9.961492e+00
6.573232e+01	2.760801e-01	-9.350781e-01	1.330108e+01	2.568302e+00	3.249642e+00	3.101150e-01	-7.769873e-01	-1.224710e-01	9.987951e+00
6.602207e+01	2.764023e-01	-9.338125e-01	1.328301e+01	2.573629e+00	3.264153e+00	3.197662e-01	-7.904154e-01	-1.329938e-01	1.000517e+01
6.651196e+01	2.718315e-01	-9.428726e-01	1.327049e+01	2.578087e+00	3.259992e+00	3.059268e-01	-7.934183e-01	-1.345664e-01	1.002041e+01
7.812359e+01	2.691356e-01	-9.200533e-01	1.324723e+01	2.611605e+00	3.260650e+00	3.176665e-01	-7.625218e-01	-1.112449e-01	9.990840e+00
7.243554e+01	2.339051e-01	-9.400560e-01	1.328605e+01	2.565629e+00	3.186835e+00	2.885101e-01	-7.634796e-01	-1.064199e-01	9.986115e+00
6.773682e+01	2.111666e-01	-9.320002e-01	1.329804e+01	2.562307e+00	3.152376e+00	3.087559e-01	-7.750100e-01	-1.065703e-01	9.984253e+00
7.307053e+01	2.260686e-01	-9.471431e-01	1.328390e+01	2.567358e+00	3.155921e+00	3.112574e-01	-8.162529e-01	-1.096446e-01	9.983949e+00
6.909993e+01	2.704608e-01	-9.399276e-01	1.325368e+01	2.581237e+00	3.174541e+00	3.219598e-01	-8.176518e-01	-9.685800e-02	9.984562e+00
8.373514e+01	2.920312e-01	-9.205645e-01	1.323239e+01	2.603595e+00	3.174519e+00	3.217096e-01	-7.670182e-01	-4.362707e-02	9.943390e+00
8.670258e+01	2.137897e-01	-9.493779e-01	1.331520e+01	2.521609e+00	3.028168e+00	2.826464e-01	-7.532828e-01	-1.361071e-02	9.942880e+00
7.395718e+01	2.150275e-01	-9.355996e-01	1.330666e+01	2.532489e+00	3.020329e+00	3.050750e-01	-7.543090e-01	-3.309589e-03	9.934944e+00
7.367997e+01	2.160104e-01	-9.308663e-01	1.330057e+01	2.537955e+00	3.012993e+00	3.149246e-01	-7.631143e-01	-7.220110e-03	9.939942e+00
7.528248e+01	2.556181e-01	-9.269793e-01	1.325502e+01	2.567422e+00	3.049540e+00	3.201220e-01	-7.758215e-01	-1.768503e-02	9.945980e+00
6.875798e+01	2.473355e-01	-9.426636e-01	1.324655e+01	2.568782e+00	3.040113e+00	3.043491e-01	-7.858074e-01	-3.895639e-02	9.968248e+00
6.558781e+01	2.760606e-01	-9.430399e-01	1.321003e+01	2.588590e+00	3.071729e+00	3.087745e-01	-7.982129e-01	-6.094654e-02	9.982217e+00
6.631383e+01	2.823719e-01	-9.420857e-01	1.319403e+01	2.595663e+00	3.069050e+00	3.077695e-01	-8.029545e-01	-7.777723e-02	9.988870e+00
6.831528e+01	2.832520e-01	-9.384665e-01	1.317354e+01	2.613908e+00	3.087660e+00	3.213517e-01	-8.016126e-01	-9.582804e-02	9.991043e+00
6.536713e+01	2.415418e-01	-9.414433e-01	1.319316e+01	2.610366e+00	3.040436e+00	3.176283e-01	-7.867462e-01	-9.580401e-02	9.991558e+00
6.478120e+01	2.117133e-01	-9.418360e-01	1.320519e+01	2.596674e+00	3.012336e+00	3.152308e-01	-7.848312e-01	-1.034654e-01	9.987425e+00
6.594319e+01	1.614823e-01	-9.430990e-01	1.323053e+01	2.579854e+00	2.970979e+00	3.154448e-01	-7.939376e-01	-1.199205e-01	9.984481e+00
6.668456e+01	1.786867e-01	-9.484417e-01	1.321247e+01	2.587411e+00	2.981536e+00	3.171965e-01	-7.965473e-01	-1.352261e-01	9.987854e+00
7.134136e+01	2.496258e-01	-9.385180e-01	1.315071e+01	2.630635e+00	3.049789e+00	3.305117e-01	-7.963259e-01	-1.434831e-01	9.987355e+00
6.465472e+01	2.153713e-01	-9.484266e-01	1.318693e+01	2.592139e+00	2.974087e+00	3.187207e-01	-7.796079e-01	-1.396259e-01	9.973130e+00
6.942880e+01	1.793012e-01	-9.393532e-01	1.320272e+01	2.581683e+00	2.934196e+00	3.259625e-01	-7.723707e-01	-1.385255e-01	9.948185e+00
6.966070e+01	1.774079e-01	-9.542377e-01	1.321043e+01	2.559753e+00	2.896631e+00	3.067162e-01	-7.768525e-01	-1.368154e-01	9.957942e+00
6.503178e+01	2.229039e-01	-9.431536e-01	1.316989e+01	2.586928e+00	2.932677e+00	3.177595e-01	-7.822045e-01	-1.329282e-01	9.953874e+00
6.627688e+01	2.381941e-01	-9.459702e-01	1.314650e+01	2.600974e+00	2.947803e+00	3.193510e-01	-8.014039e-01	-1.486164e-01	9.972103e+00
8.542838e+01	2.683006e-01	-9.233178e-01	1.311838e+01	2.611042e+00	2.960370e+00	3.270577e-01	-7.688690e-01	-1.319823e-01	9.932135e+00
6.898726e+01	2.064264e-01	-9.406495e-01	1.315407e+01	2.581914e+00	2.897193e+00	3.017298e-01	-7.621265e-01	-1.204597e-01	9.934299e+00
7.077284e+01	1.768452e-01	-9.484145e-01	1.316313e+01	2.576723e+00	2.858259e+00	2.939402e-01	-7.728003e-01	-1.166691e-01	9.961190e+00
7.388726e+01	1.785860e-01	-9.294174e-01	1.313399e+01	2.605959e+00	2.884646e+00	3.270500e-01	-7.823845e-01	-1.159776e-01	9.972875e+00
7.343952e+01	1.901180e-01	-9.272969e-01	1.313467e+01	2.585700e+00	2.859753e+00	3.274131e-01	-7.889049e-01	-1.196145e-01	9.973511e+00
1.509772e+02	1.456967e-01	-9.594739e-01	1.315881e+01	2.552370e+00	2.823301e+00	2.937651e-01	-8.293861e-01	-1.706709e-01	1.004534e+01
4.527291e+02	1.818796e-01	-8.223194e-01	1.312159e+01	2.616066e+00	2.816451e+00	3.528042e-01	-6.180121e-01	-2.506240e-02	9.818937e+00
2.426347e+02	4.494748e-02	-8.327170e-01	1.326692e+01	2.460980e+00	2.574247e+00	3.108761e-01	-5.509069e-01	7.183994e-02	9.725371e+00
2.761142e+02	-9.214228e-02	-9.376542e-01	1.340893e+01	2.278881e+00	2.357113e+00	1.716280e-01	-5.550666e-01	1.302888e-01	9.692746e+00
3.367077e+02	-1.103036e-01	-9.702534e-01	1.344643e+01	2.196067e+00	2.279194e+00	1.730097e-01	-5.927172e-01	1.797818e-01	9.674816e+00
1.184674e+02	-4.291056e-02	-9.192315e-01	1.339113e+01	2.210013e+00	2.326032e+00	3.020582e-01	-6.345569e-01	2.138296e-01	9.652571e+00
1.711728e+02	5.153360e-02	-8.986026e-01	1.331329e+01	2.245941e+00	2.399408e+00	3.618976e-01	-6.753705e-01	2.249176e-01	9.654906e+00
1.035926e+02	1.681012e-01	-9.501924e-01	1.322190e+01	2.284496e+00	2.491834e+00	3.028118e-01	-7.114781e-01	2.178221e-01	9.694186e+00
1.037469e+02	2.815880e-01	-9.643929e-01	1.311638e+01	2.353618e+00	2.610051e+00	2.933054e-01	-7.366581e-01	2.072538e-01	9.718832e+00
9.014015e+01	4.038945e-01	-9.571742e-01	1.296912e+01	2.464841e+00	2.767046e+00	3.081865e-01	-7.544256e-01	1.943535e-01	9.736945e+00
9.607674e+01	3.933439e-01	-9.493496e-01	1.290137e+01	2.532795e+00	2.890655e+00	3.224402e-01	-7.733788e-01	1.395808e-01	9.754367e+00
7.758226e+01	2.809648e-01	-9.561584e-01	1.294704e+01	2.511236e+00	2.904798e+00	3.219412e-01	-7.918100e-01	7.273228e-02	9.774140e+00
7.324525e+01	1.391842e-01	-9.656561e-01	1.299932e+01	2.503469e+00	2.904663e+00	3.119680e-01	-8.000138e-01	2.126791e-02	9.797961e+00
7.314775e+01	5.998814e-02	-9.516036e-01	1.301143e+01	2.538738e+00	2.920941e+00	3.348161e-01	-8.050925e-01	-1.807278e-02	9.816551e+00
6.913735e+01	1.361766e-02	-9.593806e-01	1.303266e+01	2.528217e+00	2.910687e+00	3.178888e-01	-8.088981e-01	-6.651419e-02	9.836781e+00
6.732212e+01	3.220397e-02	-9.515521e-01	1.300634e+01	2.555330e+00	2.955362e+00	3.261859e-01	-8.078395e-01	-1.011677e-01	9.856929e+00
6.569729e+01	4.567958e-02	-9.477303e-01	1.300832e+01	2.548346e+00	2.940585e+00	3.177479e-01	-7.984067e-01	-1.261214e-01	9.869641e+00
6.533927e+01	9.810906e-02	-9.472062e-01	1.297183e+01	2.568522e+00	2.976548e+00	3.100338e-01	-7.980037e-01	-1.438025e-01	9.886024e+00
6.487871e+01	9.708478e-02	-9.440609e-01	1.298713e+01	2.551702e+00	2.935556e+00	3.119487e-01	-7.967749e-01	-1.631780e-01	9.896743e+00
6.537808e+01	9.651579e-02	-9.443582e-01	1.302592e+01	2.503439e+00	2.863861e+00	3.095572e-01	-7.956276e-01	-1.811961e-01	9.922473e+00
6.793840e+01	1.144134e-01	-9.312094e-01	1.301951e+01	2.506742e+00	2.843767e+00	3.180342e-01	-7.833174e-01	-1.797653e-01	9.927871e+00
7.364665e+01	9.961312e-02	-9.501411e-01	1.304018e+01	2.479126e+00	2.792034e+00	2.968113e-01	-7.973182e-01	-1.947181e-01	9.956167e+00
6.795414e+01	1.348817e-01	-9.437680e-01	1.300712e+01	2.495577e+00	2.811224e+00	3.035132e-01	-8.001139e-01	-1.988146e-01	9.979857e+00
8.341188e+01	1.550789e-01	-9.134608e-01	1.299094e+01	2.515526e+00	2.794449e+00	3.201432e-01	-7.631395e-01	-1.882990e-01	9.944332e+00
7.143158e+01	1.521497e-01	-9.222662e-01	1.298893e+01	2.506788e+00	2.784254e+00	3.038890e-01	-7.618349e-01	-1.806295e-01	9.940185e+00
7.202628e+01	8.837142e-02	-9.412354e-01	1.302841e+01	2.473848e+00	2.724775e+00	2.881503e-01	-7.765041e-01	-1.760404e-01	9.951784e+00
7.161842e+01	9.660947e-02	-9.461659e-01	1.300488e+01	2.486397e+00	2.754175e+00	2.909645e-01	-7.908550e-01	-1.666743e-01	9.963133e+00
7.763267e+01	1.743785e-01	-9.231711e-01	1.291218e+01	2.550423e+00	2.854421e+00	3.195861e-01	-7.905755e-01	-1.627670e-01	9.954075e+00
6.494143e+01	1.078088e-01	-9.393653e-01	1.295194e+01	2.523145e+00	2.812167e+00	3.021159e-01	-7.928520e-01	-1.590218e-01	9.969938e+00
6.455145e+01	7.106090e-02	-9.394674e-01	1.297214e+01	2.522521e+00	2.778091e+00	3.091427e-01	-7.947693e-01	-1.577312e-01	9.976765e+00
6.459732e+01	4.922655e-02	-9.338155e-01	1.298237e+01	2.514278e+00	2.760067e+00	3.089023e-01	-8.013948e-01	-1.702371e-01	9.963981e+00
6.722486e+01	4.442991e-02	-9.233998e-01	1.300235e+01	2.483724e+00	2.716879e+00	3.105569e-01	-7.937271e-01	-1.918855e-01	9.929810e+00
6.535375e+01	6.409394e-02	-9.263736e-01	1.297851e+01	2.492237e+00	2.730741e+00	3.037562e-01	-7.936798e-01	-2.021891e-01	9.926645e+00
6.635444e+01	8.277488e-02	-9.278512e-01	1.294008e+01	2.528818e+00	2.768059e+00	3.110021e-01	-8.047016e-01	-2.083832e-01	9.938819e+00
1.282795e+02	8.951961e-02	-9.561289e-01	1.293770e+01	2.503446e+00	2.759731e+00	2.930177e-01	-8.346571e-01	-2.297932e-01	9.988326e+00
7.267465e+01	1.262040e-01	-9.240086e-01	1.290017e+01	2.530817e+00	2.766651e+00	2.929501e-01	-7.662519e-01	-2.571899e-01	9.921928e+00
8.108706e+01	1.464983e-01	-9.168593e-01	1.288801e+01	2.523248e+00	2.757063e+00	2.958458e-01	-7.458279e-01	-2.572212e-01	9.890144e+00
7.684149e+01	9.574889e-02	-9.205567e-01	1.293221e+01	2.490399e+00	2.692400e+00	3.035824e-01	-7.517081e-01	-2.365438e-01	9.881207e+00
7.310096e+01	6.460336e-02	-9.396919e-01	1.295192e+01	2.465339e+00	2.666982e+00	2.919238e-01	-7.648126e-01	-2.088742e-01	9.896267e+00
6.903656e+01	8.240538e-02	-9.458036e-01	1.293965e+01	2.457755e+00	2.670642e+00	2.975321e-01	-7.774199e-01	-1.838497e-01	9.905087e+00
6.663473e+01	1.000453e-01	-9.383415e-01	1.289841e+01	2.496166e+00	2.724066e+00	3.238569e-01	-8.005242e-01	-1.643055e-01	9.925730e+00
7.075091e+01	1.017711e-01	-9.517200e-01	1.291509e+01	2.467922e+00	2.694915e+00	3.182695e-01	-8.090823e-01	-1.566506e-01	9.961335e+00
1.187677e+02	1.300181e-01	-9.078117e-01	1.288047e+01	2.512255e+00	2.725609e+00	3.405109e-01	-7.482203e-01	-9.840477e-02	9.901542e+00
7.428056e+01	1.054387e-01	-9.314790e-01	1.291803e+01	2.464400e+00	2.661895e+00	2.939074e-01	-7.371161e-01	-7.321029e-02	9.888771e+00
7.860418e+01	5.615329e-02	-9.406653e-01	1.295039e+01	2.439696e+00	2.614904e+00	2.882995e-01	-7.417571e-01	-5.328831e-02	9.886707e+00
7.520893e+01	4.041271e-02	-9.283099e-01	1.293444e+01	2.463280e+00	2.637270e+00	3.124677e-01	-7.539836e-01	-3.914788e-02	9.876046e+00
7.206638e+01	5.474739e-02	-9.333251e-01	1.292422e+01	2.463439e+00	2.637152e+00	3.158603e-01	-7.699727e-01	-4.272425e-02	9.892055e+00
7.059462e+01	1.136416e-01	-9.353494e-01	1.288587e+01	2.473835e+00	2.661246e+00	3.194448e-01	-7.819508e-01	-5.302077e-02	9.911831e+00
7.131571e+01	9.015836e-02	-9.549026e-01	1.289582e+01	2.459126e+00	2.644930e+00	3.019236e-01	-7.993629e-01	-7.911282e-02	9.937995e+00
6.762085e+01	1.100951e-01	-9.493803e-01	1.287688e+01	2.473188e+00	2.633956e+00	3.032913e-01	-7.829952e-01	-7.377408e-02	9.937233e+00
8.112541e+01	1.208779e-01	-9.273104e-01	1.284422e+01	2.507475e+00	2.669054e+00	3.295745e-01	-7.817998e-01	-7.501027e-02	9.926140e+00
7.217372e+01	5.798162e-02	-9.319498e-01	1.287273e+01	2.496908e+00	2.637419e+00	3.255575e-01	-7.872483e-01	-8.004511e-02	9.932975e+00
7.447608e+01	1.753946e-02	-9.533371e-01	1.291020e+01	2.461902e+00	2.583426e+00	2.973658e-01	-7.949084e-01	-1.005589e-01	9.952083e+00
6.587654e+01	1.251050e-02	-9.417019e-01	1.288594e+01	2.487902e+00	2.607292e+00	3.117124e-01	-8.013555e-01	-1.643729e-01	9.982867e+00
7.077795e+01	5.974094e-02	-9.230214e-01	1.285776e+01	2.496938e+00	2.616860e+00	3.135193e-01	-7.698850e-01	-1.811451e-01	9.971991e+00
6.559672e+01	2.909158e-02	-9.220849e-01	1.287256e+01	2.479986e+00	2.588554e+00	3.106303e-01	-7.845217e-01	-1.897887e-01	9.998026e+00
6.637698e+01	5.236616e-02	-9.325380e-01	1.286294e+01	2.469288e+00	2.581280e+00	2.972814e-01	-7.945589e-01	-1.929160e-01	1.004874e+01
7.415803e+01	1.121058e-01	-9.344748e-01	1.283189e+01	2.469229e+00	2.599742e+00	2.994616e-01	-8.004443e-01	-1.881818e-01	1.010774e+01
1.194426e+02	1.171293e-01	-8.859943e-01	1.281646e+01	2.496945e+00	2.594973e+00	3.231516e-01	-7.270939e-01	-1.352703e-01	1.003696e+01
8.862472e+01	2.016258e-02	-8.942908e-01	1.289662e+01	2.418719e+00	2.495199e+00	3.090205e-01	-7.079212e-01	-1.056410e-01	1.001443e+01
9.446265e+01	-4.115936e-02	-9.289464e-01	1.294892e+01	2.361010e+00	2.419739e+00	2.679303e-01	-7.203051e-01	-8.674200e-02	1.003061e+01
7.275495e+01	-1.108868e-02	-9.159206e-01	1.290827e+01	2.393588e+00	2.473432e+00	3.035372e-01	-7.402409e-01	-6.913097e-02	1.003376e+01
6.880117e+01	2.417449e-02	-9.204359e-01	1.287658e+01	2.412533e+00	2.508156e+00	3.075477e-01	-7.615237e-01	-6.193480e-02	1.004463e+01
7.600418e+01	5.824643e-02	-9.150240e-01	1.281985e+01	2.455984e+00	2.579189e+00	3.227734e-01	-7.805374e-01	-6.416073e-02	1.004376e+01
9.738834e+01	6.177394e-02	-9.536161e-01	1.283852e+01	2.415448e+00	2.546963e+00	2.799754e-01	-7.969607e-01	-8.291516e-02	1.008437e+01
6.793583e+01	6.614229e-02	-9.225607e-01	1.283208e+01	2.427894e+00	2.544382e+00	3.015601e-01	-7.659160e-01	-2.518614e-02	1.007264e+01
9.736224e+01	1.231408e-01	-9.001759e-01	1.278295e+01	2.462862e+00	2.583919e+00	3.247158e-01	-7.687879e-01	-1.590142e-02	1.006795e+01
6.845665e+01	3.282182e-02	-9.269140e-01	1.281765e+01	2.442736e+00	2.550398e+00	2.916109e-01	-7.759666e-01	-1.562747e-02	1.010714e+01
7.963988e+01	4.664060e-03	-9.381187e-01	1.283696e+01	2.416266e+00	2.520432e+00	2.871795e-01	-8.066304e-01	-3.627879e-02	1.012704e+01
6.820935e+01	3.977651e-02	-9.286206e-01	1.281327e+01	2.423567e+00	2.533189e+00	2.986268e-01	-8.098579e-01	-5.403228e-02	1.012255e+01
1.043287e+02	5.688605e-02	-8.953826e-01	1.278228e+01	2.456095e+00	2.556536e+00	3.317589e-01	-7.804330e-01	-1.374840e-02	1.007625e+01
8.581890e+01	-2.138695e-02	-9.013893e-01	1.286272e+01	2.395967e+00	2.448625e+00	3.252170e-01	-7.726553e-01	-2.962866e-03	1.005175e+01
9.597281e+01	-5.093018e-02	-9.419949e-01	1.290541e+01	2.341601e+00	2.381604e+00	2.719869e-01	-7.747081e-01	-4.592164e-03	1.007549e+01
1.030615e+02	-8.062241e-03	-9.508129e-01	1.286148e+01	2.366317e+00	2.441224e+00	2.744988e-01	-7.980852e-01	-4.610020e-02	1.009107e+01
7.954001e+01	7.979429e-02	-9.130633e-01	1.279029e+01	2.426506e+00	2.515438e+00	3.296652e-01	-7.946216e-01	-6.098213e-02	1.006223e+01
