# loss | a0 ... a8
8.359912e+01	2.228214e-01	-1.024625e+00	1.307212e+01	3.884018e+00	6.972857e-01	3.483286e-01	-9.279286e-01	-1.072321e-01	8.541786e+00
1.090846e+03	2.853702e-02	-1.135982e+00	1.329822e+01	3.640967e+00	9.041366e-01	2.006583e-01	-1.009458e+00	-2.541958e-01	8.750470e+00
4.390396e+02	2.367620e-01	-9.672602e-01	1.306718e+01	3.830335e+00	7.113702e-01	1.075343e-01	-7.964749e-01	-3.925792e-01	8.597244e+00
2.202755e+02	2.285458e-01	-9.298023e-01	1.300559e+01	3.889284e+00	8.356883e-01	2.240203e-01	-7.797023e-01	-3.906100e-01	8.604405e+00
1.869719e+02	2.024282e-01	-9.347104e-01	1.302435e+01	3.850162e+00	8.932911e-01	2.666724e-01	-7.863752e-01	-3.736908e-01	8.632532e+00
1.392721e+02	1.194552e-01	-9.553838e-01	1.308456e+01	3.783437e+00	1.004173e+00	2.833383e-01	-7.990313e-01	-3.432087e-01	8.674703e+00
1.293233e+02	1.050993e-01	-9.592554e-01	1.310799e+01	3.735472e+00	1.022101e+00	2.955098e-01	-8.014332e-01	-3.267143e-01	8.706140e+00
1.216599e+02	7.790314e-02	-9.619917e-01	1.314383e+01	3.680760e+00	1.049571e+00	3.100037e-01	-8.060994e-01	-3.055984e-01	8.739539e+00
1.156532e+02	9.571723e-02	-9.730082e-01	1.312105e+01	3.643264e+00	1.083068e+00	2.900106e-01	-8.049963e-01	-2.926648e-01	8.768747e+00
1.097935e+02	1.294402e-01	-9.770607e-01	1.305697e+01	3.634121e+00	1.145359e+00	2.907344e-01	-8.051599e-01	-2.788879e-01	8.797481e+00
1.100630e+02	1.237249e-01	-9.687031e-01	1.306539e+01	3.603693e+00	1.165243e+00	3.156145e-01	-8.053798e-01	-2.661559e-01	8.823733e+00
1.115644e+02	8.726312e-02	-9.807852e-01	1.313177e+01	3.522026e+00	1.163531e+00	2.870271e-01	-8.057219e-01	-2.538997e-01	8.850855e+00
1.088999e+02	1.309199e-01	-9.676983e-01	1.306273e+01	3.540128e+00	1.212674e+00	3.229048e-01	-8.048467e-01	-2.440759e-01	8.875713e+00
1.005119e+02	1.500804e-01	-9.766951e-01	1.305130e+01	3.499621e+00	1.227394e+00	3.037590e-01	-8.033458e-01	-2.365028e-01	8.901973e+00
1.001490e+02	1.359834e-01	-9.756312e-01	1.306511e+01	3.461343e+00	1.247812e+00	2.997318e-01	-8.044105e-01	-2.261770e-01	8.925630e+00
9.950428e+01	1.562590e-01	-9.712489e-01	1.302318e+01	3.454099e+00	1.292557e+00	3.052345e-01	-8.034425e-01	-2.189403e-01	8.947423e+00
9.574889e+01	1.402666e-01	-9.755144e-01	1.305214e+01	3.407525e+00	1.298906e+00	3.076308e-01	-8.069874e-01	-2.085327e-01	8.976899e+00
1.134928e+02	1.099403e-01	-9.893715e-01	1.311411e+01	3.324230e+00	1.289977e+00	2.803876e-01	-8.062044e-01	-2.008820e-01	9.004287e+00
1.261311e+02	1.764862e-01	-9.614310e-01	1.297447e+01	3.395637e+00	1.360991e+00	3.472435e-01	-8.068495e-01	-1.937634e-01	9.027285e+00
1.362502e+02	1.004272e-01	-9.969469e-01	1.316044e+01	3.223714e+00	1.289514e+00	2.685972e-01	-8.055143e-01	-1.880328e-01	9.057073e+00
9.779712e+01	1.621307e-01	-9.703593e-01	1.303715e+01	3.294518e+00	1.368059e+00	3.359881e-01	-8.059115e-01	-1.822098e-01	9.079090e+00
9.163377e+01	1.507618e-01	-9.724319e-01	1.306044e+01	3.251443e+00	1.373323e+00	3.275453e-01	-8.070353e-01	-1.767042e-01	9.104343e+00
9.659047e+01	1.632384e-01	-9.847671e-01	1.304600e+01	3.215712e+00	1.391198e+00	2.906314e-01	-8.072549e-01	-1.719260e-01	9.128031e+00
9.732837e+01	1.918129e-01	-9.652061e-01	1.299522e+01	3.232114e+00	1.420290e+00	3.309580e-01	-8.049094e-01	-1.688818e-01	9.144136e+00
8.529316e+01	1.774700e-01	-9.769814e-01	1.298904e+01	3.212426e+00	1.450864e+00	3.155501e-01	-8.092572e-01	-1.632700e-01	9.172247e+00
9.332461e+01	1.884640e-01	-9.721913e-01	1.292121e+01	3.239177e+00	1.507386e+00	3.341347e-01	-8.117896e-01	-1.579597e-01	9.198519e+00
1.217947e+02	1.257174e-01	-9.957222e-01	1.307539e+01	3.097419e+00	1.450271e+00	2.716126e-01	-8.093701e-01	-1.555973e-01	9.220269e+00
8.275638e+01	1.509202e-01	-9.772747e-01	1.301847e+01	3.131091e+00	1.489004e+00	3.188679e-01	-8.115266e-01	-1.514791e-01	9.242472e+00
1.003303e+02	1.927900e-01	-9.658325e-01	1.292857e+01	3.177938e+00	1.543649e+00	3.436141e-01	-8.116009e-01	-1.481160e-01	9.265711e+00
1.170362e+02	1.316185e-01	-9.908666e-01	1.306834e+01	3.041096e+00	1.485690e+00	2.720003e-01	-8.113259e-01	-1.464059e-01	9.286794e+00
8.391858e+01	1.823096e-01	-9.704862e-01	1.292183e+01	3.132323e+00	1.560435e+00	3.232249e-01	-8.091502e-01	-1.435463e-01	9.309241e+00
8.034619e+01	1.476593e-01	-9.733425e-01	1.291434e+01	3.136684e+00	1.603017e+00	3.204337e-01	-8.116204e-01	-1.405574e-01	9.336323e+00
9.444211e+01	1.417639e-01	-9.875468e-01	1.297544e+01	3.049891e+00	1.573579e+00	2.859156e-01	-8.085876e-01	-1.397240e-01	9.357815e+00
7.995461e+01	1.905048e-01	-9.741866e-01	1.286163e+01	3.103865e+00	1.630048e+00	3.125705e-01	-8.066104e-01	-1.386400e-01	9.374785e+00
8.119745e+01	1.417035e-01	-9.793977e-01	1.295923e+01	3.024920e+00	1.601334e+00	3.026232e-01	-8.108744e-01	-1.367067e-01	9.395909e+00
7.901983e+01	1.707933e-01	-9.817016e-01	1.293791e+01	3.004385e+00	1.606309e+00	3.067705e-01	-8.085098e-01	-1.359345e-01	9.426413e+00
9.098601e+01	1.701706e-01	-9.641582e-01	1.287809e+01	3.062240e+00	1.659801e+00	3.419253e-01	-8.094427e-01	-1.344260e-01	9.440359e+00
9.198298e+01	1.975220e-01	-9.886446e-01	1.286279e+01	3.011381e+00	1.666481e+00	2.798256e-01	-8.103507e-01	-1.347481e-01	9.468570e+00
1.007145e+02	1.495188e-01	-9.600498e-01	1.285536e+01	3.073352e+00	1.705965e+00	3.490495e-01	-8.087900e-01	-1.331473e-01	9.486573e+00
2.345406e+02	8.646107e-02	-1.015109e+00	1.306550e+01	2.834897e+00	1.595598e+00	2.197831e-01	-8.105803e-01	-1.328098e-01	9.521011e+00
8.367535e+01	1.475993e-01	-9.805107e-01	1.293194e+01	2.934775e+00	1.661984e+00	2.937157e-01	-8.066268e-01	-1.326376e-01	9.527864e+00
8.451465e+01	2.042149e-01	-9.596128e-01	1.285496e+01	2.967833e+00	1.685858e+00	3.316661e-01	-8.047000e-01	-1.326012e-01	9.534237e+00
7.673715e+01	1.295847e-01	-9.632493e-01	1.289972e+01	2.960803e+00	1.715030e+00	3.287791e-01	-8.083918e-01	-1.318415e-01	9.552851e+00
7.987393e+01	8.289734e-02	-9.766314e-01	1.293311e+01	2.930373e+00	1.728924e+00	2.960237e-01	-8.149745e-01	-1.325040e-01	9.571291e+00
7.416111e+01	1.176072e-01	-9.646804e-01	1.288130e+01	2.940141e+00	1.758449e+00	3.324485e-01	-8.169627e-01	-1.345558e-01	9.615355e+00
8.920262e+01	1.200001e-01	-9.818361e-01	1.293486e+01	2.847986e+00	1.731136e+00	2.889117e-01	-8.242807e-01	-1.343582e-01	9.637133e+00
8.774712e+01	1.606460e-01	-9.523224e-01	1.279277e+01	2.950999e+00	1.795185e+00	3.337996e-01	-8.141189e-01	-1.351290e-01	9.635858e+00
1.534012e+02	1.133794e-02	-9.868610e-01	1.303619e+01	2.760121e+00	1.708405e+00	2.483689e-01	-8.088304e-01	-1.356366e-01	9.646247e+00
1.438416e+02	6.981233e-02	-9.345907e-01	1.289733e+01	2.873156e+00	1.766761e+00	3.753612e-01	-8.050582e-01	-1.345794e-01	9.643455e+00
8.117669e+01	1.308727e-02	-9.610984e-01	1.300165e+01	2.758098e+00	1.726294e+00	3.047136e-01	-8.043427e-01	-1.337736e-01	9.655701e+00
7.082026e+01	6.948836e-02	-9.649133e-01	1.292106e+01	2.786471e+00	1.751772e+00	3.148069e-01	-8.122182e-01	-1.341140e-01	9.702857e+00
6.789250e+01	1.193793e-01	-9.619648e-01	1.282126e+01	2.835189e+00	1.798339e+00	3.183254e-01	-8.088265e-01	-1.337601e-01	9.723010e+00
7.038551e+01	1.115121e-01	-9.685054e-01	1.283910e+01	2.790694e+00	1.796825e+00	3.083853e-01	-8.183520e-01	-1.373011e-01	9.734649e+00
1.193857e+02	1.756411e-01	-9.366535e-01	1.273336e+01	2.851663e+00	1.827851e+00	3.513098e-01	-8.015263e-01	-1.344289e-01	9.716580e+00
2.392083e+02	2.215832e-02	-1.007038e+00	1.296194e+01	2.668741e+00	1.777354e+00	2.255398e-01	-8.118522e-01	-1.367572e-01	9.751864e+00
2.783808e+02	1.123579e-01	-9.234314e-01	1.276112e+01	2.822505e+00	1.862087e+00	4.203483e-01	-8.040686e-01	-1.380167e-01	9.732919e+00
1.995975e+02	-1.317877e-01	-1.004919e+00	1.319080e+01	2.431592e+00	1.653908e+00	2.773127e-01	-7.998853e-01	-1.394503e-01	9.763798e+00
9.808026e+01	-1.065630e-01	-9.555917e-01	1.316974e+01	2.448271e+00	1.661781e+00	3.488771e-01	-7.895501e-01	-1.424455e-01	9.742161e+00
8.966632e+01	-2.033886e-02	-9.427851e-01	1.305768e+01	2.516532e+00	1.716232e+00	3.440221e-01	-7.938041e-01	-1.408186e-01	9.742497e+00
1.388912e+02	4.043623e-02	-9.825373e-01	1.296740e+01	2.542113e+00	1.759783e+00	2.673031e-01	-8.056171e-01	-1.417227e-01	9.789790e+00
7.489586e+01	1.146956e-01	-9.441513e-01	1.283424e+01	2.654769e+00	1.822256e+00	3.342024e-01	-8.055529e-01	-1.398460e-01	9.782793e+00
7.497681e+01	1.541541e-01	-9.435409e-01	1.278002e+01	2.679391e+00	1.839808e+00	3.297477e-01	-8.048528e-01	-1.384296e-01	9.796154e+00
1.654082e+02	6.563836e-02	-9.955381e-01	1.287453e+01	2.585371e+00	1.832550e+00	2.591032e-01	-8.065151e-01	-1.470050e-01	9.818775e+00
1.185473e+02	9.420141e-02	-9.137308e-01	1.277714e+01	2.693374e+00	1.873390e+00	3.324168e-01	-7.494193e-01	-1.521237e-01	9.701066e+00
8.962522e+01	1.416791e-01	-9.548161e-01	1.271867e+01	2.689447e+00	1.901308e+00	2.668442e-01	-7.658208e-01	-1.496378e-01	9.732111e+00
7.514989e+01	1.584066e-01	-9.543699e-01	1.263994e+01	2.744693e+00	1.959593e+00	2.964980e-01	-7.848768e-01	-1.456070e-01	9.756367e+00
6.727053e+01	6.266962e-02	-9.563051e-01	1.273967e+01	2.717574e+00	1.942147e+00	3.105689e-01	-7.984285e-01	-1.450834e-01	9.768000e+00
1.122982e+02	6.081110e-02	-9.798723e-01	1.277980e+01	2.643696e+00	1.918931e+00	2.781808e-01	-8.197668e-01	-1.488018e-01	9.824666e+00
1.214600e+02	7.968172e-02	-9.349976e-01	1.267460e+01	2.746096e+00	1.982335e+00	3.679334e-01	-8.198167e-01	-1.551137e-01	9.851836e+00
9.040011e+01	4.629338e-02	-9.700380e-01	1.276285e+01	2.671362e+00	1.932831e+00	2.890470e-01	-8.119674e-01	-1.565358e-01	9.885000e+00
1.173711e+02	6.818511e-02	-9.153455e-01	1.271284e+01	2.731832e+00	1.960910e+00	3.364513e-01	-7.666457e-01	-1.503598e-01	9.806478e+00
2.423828e+02	-7.052539e-04	-9.944750e-01	1.282054e+01	2.614744e+00	1.931963e+00	1.989109e-01	-7.761567e-01	-1.502028e-01	9.855728e+00
9.325936e+01	8.521071e-02	-9.679519e-01	1.263651e+01	2.752049e+00	2.032028e+00	2.605478e-01	-7.864711e-01	-1.458876e-01	9.886206e+00
8.755880e+01	1.380906e-01	-9.442975e-01	1.255297e+01	2.815139e+00	2.073841e+00	3.141358e-01	-7.922067e-01	-1.431708e-01	9.884414e+00
1.120764e+02	-7.991574e-02	-9.745082e-01	1.283441e+01	2.644900e+00	1.966121e+00	2.842824e-01	-8.122984e-01	-1.493002e-01	9.892244e+00
1.498379e+02	-1.140538e-02	-9.026427e-01	1.273012e+01	2.731865e+00	2.000301e+00	3.443727e-01	-7.574489e-01	-1.458037e-01	9.785303e+00
1.641260e+02	-1.101566e-02	-9.766970e-01	1.276306e+01	2.633672e+00	1.981141e+00	2.226574e-01	-7.777642e-01	-1.446461e-01	9.830954e+00
1.324036e+02	8.878726e-02	-9.213065e-01	1.258388e+01	2.778506e+00	2.057575e+00	3.385544e-01	-7.811221e-01	-1.428645e-01	9.797846e+00
2.227398e+02	-1.662977e-01	-9.951956e-01	1.297937e+01	2.459147e+00	1.858557e+00	2.425195e-01	-7.989988e-01	-1.432164e-01	9.852602e+00
2.076609e+02	-1.079039e-01	-9.173107e-01	1.287941e+01	2.552937e+00	1.903822e+00	4.120200e-01	-7.993456e-01	-1.430940e-01	9.834078e+00
9.198282e+01	-6.816764e-02	-9.700361e-01	1.285825e+01	2.517393e+00	1.909254e+00	3.081721e-01	-8.083140e-01	-1.442882e-01	9.875774e+00
6.724049e+01	7.879526e-03	-9.478185e-01	1.277939e+01	2.560226e+00	1.943605e+00	3.290402e-01	-8.058029e-01	-1.438808e-01	9.865627e+00
6.529490e+01	3.833347e-02	-9.449294e-01	1.270724e+01	2.603656e+00	1.985279e+00	3.172096e-01	-7.963148e-01	-1.418984e-01	9.870766e+00
6.683837e+01	5.314204e-02	-9.530259e-01	1.267597e+01	2.620272e+00	2.007725e+00	3.003962e-01	-7.972270e-01	-1.423681e-01	9.894869e+00
6.643040e+01	5.151784e-02	-9.432394e-01	1.266983e+01	2.624432e+00	2.009994e+00	3.028149e-01	-7.896162e-01	-1.377643e-01	9.871174e+00
9.785394e+01	-1.468979e-02	-9.644865e-01	1.277313e+01	2.550338e+00	1.970873e+00	2.809630e-01	-8.057074e-01	-1.418718e-01	9.918687e+00
1.266155e+02	6.173035e-02	-9.197487e-01	1.264375e+01	2.661271e+00	2.039812e+00	3.577129e-01	-7.976708e-01	-1.427485e-01	9.895399e+00
1.373601e+02	-1.338995e-02	-9.722337e-01	1.278267e+01	2.526554e+00	1.974127e+00	2.526308e-01	-7.989872e-01	-1.418085e-01	9.911826e+00
8.853782e+01	2.801086e-02	-9.106302e-01	1.272834e+01	2.587386e+00	1.995773e+00	3.064201e-01	-7.499054e-01	-1.412222e-01	9.806444e+00
8.144808e+01	-4.469202e-02	-9.299891e-01	1.285060e+01	2.484045e+00	1.932782e+00	2.862648e-01	-7.704765e-01	-1.395480e-01	9.802548e+00
7.739497e+01	1.971434e-02	-9.504109e-01	1.274518e+01	2.530479e+00	1.986973e+00	2.825533e-01	-7.891327e-01	-1.367758e-01	9.854187e+00
7.609287e+01	5.340305e-02	-9.345215e-01	1.267522e+01	2.582529e+00	2.028886e+00	3.301929e-01	-7.957169e-01	-1.352294e-01	9.865822e+00
1.049146e+02	3.391903e-02	-9.658292e-01	1.269937e+01	2.548418e+00	2.018018e+00	2.733915e-01	-8.204958e-01	-1.363015e-01	9.888488e+00
9.972728e+01	5.736817e-02	-9.230142e-01	1.264438e+01	2.619214e+00	2.041556e+00	3.459704e-01	-8.143660e-01	-1.472216e-01	9.899764e+00
1.682915e+02	1.262283e-02	-9.755049e-01	1.269558e+01	2.560943e+00	2.035153e+00	2.703880e-01	-8.247081e-01	-1.523941e-01	9.975434e+00
3.628410e+02	1.026886e-01	-8.611963e-01	1.256310e+01	2.703412e+00	2.086728e+00	3.587877e-01	-7.191779e-01	-1.545904e-01	9.794855e+00
7.149140e+02	-2.278502e-01	-1.058630e+00	1.308938e+01	2.200034e+00	1.794702e+00	9.074705e-02	-7.411669e-01	-1.541277e-01	9.951892e+00
1.212110e+02	-1.810806e-01	-9.229395e-01	1.303727e+01	2.258326e+00	1.812443e+00	2.860762e-01	-6.731511e-01	-1.699893e-01	9.726427e+00
1.014450e+02	-1.126774e-01	-9.191963e-01	1.293932e+01	2.330381e+00	1.879812e+00	3.116031e-01	-7.167895e-01	-1.599589e-01	9.720623e+00
8.604011e+01	-4.235691e-02	-9.401515e-01	1.283288e+01	2.398773e+00	1.939103e+00	2.935157e-01	-7.594778e-01	-1.528254e-01	9.760074e+00
7.826043e+01	1.134108e-02	-9.335926e-01	1.275084e+01	2.458706e+00	1.989675e+00	3.305417e-01	-7.853406e-01	-1.496484e-01	9.783275e+00
7.309433e+01	3.648556e-02	-9.361167e-01	1.267467e+01	2.518614e+00	2.036587e+00	3.245571e-01	-7.999817e-01	-1.497413e-01	9.798999e+00
1.591302e+02	1.408460e-02	-9.825226e-01	1.274063e+01	2.420145e+00	2.000126e+00	2.530280e-01	-8.144259e-01	-1.481985e-01	9.840255e+00
9.247836e+01	8.132444e-02	-9.278333e-01	1.260607e+01	2.554313e+00	2.074386e+00	3.365916e-01	-7.997679e-01	-1.472985e-01	9.812394e+00
2.465224e+02	-4.830880e-02	-9.964509e-01	1.281461e+01	2.363702e+00	1.967046e+00	2.290848e-01	-8.080510e-01	-1.480193e-01	9.858906e+00
3.405189e+02	4.210652e-02	-8.670298e-01	1.267586e+01	2.497083e+00	2.009182e+00	3.809518e-01	-7.297146e-01	-1.588278e-01	9.697740e+00
3.693606e+02	-1.375553e-01	-1.005343e+00	1.296416e+01	2.215692e+00	1.883739e+00	1.735319e-01	-7.471958e-01	-1.581258e-01	9.771068e+00
8.212861e+01	-7.729699e-02	-9.460978e-01	1.284827e+01	2.335870e+00	1.956960e+00	3.392305e-01	-7.803815e-01	-1.498285e-01	9.781038e+00
9.205164e+01	-2.679556e-02	-9.676801e-01	1.280914e+01	2.335304e+00	1.976286e+00	3.001153e-01	-7.939640e-01	-1.480679e-01	9.821791e+00
7.223248e+01	5.283971e-02	-9.378004e-01	1.267568e+01	2.424717e+00	2.032843e+00	3.193031e-01	-7.813290e-01	-1.456409e-01	9.794364e+00
6.709028e+01	4.039881e-02	-9.487720e-01	1.264062e+01	2.472764e+00	2.064926e+00	3.053174e-01	-7.929945e-01	-1.428516e-01	9.821270e+00
6.780317e+01	1.159365e-02	-9.533448e-01	1.266883e+01	2.463633e+00	2.050825e+00	3.052896e-01	-8.004503e-01	-1.419064e-01	9.834545e+00
7.775477e+01	5.101584e-02	-9.347689e-01	1.258632e+01	2.536405e+00	2.106644e+00	3.276124e-01	-7.969069e-01	-1.402417e-01	9.832116e+00
7.920166e+01	6.019474e-02	-9.599938e-01	1.265301e+01	2.446897e+00	2.059370e+00	2.881084e-01	-8.087034e-01	-1.411150e-01	9.839427e+00
6.509612e+01	1.293154e-02	-9.441034e-01	1.263685e+01	2.498063e+00	2.089670e+00	3.167675e-01	-8.038984e-01	-1.410458e-01	9.837377e+00
7.284727e+01	1.515198e-02	-9.349667e-01	1.260865e+01	2.529583e+00	2.107935e+00	3.223483e-01	-8.022704e-01	-1.409063e-01	9.828139e+00
2.893897e+02	-3.115459e-02	-9.948346e-01	1.269055e+01	2.437598e+00	2.076555e+00	2.610613e-01	-8.365495e-01	-1.518436e-01	9.930984e+00
5.066098e+02	5.159619e-02	-8.430716e-01	1.255553e+01	2.584339e+00	2.120500e+00	3.795851e-01	-6.987800e-01	-1.721524e-01	9.731437e+00
6.374240e+02	-1.399971e-01	-1.058702e+00	1.289351e+01	2.204781e+00	1.909103e+00	1.004134e-01	-7.229651e-01	-1.713803e-01	9.882002e+00
8.334820e+01	-7.842654e-02	-9.589362e-01	1.277099e+01	2.306247e+00	1.959967e+00	3.392531e-01	-7.295849e-01	-1.710686e-01	9.816387e+00
1.119201e+02	-2.550207e-02	-9.316734e-01	1.265729e+01	2.395498e+00	2.026800e+00	3.718044e-01	-7.613732e-01	-1.674166e-01	9.816314e+00
1.618829e+02	-1.017551e-01	-9.894953e-01	1.278459e+01	2.265233e+00	1.974983e+00	2.658156e-01	-7.820481e-01	-1.637318e-01	9.850199e+00
9.898231e+01	1.570727e-02	-9.274483e-01	1.261809e+01	2.404929e+00	2.063858e+00	3.549401e-01	-7.846162e-01	-1.629971e-01	9.819314e+00
1.742285e+02	4.191608e-02	-9.859440e-01	1.263200e+01	2.333808e+00	2.048656e+00	2.393480e-01	-7.981431e-01	-1.618031e-01	9.852367e+00
8.522406e+01	3.237820e-02	-9.687804e-01	1.254717e+01	2.442786e+00	2.108402e+00	2.937943e-01	-8.069329e-01	-1.639051e-01	9.889978e+00
1.077993e+02	6.479035e-02	-9.146120e-01	1.248764e+01	2.513963e+00	2.132692e+00	3.224600e-01	-7.504778e-01	-1.574848e-01	9.805863e+00
9.795941e+01	-9.071301e-02	-9.546138e-01	1.265420e+01	2.412447e+00	2.053686e+00	2.683245e-01	-7.676168e-01	-1.543612e-01	9.818982e+00
1.160281e+02	-4.643364e-02	-9.241171e-01	1.253788e+01	2.534449e+00	2.141067e+00	3.587697e-01	-7.902871e-01	-1.496422e-01	9.858255e+00
2.860516e+02	-1.246350e-01	-1.006475e+00	1.277058e+01	2.300339e+00	1.993558e+00	2.364818e-01	-7.984751e-01	-1.495731e-01	9.919467e+00
1.876305e+02	-1.851324e-02	-9.130744e-01	1.260711e+01	2.420869e+00	2.069802e+00	3.976699e-01	-7.889832e-01	-1.519555e-01	9.874405e+00
8.095886e+01	-1.059396e-01	-9.590276e-01	1.275322e+01	2.248628e+00	1.990887e+00	3.236463e-01	-7.972221e-01	-1.545526e-01	9.906535e+00
7.054696e+01	-4.428811e-02	-9.485331e-01	1.269259e+01	2.286611e+00	2.021503e+00	3.186153e-01	-7.941191e-01	-1.519247e-01	9.895412e+00
7.525584e+01	5.363224e-03	-9.290798e-01	1.260665e+01	2.356367e+00	2.072084e+00	3.339111e-01	-7.894584e-01	-1.494999e-01	9.890501e+00
8.072585e+01	8.049855e-03	-9.579849e-01	1.261061e+01	2.318850e+00	2.074816e+00	2.913178e-01	-7.939288e-01	-1.491479e-01	9.894371e+00
6.527058e+01	1.768028e-02	-9.483166e-01	1.255751e+01	2.381700e+00	2.104188e+00	3.087972e-01	-7.969700e-01	-1.464960e-01	9.898077e+00
6.507231e+01	1.674480e-02	-9.432956e-01	1.255369e+01	2.398470e+00	2.108192e+00	3.058197e-01	-7.886097e-01	-1.419494e-01	9.891739e+00
7.082062e+01	5.157081e-03	-9.333599e-01	1.252593e+01	2.436670e+00	2.131550e+00	3.241989e-01	-7.954399e-01	-1.411899e-01	9.887112e+00
1.138847e+02	-3.772743e-02	-9.708488e-01	1.256285e+01	2.415911e+00	2.110153e+00	2.664855e-01	-7.970620e-01	-1.414768e-01	9.927682e+00
8.142994e+01	1.899934e-02	-9.256412e-01	1.247951e+01	2.492690e+00	2.155713e+00	3.109804e-01	-7.431696e-01	-1.349761e-01	9.881973e+00
1.374196e+02	-6.249384e-02	-9.719557e-01	1.263294e+01	2.354037e+00	2.054377e+00	2.496962e-01	-7.655020e-01	-1.325668e-01	9.909478e+00
2.002848e+02	-2.881493e-03	-9.007604e-01	1.249256e+01	2.480571e+00	2.128109e+00	3.766188e-01	-7.703685e-01	-1.289591e-01	9.865350e+00
2.159196e+02	-2.287586e-01	-9.937536e-01	1.281019e+01	2.228718e+00	1.966682e+00	2.533740e-01	-7.865086e-01	-1.306144e-01	9.929183e+00
1.103839e+02	-1.581415e-01	-9.242736e-01	1.273239e+01	2.298952e+00	2.018436e+00	3.702641e-01	-7.805745e-01	-1.344464e-01	9.893370e+00
7.739303e+01	-1.189181e-01	-9.523067e-01	1.270502e+01	2.298577e+00	2.036606e+00	3.115651e-01	-7.997850e-01	-1.404080e-01	9.921221e+00
6.847530e+01	-3.076273e-02	-9.484556e-01	1.260334e+01	2.364040e+00	2.091407e+00	3.052070e-01	-8.014871e-01	-1.403872e-01	9.929913e+00
1.004005e+02	3.984912e-03	-9.115988e-01	1.254681e+01	2.423632e+00	2.111117e+00	3.353062e-01	-7.707060e-01	-1.344973e-01	9.879099e+00
1.810737e+02	-5.983264e-02	-9.804246e-01	1.266288e+01	2.290102e+00	2.044125e+00	2.384503e-01	-7.884554e-01	-1.347196e-01	9.926882e+00
1.099793e+02	-1.182782e-02	-9.719039e-01	1.253554e+01	2.397295e+00	2.118230e+00	2.764930e-01	-7.947936e-01	-1.450636e-01	9.975843e+00
4.225131e+02	5.952107e-02	-8.674541e-01	1.243647e+01	2.519743e+00	2.151784e+00	3.942741e-01	-7.338187e-01	-1.378125e-01	9.829089e+00
1.484184e+03	-4.682564e-01	-1.186376e+00	1.321566e+01	1.839024e+00	1.712174e+00	-3.465272e-02	-7.546674e-01	-1.419211e-01	1.000803e+01
9.498915e+02	-4.915403e-01	-1.086383e+00	1.328149e+01	1.777440e+00	1.676077e+00	1.086324e-02	-6.584496e-01	-2.665266e-01	9.839970e+00
2.468813e+02	-4.552104e-01	-9.981349e-01	1.322088e+01	1.837434e+00	1.731737e+00	2.692436e-01	-7.182694e-01	-2.402197e-01	9.817053e+00
1.286457e+02	-3.904878e-01	-9.487267e-01	1.314350e+01	1.905079e+00	1.786001e+00	3.641287e-01	-7.625075e-01	-2.210878e-01	9.822530e+00
1.399801e+02	-2.959278e-01	-9.712533e-01	1.304611e+01	1.975051e+00	1.848473e+00	3.067051e-01	-7.889645e-01	-2.126677e-01	9.863641e+00
1.138667e+02	-2.254939e-01	-9.195313e-01	1.296905e+01	2.050166e+00	1.897537e+00	3.392523e-01	-7.641256e-01	-2.046551e-01	9.792328e+00
1.142174e+02	-1.577934e-01	-9.497025e-01	1.289600e+01	2.100711e+00	1.938345e+00	2.874940e-01	-7.788926e-01	-1.979770e-01	9.817728e+00
8.637702e+01	-6.088367e-02	-9.242510e-01	1.276179e+01	2.197270e+00	2.015191e+00	3.390467e-01	-7.943903e-01	-1.867723e-01	9.829190e+00
9.303712e+01	-4.807630e-02	-9.548764e-01	1.272597e+01	2.221364e+00	2.042443e+00	2.886275e-01	-8.092877e-01	-1.822697e-01	9.861304e+00
6.880775e+01	4.242056e-02	-9.328202e-01	1.260722e+01	2.311454e+00	2.112390e+00	3.274712e-01	-8.088521e-01	-1.774793e-01	9.867807e+00
8.682222e+01	1.820568e-02	-9.593427e-01	1.256002e+01	2.350921e+00	2.168018e+00	2.824858e-01	-8.074741e-01	-1.736166e-01	9.896232e+00
8.170946e+01	4.647708e-02	-9.191983e-01	1.253636e+01	2.393725e+00	2.158525e+00	3.046119e-01	-7.552407e-01	-1.689592e-01	9.805884e+00
1.141985e+02	-6.835434e-03	-9.607588e-01	1.264122e+01	2.299007e+00	2.093801e+00	2.584381e-01	-7.717005e-01	-1.622329e-01	9.822833e+00
6.987729e+01	3.170559e-02	-9.443648e-01	1.252384e+01	2.406116e+00	2.165579e+00	2.925507e-01	-7.868244e-01	-1.577253e-01	9.832110e+00
8.703426e+01	9.081473e-02	-9.313395e-01	1.242359e+01	2.489327e+00	2.233810e+00	3.241524e-01	-8.072346e-01	-1.612822e-01	9.888511e+00
2.127294e+02	-1.885365e-01	-9.874376e-01	1.272933e+01	2.277707e+00	2.076312e+00	2.550958e-01	-8.079165e-01	-1.611285e-01	9.930399e+00
6.724501e+01	-1.223445e-01	-9.400340e-01	1.264501e+01	2.366673e+00	2.129240e+00	3.106027e-01	-7.978684e-01	-1.616712e-01	9.892242e+00
6.423252e+01	-6.490239e-02	-9.356417e-01	1.258274e+01	2.402116e+00	2.174774e+00	3.141477e-01	-7.967812e-01	-1.596630e-01	9.901724e+00
9.342961e+01	-1.100815e-01	-9.600991e-01	1.261184e+01	2.383297e+00	2.171102e+00	2.805654e-01	-8.015354e-01	-1.585168e-01	9.924600e+00
1.666720e+02	5.953635e-03	-8.938793e-01	1.250037e+01	2.472743e+00	2.222863e+00	3.455921e-01	-7.489127e-01	-1.514341e-01	9.820764e+00
4.554395e+02	-6.261764e-02	-1.030431e+00	1.271099e+01	2.230412e+00	2.088938e+00	1.645381e-01	-7.655943e-01	-1.507240e-01	9.944406e+00
1.057643e+02	2.315871e-02	-9.401080e-01	1.259314e+01	2.340355e+00	2.152449e+00	2.552241e-01	-7.020971e-01	-1.695695e-01	9.801064e+00
2.350415e+02	7.944343e-02	-8.859029e-01	1.247015e+01	2.457940e+00	2.247204e+00	3.577187e-01	-7.383132e-01	-1.656416e-01	9.764987e+00
2.788392e+02	-2.908632e-01	-1.003184e+00	1.302055e+01	2.011305e+00	1.947764e+00	2.333347e-01	-7.736001e-01	-1.641254e-01	9.830500e+00
1.536179e+02	-2.545647e-01	-9.062302e-01	1.296575e+01	2.071821e+00	1.985132e+00	3.631081e-01	-7.397553e-01	-1.660103e-01	9.734277e+00
2.308777e+02	-1.928848e-01	-9.896733e-01	1.292657e+01	2.072331e+00	2.003596e+00	2.361182e-01	-7.591546e-01	-1.606405e-01	9.802017e+00
8.026144e+01	-8.766636e-02	-9.404907e-01	1.278389e+01	2.210138e+00	2.094227e+00	3.199651e-01	-7.820729e-01	-1.522264e-01	9.794762e+00
7.553850e+01	-4.776187e-02	-9.355412e-01	1.272169e+01	2.277178e+00	2.138208e+00	3.330273e-01	-7.929508e-01	-1.503740e-01	9.823639e+00
1.002490e+02	-3.182472e-02	-9.669605e-01	1.268876e+01	2.287028e+00	2.165588e+00	2.832599e-01	-8.024787e-01	-1.471288e-01	9.859153e+00
1.071608e+02	5.159062e-02	-9.081035e-01	1.256775e+01	2.395000e+00	2.218702e+00	3.269355e-01	-7.535995e-01	-1.426848e-01	9.795289e+00
7.567104e+01	7.760240e-04	-9.331249e-01	1.266772e+01	2.284144e+00	2.169610e+00	2.955917e-01	-7.703496e-01	-1.395144e-01	9.794235e+00
6.892801e+01	-1.790987e-02	-9.438216e-01	1.266148e+01	2.306367e+00	2.178763e+00	3.076835e-01	-7.934380e-01	-1.375108e-01	9.838397e+00
7.428190e+01	-3.920536e-03	-9.325751e-01	1.261537e+01	2.357129e+00	2.217368e+00	3.368748e-01	-8.239891e-01	-1.415487e-01	9.844905e+00
1.607750e+02	-9.629847e-03	-9.810712e-01	1.263836e+01	2.313457e+00	2.199864e+00	2.624117e-01	-8.159420e-01	-1.444972e-01	9.897851e+00
2.836375e+02	7.836912e-02	-8.435502e-01	1.253244e+01	2.431861e+00	2.240831e+00	3.108762e-01	-6.190257e-01	-1.277861e-01	9.583788e+00
7.680918e+02	-2.943598e-01	-1.067440e+00	1.308964e+01	1.952198e+00	1.921487e+00	6.227833e-02	-6.736788e-01	-1.178512e-01	9.697292e+00
3.532906e+02	-2.836008e-01	-1.032284e+00	1.308959e+01	1.951661e+00	1.933811e+00	2.220113e-01	-7.427364e-01	-9.832808e-02	9.740662e+00
1.784116e+02	-2.088211e-01	-9.154295e-01	1.299936e+01	2.058413e+00	1.992776e+00	3.887258e-01	-7.486074e-01	-9.478359e-02	9.678746e+00
1.485907e+02	-1.462167e-01	-9.791937e-01	1.294715e+01	2.082506e+00	2.024688e+00	2.810152e-01	-7.780911e-01	-9.899179e-02	9.728553e+00
1.167765e+02	-5.812458e-02	-9.268153e-01	1.284625e+01	2.176726e+00	2.087681e+00	3.690615e-01	-7.925563e-01	-1.013816e-01	9.736900e+00
1.052846e+02	1.707063e-02	-9.751912e-01	1.276229e+01	2.229836e+00	2.139368e+00	2.931560e-01	-8.033085e-01	-1.074656e-01	9.819616e+00
1.453982e+02	5.657393e-02	-9.061431e-01	1.268282e+01	2.334719e+00	2.190612e+00	3.589397e-01	-7.564419e-01	-9.795636e-02	9.743313e+00
7.284093e+01	2.348714e-02	-9.490108e-01	1.270965e+01	2.301613e+00	2.174205e+00	3.139734e-01	-7.791341e-01	-1.031692e-01	9.793666e+00
7.792340e+01	2.069244e-02	-9.609910e-01	1.270051e+01	2.299343e+00	2.191339e+00	3.019900e-01	-8.015330e-01	-1.079675e-01	9.821974e+00
8.287230e+01	8.976783e-02	-9.300667e-01	1.254919e+01	2.424429e+00	2.282781e+00	3.256129e-01	-8.030093e-01	-1.096308e-01	9.806186e+00
1.220948e+02	-5.261105e-02	-9.760185e-01	1.269418e+01	2.329693e+00	2.200672e+00	2.791320e-01	-8.128049e-01	-1.152634e-01	9.865525e+00
1.357895e+02	2.608143e-02	-9.174714e-01	1.255215e+01	2.463490e+00	2.275382e+00	3.527735e-01	-7.279129e-01	-1.037207e-01	9.748705e+00
9.588791e+01	-2.021952e-02	-9.697833e-01	1.259896e+01	2.425167e+00	2.256019e+00	2.755509e-01	-7.526229e-01	-1.040800e-01	9.775057e+00
7.538620e+01	-2.080949e-02	-9.669147e-01	1.256656e+01	2.460877e+00	2.279265e+00	2.929411e-01	-7.844471e-01	-1.078461e-01	9.805820e+00
1.570800e+02	3.695675e-02	-9.205623e-01	1.248294e+01	2.549163e+00	2.333829e+00	3.617895e-01	-7.924492e-01	-1.080738e-01	9.787094e+00
7.903074e+01	-1.388563e-01	-9.621952e-01	1.269449e+01	2.398914e+00	2.229228e+00	3.010194e-01	-8.011082e-01	-1.155378e-01	9.804132e+00
8.091339e+01	-8.750569e-02	-9.334787e-01	1.264110e+01	2.445169e+00	2.255853e+00	3.367492e-01	-7.925426e-01	-1.117986e-01	9.798458e+00
6.482209e+01	-1.047948e-02	-9.499545e-01	1.257750e+01	2.463435e+00	2.286781e+00	3.086331e-01	-8.050145e-01	-1.151460e-01	9.832855e+00
7.618945e+01	-7.920380e-02	-9.591161e-01	1.264148e+01	2.427101e+00	2.249154e+00	2.932979e-01	-8.006691e-01	-1.190000e-01	9.845313e+00
9.074098e+01	-2.503416e-02	-9.260939e-01	1.257505e+01	2.489821e+00	2.278809e+00	3.376746e-01	-7.937795e-01	-1.216471e-01	9.840058e+00
1.658446e+02	-9.368929e-02	-9.863366e-01	1.267687e+01	2.381382e+00	2.202853e+00	2.504234e-01	-7.970567e-01	-1.227990e-01	9.886389e+00
1.424367e+02	-7.470324e-03	-8.935157e-01	1.256065e+01	2.493986e+00	2.259678e+00	3.240119e-01	-7.116690e-01	-1.202536e-01	9.734863e+00
2.616021e+02	-1.147705e-01	-9.876598e-01	1.273426e+01	2.307094e+00	2.159610e+00	1.942069e-01	-7.352183e-01	-1.195741e-01	9.757400e+00
2.263279e+02	-4.341281e-02	-9.025395e-01	1.259162e+01	2.438603e+00	2.255762e+00	3.899199e-01	-7.762413e-01	-1.128592e-01	9.758839e+00
8.265167e+01	-1.198048e-01	-9.636629e-01	1.274923e+01	2.277868e+00	2.138509e+00	3.124840e-01	-7.970763e-01	-1.178706e-01	9.803554e+00
7.617779e+01	-5.896934e-02	-9.403608e-01	1.268678e+01	2.331025e+00	2.181260e+00	3.410023e-01	-8.006173e-01	-1.189949e-01	9.803878e+00
7.077067e+01	-2.633061e-02	-9.567309e-01	1.266129e+01	2.338655e+00	2.190391e+00	3.245244e-01	-8.233509e-01	-1.234038e-01	9.829868e+00
6.674278e+01	2.897218e-02	-9.433582e-01	1.259843e+01	2.393993e+00	2.223385e+00	3.252191e-01	-8.121533e-01	-1.228009e-01	9.826345e+00
8.873570e+01	-2.982250e-03	-9.656055e-01	1.262466e+01	2.361127e+00	2.218847e+00	2.874356e-01	-8.108865e-01	-1.289558e-01	9.854164e+00
6.738618e+01	1.825045e-03	-9.406197e-01	1.252273e+01	2.479347e+00	2.295137e+00	3.133305e-01	-8.020823e-01	-1.299797e-01	9.855333e+00
1.026723e+02	7.699317e-03	-9.694361e-01	1.257673e+01	2.404551e+00	2.249135e+00	2.819932e-01	-8.189478e-01	-1.381362e-01	9.884152e+00
7.686809e+01	-6.873803e-03	-9.373871e-01	1.253211e+01	2.486677e+00	2.291729e+00	3.361780e-01	-8.127312e-01	-1.386207e-01	9.882271e+00
7.234855e+01	1.538490e-02	-9.553795e-01	1.254809e+01	2.446325e+00	2.272712e+00	2.891511e-01	-7.999417e-01	-1.386196e-01	9.878461e+00
7.094995e+01	4.074177e-02	-9.378737e-01	1.252760e+01	2.461346e+00	2.269123e+00	3.212233e-01	-7.974044e-01	-1.374923e-01	9.875562e+00
9.978024e+01	-4.711187e-02	-9.641788e-01	1.258606e+01	2.440595e+00	2.260800e+00	2.964219e-01	-8.255111e-01	-1.482216e-01	9.929778e+00
