# loss | a0 ... a8
5.788657e+02	-1.503036e-01	-7.048036e-01	1.274875e+01	7.924107e-01	6.269286e+00	2.118714e-01	-9.791000e-01	4.835491e-01	1.031857e+01
7.184934e+02	-3.362773e-01	-8.868077e-01	1.251834e+01	1.028533e+00	6.059430e+00	1.146474e-01	-1.040665e+00	3.020305e-01	1.012590e+01
5.660352e+02	-3.893405e-01	-7.856628e-01	1.230187e+01	1.261664e+00	5.977307e+00	2.944721e-01	-9.940651e-01	2.245465e-01	9.930513e+00
2.734142e+02	-5.576653e-01	-8.451628e-01	1.249131e+01	1.478449e+00	5.801693e+00	2.835855e-01	-1.034357e+00	7.540507e-02	9.931988e+00
7.239163e+02	-5.268772e-01	-7.668428e-01	1.233459e+01	1.416627e+00	5.786982e+00	3.091126e-01	-8.075302e-01	2.101193e-01	9.757469e+00
5.952779e+02	-5.416409e-01	-9.192487e-01	1.245922e+01	1.208911e+00	5.764073e+00	1.701156e-01	-7.501227e-01	2.494306e-01	9.844198e+00
5.270158e+02	-6.371963e-01	-9.391292e-01	1.235674e+01	1.367048e+00	5.623283e+00	2.076903e-01	-7.533622e-01	2.360253e-01	9.847552e+00
1.032303e+02	-8.083052e-01	-9.093926e-01	1.265488e+01	1.598988e+00	5.354244e+00	2.969044e-01	-7.707514e-01	1.983837e-01	9.830392e+00
1.107982e+02	-8.210519e-01	-8.989810e-01	1.275828e+01	1.756901e+00	5.253216e+00	3.209103e-01	-7.897610e-01	1.634944e-01	9.822191e+00
9.551753e+01	-7.735115e-01	-9.121519e-01	1.279694e+01	1.833016e+00	5.209075e+00	3.059783e-01	-7.947603e-01	1.395874e-01	9.822321e+00
9.276257e+01	-7.319235e-01	-9.311211e-01	1.280910e+01	1.890846e+00	5.188880e+00	2.922988e-01	-8.020041e-01	1.168781e-01	9.847389e+00
8.539851e+01	-6.604082e-01	-9.331341e-01	1.281073e+01	1.957340e+00	5.177018e+00	3.002323e-01	-8.110768e-01	9.072934e-02	9.873629e+00
8.197744e+01	-6.074164e-01	-9.367236e-01	1.280938e+01	2.013448e+00	5.168510e+00	3.035334e-01	-8.087507e-01	7.219722e-02	9.880489e+00
7.970454e+01	-5.517588e-01	-9.319782e-01	1.280694e+01	2.067502e+00	5.161154e+00	3.070821e-01	-8.039049e-01	5.699212e-02	9.880615e+00
7.963429e+01	-5.017482e-01	-9.421132e-01	1.280514e+01	2.062123e+00	5.154202e+00	2.968953e-01	-8.140231e-01	3.150391e-02	9.908572e+00
7.576137e+01	-4.551243e-01	-9.348488e-01	1.280280e+01	2.093309e+00	5.147433e+00	3.074711e-01	-8.135178e-01	1.660525e-02	9.920144e+00
7.547000e+01	-4.073224e-01	-9.412147e-01	1.280115e+01	2.081239e+00	5.140714e+00	2.974217e-01	-8.073039e-01	1.886639e-03	9.965864e+00
7.659998e+01	-3.867013e-01	-9.434195e-01	1.280025e+01	2.080131e+00	5.133953e+00	2.988949e-01	-8.080479e-01	-1.478950e-02	9.992929e+00
7.417801e+01	-3.331911e-01	-9.280812e-01	1.279793e+01	2.094622e+00	5.127325e+00	3.134594e-01	-7.997073e-01	-2.404729e-02	9.983742e+00
8.122549e+01	-3.366796e-01	-9.459809e-01	1.279940e+01	2.010892e+00	5.120385e+00	2.926240e-01	-8.018184e-01	-3.363338e-02	9.991430e+00
8.174644e+01	-2.821822e-01	-9.146881e-01	1.279669e+01	2.043427e+00	5.113829e+00	3.171179e-01	-7.717468e-01	-2.737601e-02	9.945215e+00
7.508310e+01	-3.066688e-01	-9.214811e-01	1.279872e+01	1.998041e+00	5.106897e+00	3.140581e-01	-7.787490e-01	-3.615061e-02	9.951901e+00
9.051712e+01	-2.692847e-01	-9.501164e-01	1.279772e+01	1.967443e+00	5.100233e+00	2.830928e-01	-7.961275e-01	-4.955216e-02	9.984567e+00
6.932775e+01	-2.157852e-01	-9.311267e-01	1.279403e+01	2.009491e+00	5.093811e+00	3.120593e-01	-8.001125e-01	-7.599888e-02	1.002821e+01
7.016902e+01	-2.158433e-01	-9.229747e-01	1.279428e+01	2.006715e+00	5.087081e+00	3.064609e-01	-7.814231e-01	-8.019755e-02	1.001301e+01
9.603120e+01	-2.543508e-01	-9.454001e-01	1.279677e+01	1.954222e+00	5.080199e+00	2.826485e-01	-7.947526e-01	-1.062980e-01	1.007063e+01
7.253033e+01	-2.099741e-01	-9.260387e-01	1.279249e+01	2.035341e+00	5.073836e+00	3.030450e-01	-8.068180e-01	-1.178315e-01	1.007221e+01
7.540836e+01	-2.092641e-01	-9.109637e-01	1.279109e+01	2.079719e+00	5.067269e+00	3.161483e-01	-7.986421e-01	-1.201594e-01	1.005904e+01
9.035905e+01	-2.174916e-01	-9.408006e-01	1.279408e+01	1.974783e+00	5.060370e+00	2.767561e-01	-7.897687e-01	-1.183797e-01	1.006121e+01
7.320805e+01	-1.776504e-01	-9.120847e-01	1.279240e+01	1.987056e+00	5.053891e+00	3.156881e-01	-7.826942e-01	-1.205267e-01	1.002531e+01
6.848058e+01	-2.140755e-01	-9.231441e-01	1.279502e+01	1.934672e+00	5.047091e+00	3.121124e-01	-7.984278e-01	-1.373882e-01	1.006511e+01
7.453982e+01	-1.886343e-01	-9.099238e-01	1.279311e+01	1.962768e+00	5.040657e+00	3.198376e-01	-7.802928e-01	-1.369663e-01	1.003329e+01
1.216348e+02	-2.233821e-01	-9.525165e-01	1.279611e+01	1.885524e+00	5.033859e+00	2.650415e-01	-7.853274e-01	-1.396101e-01	1.005508e+01
1.997096e+02	-1.685367e-01	-9.608530e-01	1.279008e+01	1.997390e+00	5.027730e+00	2.797254e-01	-8.312306e-01	-1.642172e-01	1.005155e+01
5.816476e+02	-1.481193e-01	-7.949453e-01	1.278800e+01	2.058048e+00	5.021302e+00	3.453218e-01	-6.191327e-01	-1.694600e-01	9.720231e+00
2.452558e+02	-3.763983e-01	-9.372748e-01	1.281517e+01	1.626141e+00	5.012478e+00	1.901255e-01	-6.174644e-01	-1.712543e-01	9.721892e+00
1.301883e+02	-4.333084e-01	-9.271990e-01	1.282071e+01	1.568163e+00	5.005450e+00	2.710050e-01	-6.733932e-01	-1.453158e-01	9.705060e+00
1.427135e+02	-4.062159e-01	-8.953418e-01	1.281636e+01	1.631200e+00	4.999219e+00	3.460587e-01	-7.260817e-01	-1.275912e-01	9.696382e+00
9.552531e+01	-3.821415e-01	-9.359894e-01	1.281306e+01	1.681889e+00	4.992982e+00	3.050970e-01	-7.588490e-01	-1.179307e-01	9.731259e+00
9.199711e+01	-3.269405e-01	-9.479309e-01	1.280764e+01	1.746289e+00	4.986978e+00	3.008834e-01	-7.867449e-01	-1.156099e-01	9.755556e+00
7.620521e+01	-2.781420e-01	-9.421110e-01	1.279987e+01	1.857731e+00	4.981115e+00	3.149112e-01	-8.038374e-01	-1.162387e-01	9.784114e+00
7.274578e+01	-2.056796e-01	-9.416582e-01	1.279347e+01	1.927569e+00	4.975183e+00	3.083272e-01	-8.077134e-01	-1.164271e-01	9.795477e+00
7.103169e+01	-1.955029e-01	-9.414526e-01	1.278931e+01	1.990953e+00	4.969137e+00	3.156623e-01	-8.166634e-01	-1.266482e-01	9.827085e+00
8.002117e+01	-2.088107e-01	-9.544872e-01	1.278786e+01	2.030971e+00	4.962896e+00	3.034157e-01	-8.175464e-01	-1.343539e-01	9.853969e+00
9.391546e+01	-1.665376e-01	-9.134341e-01	1.278565e+01	2.048031e+00	4.956732e+00	3.192164e-01	-7.562238e-01	-1.215847e-01	9.773137e+00
8.176074e+01	-1.519493e-01	-9.235430e-01	1.278894e+01	1.999234e+00	4.950172e+00	3.048039e-01	-7.521981e-01	-1.191999e-01	9.754711e+00
8.916924e+01	-1.871437e-01	-9.509166e-01	1.279143e+01	1.973484e+00	4.943699e+00	2.807555e-01	-7.761918e-01	-1.161326e-01	9.778992e+00
7.805619e+01	-2.195788e-01	-9.483822e-01	1.279286e+01	1.975258e+00	4.937311e+00	2.955544e-01	-7.902434e-01	-1.150422e-01	9.810451e+00
7.974815e+01	-1.679742e-01	-9.280959e-01	1.278698e+01	2.058697e+00	4.931556e+00	3.265705e-01	-7.980872e-01	-1.184485e-01	9.833385e+00
1.237493e+02	-2.244126e-01	-9.709221e-01	1.279309e+01	1.983071e+00	4.924854e+00	2.739375e-01	-8.088715e-01	-1.216768e-01	9.873245e+00
6.956679e+01	-1.728182e-01	-9.390531e-01	1.278851e+01	2.037152e+00	4.918976e+00	3.091660e-01	-7.989579e-01	-1.281613e-01	9.860922e+00
7.007573e+01	-1.993891e-01	-9.372522e-01	1.278820e+01	2.069660e+00	4.912812e+00	3.180297e-01	-8.034137e-01	-1.344388e-01	9.881882e+00
6.970049e+01	-1.702176e-01	-9.393432e-01	1.278936e+01	2.035486e+00	4.906523e+00	3.063853e-01	-8.005700e-01	-1.397491e-01	9.902435e+00
7.380626e+01	-1.109453e-01	-9.446991e-01	1.278701e+01	2.042876e+00	4.900537e+00	2.947166e-01	-7.930012e-01	-1.402715e-01	9.904174e+00
7.354479e+01	-1.431134e-01	-9.290345e-01	1.278870e+01	2.046211e+00	4.894252e+00	3.211964e-01	-7.943974e-01	-1.371207e-01	9.884145e+00
7.996748e+01	-2.166432e-01	-9.460833e-01	1.279300e+01	2.016484e+00	4.887795e+00	3.161704e-01	-8.198211e-01	-1.537088e-01	9.939550e+00
9.153372e+01	-1.961212e-01	-9.424856e-01	1.279273e+01	2.008682e+00	4.881700e+00	3.091175e-01	-8.354574e-01	-1.641818e-01	9.945065e+00
1.421979e+02	-1.258385e-01	-8.791503e-01	1.278940e+01	2.023209e+00	4.875872e+00	3.246822e-01	-7.357780e-01	-1.547043e-01	9.818073e+00
1.443833e+02	-2.232504e-01	-9.495168e-01	1.280020e+01	1.898344e+00	4.868855e+00	2.356557e-01	-7.354298e-01	-1.521956e-01	9.834730e+00
1.033311e+02	-2.248779e-01	-9.456911e-01	1.279696e+01	1.957630e+00	4.862924e+00	2.616468e-01	-7.616864e-01	-1.447872e-01	9.836903e+00
1.135497e+02	-1.864316e-01	-9.095689e-01	1.279048e+01	2.058832e+00	4.857422e+00	3.468548e-01	-7.899629e-01	-1.374650e-01	9.853809e+00
1.689895e+02	-2.059645e-01	-9.811810e-01	1.279609e+01	1.954025e+00	4.850898e+00	2.645284e-01	-8.072429e-01	-1.397256e-01	9.917840e+00
6.993094e+01	-1.851549e-01	-9.457663e-01	1.279169e+01	2.019881e+00	4.845140e+00	3.190368e-01	-7.975456e-01	-1.441281e-01	9.911821e+00
7.700182e+01	-1.366864e-01	-9.275577e-01	1.278947e+01	2.027790e+00	4.839279e+00	3.251525e-01	-7.728524e-01	-1.336019e-01	9.887746e+00
7.794494e+01	-1.732411e-01	-9.504454e-01	1.279098e+01	2.022072e+00	4.833178e+00	2.941722e-01	-7.907134e-01	-1.382871e-01	9.906315e+00
6.986465e+01	-2.207013e-01	-9.286823e-01	1.279317e+01	2.030593e+00	4.827064e+00	3.112634e-01	-8.056085e-01	-1.307119e-01	9.865652e+00
6.927007e+01	-1.776406e-01	-9.292591e-01	1.279033e+01	2.051811e+00	4.821335e+00	3.086798e-01	-8.080196e-01	-1.327852e-01	9.875766e+00
7.251956e+01	-1.897848e-01	-9.237501e-01	1.278992e+01	2.080781e+00	4.815405e+00	3.129428e-01	-8.094539e-01	-1.305283e-01	9.870009e+00
1.445510e+02	-1.894967e-01	-9.684536e-01	1.279356e+01	2.005924e+00	4.809167e+00	2.680027e-01	-8.176881e-01	-1.451324e-01	9.926209e+00
1.841334e+02	-1.752119e-01	-8.529770e-01	1.279414e+01	2.032400e+00	4.803121e+00	3.021461e-01	-6.276231e-01	-1.398647e-01	9.675166e+00
1.496888e+02	-2.150016e-01	-9.195420e-01	1.280433e+01	1.876764e+00	4.796276e+00	2.173032e-01	-6.310489e-01	-1.350825e-01	9.645379e+00
9.649841e+01	-2.346185e-01	-9.060631e-01	1.280160e+01	1.923641e+00	4.790538e+00	2.913201e-01	-6.878141e-01	-1.033771e-01	9.639303e+00
8.837338e+01	-1.931349e-01	-9.198004e-01	1.279859e+01	1.937384e+00	4.784908e+00	3.052068e-01	-7.304955e-01	-9.295866e-02	9.672374e+00
8.210252e+01	-2.228671e-01	-9.466876e-01	1.279813e+01	1.953717e+00	4.779156e+00	2.992656e-01	-7.723773e-01	-8.818363e-02	9.721599e+00
7.543155e+01	-1.585709e-01	-9.408803e-01	1.279322e+01	2.000712e+00	4.773762e+00	3.114264e-01	-7.869049e-01	-9.042343e-02	9.736459e+00
8.991457e+01	-1.100136e-01	-9.591946e-01	1.279317e+01	1.958106e+00	4.767981e+00	2.849738e-01	-8.025404e-01	-1.047186e-01	9.753757e+00
8.403007e+01	-9.747033e-02	-9.300804e-01	1.278775e+01	2.065729e+00	4.762666e+00	3.329869e-01	-8.046610e-01	-1.085259e-01	9.778648e+00
7.005731e+01	-1.685021e-01	-9.476946e-01	1.279268e+01	2.060103e+00	4.756438e+00	3.146862e-01	-8.022610e-01	-1.161230e-01	9.822194e+00
8.132255e+01	-1.530222e-01	-9.576654e-01	1.279231e+01	2.054548e+00	4.750738e+00	2.940375e-01	-8.050347e-01	-1.216864e-01	9.837912e+00
7.871249e+01	-1.604647e-01	-9.252141e-01	1.279174e+01	2.086356e+00	4.745055e+00	2.993891e-01	-7.602830e-01	-1.141508e-01	9.777192e+00
7.642466e+01	-1.330409e-01	-9.404012e-01	1.279056e+01	2.095637e+00	4.739438e+00	2.918915e-01	-7.727527e-01	-1.150949e-01	9.797739e+00
7.973926e+01	-6.495450e-02	-9.311482e-01	1.278353e+01	2.156157e+00	4.734344e+00	3.161822e-01	-7.953913e-01	-1.218059e-01	9.811448e+00
1.069670e+02	-1.798435e-01	-9.693852e-01	1.279629e+01	2.038465e+00	4.727453e+00	2.793088e-01	-8.043279e-01	-1.258393e-01	9.853031e+00
6.946146e+01	-1.243519e-01	-9.440415e-01	1.279363e+01	2.074228e+00	4.721907e+00	3.086761e-01	-7.974394e-01	-1.338668e-01	9.856111e+00
6.915059e+01	-1.802711e-01	-9.430208e-01	1.279627e+01	2.082233e+00	4.716065e+00	3.104379e-01	-7.992249e-01	-1.370957e-01	9.863735e+00
7.360543e+01	-2.215673e-01	-9.495954e-01	1.279983e+01	2.065032e+00	4.710086e+00	3.033572e-01	-8.003848e-01	-1.411529e-01	9.883154e+00
8.536697e+01	-1.809194e-01	-9.178439e-01	1.279638e+01	2.105923e+00	4.704795e+00	3.185139e-01	-7.643612e-01	-1.314050e-01	9.833550e+00
7.613644e+01	-1.621280e-01	-9.409081e-01	1.279790e+01	2.090541e+00	4.699116e+00	2.891836e-01	-7.728562e-01	-1.296019e-01	9.859282e+00
8.408498e+01	-1.819715e-01	-9.513846e-01	1.280052e+01	2.067007e+00	4.693303e+00	2.864365e-01	-8.032156e-01	-1.308763e-01	9.920110e+00
9.003652e+01	-2.228968e-01	-9.161156e-01	1.280321e+01	2.083635e+00	4.687500e+00	3.395717e-01	-8.001099e-01	-1.387521e-01	9.925614e+00
3.472202e+02	-2.042669e-01	-9.786127e-01	1.280578e+01	2.021152e+00	4.681762e+00	2.622460e-01	-8.427502e-01	-1.741636e-01	1.004632e+01
2.673219e+02	-1.034284e-01	-8.425437e-01	1.280038e+01	2.060915e+00	4.676656e+00	3.358601e-01	-6.600136e-01	-2.195320e-01	9.828375e+00
1.162798e+02	-2.590593e-01	-9.158990e-01	1.282301e+01	1.838089e+00	4.669287e+00	2.576314e-01	-6.541305e-01	-2.345157e-01	9.844738e+00
9.483899e+01	-2.748053e-01	-9.092795e-01	1.282568e+01	1.820979e+00	4.663623e+00	3.139867e-01	-7.013556e-01	-2.003367e-01	9.841289e+00
8.487682e+01	-2.513119e-01	-9.183933e-01	1.282018e+01	1.891470e+00	4.658531e+00	3.267273e-01	-7.451338e-01	-1.794889e-01	9.875120e+00
7.072716e+01	-1.781903e-01	-9.337944e-01	1.281205e+01	1.968104e+00	4.653759e+00	3.170749e-01	-7.794520e-01	-1.628008e-01	9.904469e+00
8.353371e+01	-1.816038e-01	-9.532082e-01	1.281132e+01	1.985568e+00	4.648374e+00	2.940357e-01	-7.931598e-01	-1.574567e-01	9.931796e+00
8.815421e+01	-1.781100e-01	-9.122233e-01	1.280733e+01	2.054276e+00	4.643216e+00	3.230448e-01	-7.581766e-01	-1.424561e-01	9.860570e+00
1.159274e+02	-1.457283e-01	-9.603734e-01	1.280700e+01	2.018478e+00	4.637788e+00	2.573662e-01	-7.664268e-01	-1.390665e-01	9.886632e+00
9.102392e+01	-1.173465e-01	-9.166879e-01	1.280099e+01	2.110371e+00	4.632876e+00	3.300485e-01	-7.776214e-01	-1.360053e-01	9.862555e+00
1.860385e+02	-1.678135e-01	-9.861630e-01	1.281258e+01	1.951234e+00	4.626394e+00	2.561036e-01	-7.964852e-01	-1.446181e-01	9.933828e+00
2.681096e+02	-1.278939e-01	-8.283025e-01	1.280990e+01	1.968544e+00	4.620990e+00	3.049995e-01	-5.453375e-01	-1.103375e-01	9.603382e+00
2.149944e+02	-1.458837e-01	-9.266270e-01	1.281682e+01	1.824701e+00	4.615000e+00	1.845517e-01	-5.684209e-01	-7.362908e-02	9.594299e+00
9.798492e+01	-1.420261e-01	-9.121143e-01	1.281134e+01	1.888503e+00	4.609888e+00	2.922379e-01	-6.398235e-01	-4.273011e-02	9.607659e+00
1.216060e+02	-8.915938e-02	-9.053655e-01	1.280082e+01	2.005717e+00	4.605437e+00	3.302914e-01	-7.031079e-01	-2.531927e-02	9.617328e+00
8.936778e+01	-7.140871e-02	-9.499338e-01	1.280105e+01	1.982294e+00	4.600151e+00	2.914036e-01	-7.425695e-01	-2.078443e-02	9.651916e+00
8.104621e+01	-9.397377e-02	-9.405021e-01	1.279950e+01	2.047120e+00	4.595037e+00	3.231424e-01	-7.754259e-01	-3.139724e-02	9.671184e+00
9.301114e+01	-1.506671e-01	-9.679468e-01	1.280275e+01	2.032188e+00	4.589519e+00	2.877160e-01	-8.017243e-01	-5.267360e-02	9.697425e+00
8.158730e+01	-1.021066e-01	-9.417681e-01	1.279517e+01	2.121487e+00	4.584856e+00	3.395374e-01	-8.291589e-01	-8.734931e-02	9.722109e+00
9.884305e+01	-2.159207e-01	-9.648722e-01	1.280958e+01	2.007459e+00	4.578427e+00	3.131164e-01	-8.448333e-01	-1.300118e-01	9.754093e+00
7.520398e+01	-1.617522e-01	-9.440987e-01	1.280645e+01	2.045188e+00	4.573462e+00	3.347696e-01	-8.318347e-01	-1.489165e-01	9.770999e+00
7.359672e+01	-9.967934e-02	-9.352184e-01	1.280054e+01	2.090088e+00	4.568814e+00	3.258661e-01	-8.186292e-01	-1.829811e-01	9.773023e+00
1.126292e+02	-1.424745e-01	-9.701101e-01	1.280676e+01	2.029075e+00	4.562970e+00	2.726998e-01	-8.111892e-01	-1.975079e-01	9.799935e+00
1.707692e+02	-7.302835e-02	-8.872527e-01	1.280106e+01	2.079554e+00	4.558133e+00	3.420472e-01	-7.273511e-01	-2.116295e-01	9.686664e+00
1.133635e+02	-1.904204e-01	-9.534110e-01	1.281022e+01	2.025182e+00	4.552140e+00	2.626168e-01	-7.306291e-01	-2.074125e-01	9.704025e+00
8.737702e+01	-2.195848e-01	-9.522253e-01	1.280636e+01	2.098447e+00	4.547242e+00	2.840881e-01	-7.604913e-01	-1.958422e-01	9.732233e+00
9.768660e+01	-1.571095e-01	-9.264580e-01	1.279836e+01	2.182609e+00	4.542824e+00	3.387043e-01	-7.874250e-01	-1.781674e-01	9.747191e+00
8.022709e+01	-2.432384e-01	-9.626068e-01	1.280817e+01	2.073661e+00	4.536729e+00	3.028560e-01	-8.096495e-01	-1.782164e-01	9.779025e+00
7.231619e+01	-1.809233e-01	-9.505304e-01	1.280367e+01	2.095733e+00	4.532017e+00	3.273696e-01	-8.247982e-01	-1.846842e-01	9.788477e+00
8.568355e+01	-1.212740e-01	-9.233529e-01	1.280278e+01	2.079329e+00	4.527002e+00	3.209478e-01	-7.688865e-01	-1.890104e-01	9.734259e+00
8.569835e+01	-1.483479e-01	-9.493470e-01	1.280620e+01	2.053463e+00	4.521592e+00	2.832345e-01	-7.710502e-01	-1.825195e-01	9.746817e+00
7.476338e+01	-1.692534e-01	-9.462834e-01	1.280565e+01	2.086756e+00	4.516569e+00	2.982553e-01	-7.915106e-01	-1.694155e-01	9.757589e+00
8.114984e+01	-1.194693e-01	-9.419894e-01	1.279935e+01	2.143070e+00	4.512093e+00	3.168363e-01	-8.421341e-01	-1.806643e-01	9.839726e+00
8.598310e+01	-7.360758e-02	-9.519812e-01	1.280070e+01	2.090460e+00	4.506828e+00	2.899384e-01	-8.239080e-01	-1.915326e-01	9.860531e+00
1.862383e+02	-8.532055e-02	-8.714279e-01	1.280135e+01	2.120273e+00	4.501653e+00	3.306357e-01	-7.591893e-01	-1.938184e-01	9.716100e+00
1.353855e+02	-1.136961e-01	-9.458713e-01	1.280761e+01	2.024624e+00	4.496071e+00	2.290379e-01	-7.717987e-01	-1.830486e-01	9.706708e+00
7.842939e+01	-1.206250e-01	-9.245638e-01	1.280423e+01	2.085578e+00	4.491409e+00	3.001860e-01	-7.831474e-01	-1.723971e-01	9.709147e+00
7.391753e+01	-1.651468e-01	-9.368017e-01	1.280333e+01	2.133837e+00	4.486523e+00	3.156806e-01	-8.004140e-01	-1.638256e-01	9.748383e+00
8.380839e+01	-1.584386e-01	-9.605780e-01	1.280627e+01	2.084933e+00	4.481240e+00	2.911264e-01	-8.137415e-01	-1.615135e-01	9.773551e+00
7.575552e+01	-1.512473e-01	-9.351291e-01	1.280533e+01	2.113702e+00	4.476330e+00	3.095208e-01	-7.786398e-01	-1.703691e-01	9.736653e+00
8.148531e+01	-1.176081e-01	-9.264783e-01	1.280558e+01	2.097891e+00	4.471380e+00	3.180283e-01	-7.834265e-01	-1.689770e-01	9.724831e+00
1.247180e+02	-1.611402e-01	-9.731639e-01	1.281253e+01	2.023482e+00	4.465805e+00	2.611950e-01	-7.928649e-01	-1.625174e-01	9.754687e+00
7.252936e+01	-1.035864e-01	-9.560340e-01	1.280506e+01	2.092919e+00	4.461517e+00	3.057468e-01	-7.928298e-01	-1.658270e-01	9.795708e+00
7.734415e+01	-3.498320e-02	-9.374840e-01	1.279797e+01	2.152484e+00	4.457205e+00	3.311731e-01	-7.944030e-01	-1.736245e-01	9.820607e+00
9.442653e+01	-8.126721e-02	-9.678686e-01	1.280084e+01	2.136485e+00	4.452052e+00	2.872662e-01	-8.061995e-01	-1.726455e-01	9.851843e+00
9.591552e+01	-1.066969e-01	-9.215111e-01	1.279963e+01	2.196043e+00	4.447233e+00	3.320108e-01	-7.730659e-01	-1.676646e-01	9.807259e+00
1.053746e+02	-1.594083e-01	-9.676454e-01	1.281212e+01	2.087532e+00	4.441291e+00	2.705000e-01	-7.776700e-01	-1.660012e-01	9.826441e+00
7.327888e+01	-1.989869e-01	-9.402923e-01	1.281561e+01	2.094976e+00	4.436185e+00	3.287629e-01	-7.851785e-01	-1.649392e-01	9.828473e+00
6.912640e+01	-1.391566e-01	-9.541674e-01	1.281368e+01	2.096655e+00	4.431502e+00	3.275309e-01	-7.924559e-01	-1.620799e-01	9.885776e+00
7.264236e+01	-6.180134e-02	-9.620126e-01	1.280763e+01	2.133181e+00	4.427218e+00	3.235667e-01	-7.891123e-01	-1.628628e-01	9.944064e+00
8.009378e+01	-6.767748e-02	-9.319552e-01	1.280970e+01	2.128837e+00	4.422112e+00	3.280713e-01	-7.345977e-01	-1.373022e-01	9.898910e+00
7.311241e+01	-1.315903e-01	-9.416449e-01	1.281632e+01	2.108698e+00	4.416626e+00	3.083434e-01	-7.476961e-01	-1.286270e-01	9.900173e+00
7.047401e+01	-1.323436e-01	-9.495907e-01	1.281811e+01	2.088359e+00	4.411712e+00	3.079418e-01	-7.832067e-01	-1.355658e-01	9.920304e+00
8.651975e+01	-1.591022e-01	-9.591767e-01	1.282088e+01	2.069436e+00	4.406670e+00	2.954651e-01	-7.953207e-01	-1.385987e-01	9.940086e+00
2.040867e+02	-7.740385e-02	-8.796536e-01	1.281271e+01	2.147968e+00	4.402542e+00	3.552013e-01	-7.179220e-01	-1.100648e-01	9.826128e+00
3.381998e+02	-1.398084e-01	-1.008777e+00	1.282686e+01	1.983406e+00	4.396349e+00	1.748792e-01	-7.250933e-01	-9.856265e-02	9.877663e+00
1.410252e+02	-9.278630e-02	-9.745351e-01	1.281470e+01	2.143725e+00	4.392679e+00	2.451224e-01	-7.426885e-01	-8.960881e-02	9.860939e+00
3.330670e+02	2.549103e-02	-8.869119e-01	1.279557e+01	2.340154e+00	4.389845e+00	3.937135e-01	-7.673971e-01	-8.381490e-02	9.888081e+00
7.678061e+01	-3.418265e-01	-9.521893e-01	1.284173e+01	1.959045e+00	4.380427e+00	3.229993e-01	-7.856917e-01	-1.007581e-01	9.910425e+00
1.484855e+02	-4.145560e-01	-9.801033e-01	1.285045e+01	1.868898e+00	4.374740e+00	2.878227e-01	-7.952770e-01	-1.095446e-01	9.943096e+00
2.991996e+02	-3.433223e-01	-8.597670e-01	1.284164e+01	1.939841e+00	4.370706e+00	3.799459e-01	-6.767153e-01	-7.783145e-02	9.781148e+00
2.898619e+02	-3.944243e-01	-9.987019e-01	1.285355e+01	1.793572e+00	4.364815e+00	2.095590e-01	-6.843178e-01	-7.099165e-02	9.840794e+00
1.066229e+02	-3.113246e-01	-9.679012e-01	1.284138e+01	1.868977e+00	4.361096e+00	3.023640e-01	-7.273559e-01	-6.314141e-02	9.860099e+00
8.622972e+01	-2.438814e-01	-9.371590e-01	1.282864e+01	1.979846e+00	4.357659e+00	3.541093e-01	-7.706117e-01	-7.055508e-02	9.875700e+00
7.981538e+01	-1.417190e-01	-9.582310e-01	1.281850e+01	2.046233e+00	4.353961e+00	3.053820e-01	-8.014284e-01	-7.853958e-02	9.907108e+00
8.160419e+01	-3.174471e-02	-9.375122e-01	1.280580e+01	2.134917e+00	4.350582e+00	3.126100e-01	-8.391939e-01	-1.373194e-01	9.912267e+00
1.049334e+02	-7.156675e-02	-9.044713e-01	1.281162e+01	2.127437e+00	4.345395e+00	3.195161e-01	-7.254496e-01	-1.151043e-01	9.777915e+00
8.183076e+01	-9.026336e-02	-9.260813e-01	1.281839e+01	2.065136e+00	4.340177e+00	2.918227e-01	-7.292973e-01	-1.052021e-01	9.752904e+00
1.042666e+02	-1.278546e-01	-9.565538e-01	1.282104e+01	2.054036e+00	4.335332e+00	2.675162e-01	-7.546280e-01	-1.013621e-01	9.774208e+00
7.343315e+01	-9.609195e-02	-9.383284e-01	1.281570e+01	2.108336e+00	4.331339e+00	3.051524e-01	-7.806895e-01	-9.959762e-02	9.777617e+00
7.531197e+01	-8.778035e-02	-9.550858e-01	1.281319e+01	2.140390e+00	4.326995e+00	2.989114e-01	-8.071037e-01	-1.132494e-01	9.827272e+00
7.225495e+01	-6.282070e-03	-9.583856e-01	1.280618e+01	2.182291e+00	4.323075e+00	3.133831e-01	-8.053407e-01	-1.293715e-01	9.833485e+00
8.157586e+01	-6.213926e-02	-9.346622e-01	1.281014e+01	2.194658e+00	4.318183e+00	3.239444e-01	-7.578815e-01	-1.108120e-01	9.790949e+00
1.117484e+02	-8.060242e-02	-9.737060e-01	1.282043e+01	2.106945e+00	4.312727e+00	2.688392e-01	-7.703840e-01	-1.177154e-01	9.815893e+00
9.615539e+01	-9.680238e-02	-9.681230e-01	1.281982e+01	2.143390e+00	4.308239e+00	2.789847e-01	-7.904250e-01	-1.212643e-01	9.831569e+00
1.168045e+02	-1.239654e-01	-9.170479e-01	1.281793e+01	2.210893e+00	4.303872e+00	3.538818e-01	-8.392491e-01	-1.264629e-01	9.821282e+00
8.073445e+01	-1.263364e-01	-9.449740e-01	1.282454e+01	2.141713e+00	4.298612e+00	3.184248e-01	-8.397288e-01	-1.397188e-01	9.857435e+00
1.193711e+02	-1.183499e-01	-8.958305e-01	1.282660e+01	2.140377e+00	4.293710e+00	3.231061e-01	-7.233779e-01	-1.107807e-01	9.764392e+00
2.186163e+02	-1.497592e-01	-9.786768e-01	1.284157e+01	1.979153e+00	4.287927e+00	2.115590e-01	-7.268871e-01	-1.055013e-01	9.789579e+00
7.480144e+01	-5.344661e-02	-9.346251e-01	1.282978e+01	2.074712e+00	4.284635e+00	3.133695e-01	-7.712443e-01	-9.651509e-02	9.796142e+00
8.059043e+01	-9.127589e-02	-9.297751e-01	1.283386e+01	2.066338e+00	4.279924e+00	3.351870e-01	-7.901369e-01	-9.803210e-02	9.817539e+00
9.715913e+01	-1.633707e-01	-9.648769e-01	1.284384e+01	2.005544e+00	4.274524e+00	2.887394e-01	-7.965301e-01	-1.072527e-01	9.850584e+00
8.460266e+01	-9.753671e-02	-9.325780e-01	1.283279e+01	2.108404e+00	4.271255e+00	3.497338e-01	-8.259294e-01	-1.421425e-01	9.881932e+00
8.787249e+01	-4.954845e-02	-9.190049e-01	1.283230e+01	2.100664e+00	4.266874e+00	3.318991e-01	-7.747406e-01	-1.330256e-01	9.839384e+00
1.469768e+02	-1.089372e-01	-9.764965e-01	1.283972e+01	2.036127e+00	4.261787e+00	2.516463e-01	-7.741308e-01	-1.291046e-01	9.898276e+00
1.296398e+02	-1.031839e-01	-9.018915e-01	1.283443e+01	2.110970e+00	4.257926e+00	3.473599e-01	-7.313974e-01	-1.186923e-01	9.833363e+00
1.078972e+02	-7.543359e-02	-9.085817e-01	1.283471e+01	2.097670e+00	4.253513e+00	3.384754e-01	-7.466531e-01	-1.157445e-01	9.826405e+00
3.609252e+02	-1.552132e-01	-1.022596e+00	1.285192e+01	1.943371e+00	4.247597e+00	1.957497e-01	-7.679027e-01	-1.204317e-01	9.898226e+00
1.315675e+02	-7.201412e-02	-9.175167e-01	1.284202e+01	2.007551e+00	4.243902e+00	2.294690e-01	-5.840905e-01	-9.829095e-02	9.643679e+00
2.652379e+02	2.047903e-02	-8.542952e-01	1.282380e+01	2.153608e+00	4.241439e+00	3.300918e-01	-6.112094e-01	-6.189418e-02	9.572485e+00
3.591256e+02	-2.096179e-01	-1.008269e+00	1.285517e+01	1.929969e+00	4.234556e+00	1.716723e-01	-6.715046e-01	-4.238315e-02	9.616529e+00
1.517117e+02	-2.247110e-01	-9.908477e-01	1.285325e+01	1.984575e+00	4.230569e+00	2.686709e-01	-7.392737e-01	-2.546253e-02	9.643166e+00
1.066074e+02	-1.276733e-01	-9.352715e-01	1.283542e+01	2.109998e+00	4.227958e+00	3.582310e-01	-7.700437e-01	-2.125865e-02	9.653930e+00
7.654766e+01	-1.595197e-01	-9.564036e-01	1.283905e+01	2.072038e+00	4.223290e+00	3.335473e-01	-7.979483e-01	-3.944420e-02	9.690147e+00
8.952274e+01	-8.849011e-02	-9.742499e-01	1.283200e+01	2.096071e+00	4.219629e+00	3.022151e-01	-8.174697e-01	-7.614929e-02	9.729389e+00
7.409820e+01	3.310916e-02	-9.441713e-01	1.281748e+01	2.193268e+00	4.216702e+00	3.087045e-01	-7.979939e-01	-1.011003e-01	9.719973e+00
7.481323e+01	-5.519089e-02	-9.548589e-01	1.282862e+01	2.144843e+00	4.211573e+00	3.005898e-01	-7.962940e-01	-1.109315e-01	9.740125e+00
8.936349e+01	-2.740715e-03	-9.590183e-01	1.282175e+01	2.181752e+00	4.207977e+00	2.977040e-01	-8.405769e-01	-1.573444e-01	9.775135e+00
8.157240e+01	-5.605229e-02	-9.384874e-01	1.282715e+01	2.187002e+00	4.203258e+00	3.357030e-01	-8.447703e-01	-1.572633e-01	9.791845e+00
7.869907e+01	-8.726040e-02	-9.315611e-01	1.283480e+01	2.154078e+00	4.198119e+00	2.919717e-01	-7.564165e-01	-1.306711e-01	9.723487e+00
7.862753e+01	-1.035002e-01	-9.456023e-01	1.283873e+01	2.125976e+00	4.193677e+00	2.898404e-01	-7.764872e-01	-1.184303e-01	9.751119e+00
7.230119e+01	-1.322321e-01	-9.382697e-01	1.283861e+01	2.157134e+00	4.189620e+00	3.128840e-01	-7.939973e-01	-1.081832e-01	9.772279e+00
6.919438e+01	-8.079745e-02	-9.472061e-01	1.283667e+01	2.152848e+00	4.185656e+00	3.077000e-01	-8.086043e-01	-1.236373e-01	9.799142e+00
6.879148e+01	-9.145602e-02	-9.479582e-01	1.283920e+01	2.148309e+00	4.181224e+00	3.100120e-01	-8.023160e-01	-1.320283e-01	9.819416e+00
6.849773e+01	-3.365282e-02	-9.390628e-01	1.283398e+01	2.175154e+00	4.177602e+00	3.123949e-01	-7.995590e-01	-1.393760e-01	9.833061e+00
6.955078e+01	3.909612e-02	-9.391439e-01	1.282599e+01	2.223945e+00	4.174330e+00	3.118889e-01	-8.011466e-01	-1.488267e-01	9.866470e+00
8.367904e+01	-6.687158e-02	-9.578057e-01	1.283989e+01	2.137667e+00	4.168806e+00	2.878914e-01	-8.006766e-01	-1.515679e-01	9.872840e+00
9.446877e+01	-3.304015e-02	-9.106281e-01	1.283508e+01	2.162418e+00	4.165084e+00	3.177707e-01	-7.403829e-01	-1.448853e-01	9.795438e+00
1.113757e+02	-1.117849e-01	-9.561491e-01	1.284749e+01	2.092402e+00	4.159779e+00	2.597549e-01	-7.492348e-01	-1.368689e-01	9.802476e+00
7.282035e+01	-1.259073e-01	-9.348558e-01	1.284712e+01	2.134251e+00	4.155607e+00	3.067954e-01	-7.772240e-01	-1.250064e-01	9.800247e+00
8.157211e+01	-6.215678e-02	-9.290311e-01	1.283719e+01	2.208123e+00	4.152633e+00	3.329285e-01	-8.045406e-01	-1.303082e-01	9.836851e+00
1.799267e+02	-7.666574e-02	-9.622287e-01	1.283335e+01	2.257987e+00	4.149061e+00	3.161427e-01	-8.644110e-01	-1.876912e-01	9.880340e+00
3.927106e+02	-1.814481e-02	-8.183353e-01	1.283858e+01	2.212639e+00	4.143992e+00	3.126783e-01	-5.233196e-01	-5.346349e-02	9.493637e+00
6.913133e+02	-2.458118e-01	-1.044033e+00	1.287943e+01	1.862063e+00	4.135737e+00	6.216881e-02	-5.335935e-01	9.373946e-03	9.496993e+00
5.166476e+02	-2.377671e-01	-1.052023e+00	1.287519e+01	1.869403e+00	4.131728e+00	1.438546e-01	-6.085200e-01	5.088248e-02	9.501230e+00
9.543630e+01	-1.402585e-01	-9.720347e-01	1.284961e+01	2.039263e+00	4.129701e+00	3.204941e-01	-6.822477e-01	6.314890e-02	9.509332e+00
1.092459e+02	-5.108459e-02	-9.440499e-01	1.283544e+01	2.123783e+00	4.126909e+00	3.596500e-01	-7.280818e-01	5.881264e-02	9.525292e+00
8.285534e+01	4.646972e-03	-9.624128e-01	1.282929e+01	2.133652e+00	4.123582e+00	3.289725e-01	-7.529443e-01	4.717302e-02	9.558264e+00
1.044767e+02	-2.196205e-02	-9.830870e-01	1.283332e+01	2.117261e+00	4.119181e+00	2.893379e-01	-7.835915e-01	2.227458e-02	9.582675e+00
1.040235e+02	9.480533e-02	-9.388484e-01	1.281544e+01	2.231056e+00	4.116664e+00	3.457192e-01	-8.006006e-01	-1.967548e-02	9.595760e+00
1.556435e+02	-1.228653e-01	-1.000902e+00	1.284470e+01	2.050679e+00	4.109815e+00	2.797449e-01	-8.234163e-01	-6.664498e-02	9.655131e+00
7.860052e+01	-1.039994e-01	-9.493651e-01	1.284097e+01	2.082747e+00	4.106066e+00	3.400383e-01	-8.002459e-01	-1.037150e-01	9.652213e+00
7.352383e+01	-9.804869e-02	-9.640525e-01	1.283655e+01	2.127303e+00	4.102511e+00	3.148119e-01	-8.077475e-01	-1.271157e-01	9.696619e+00
7.625944e+01	-4.822620e-02	-9.649187e-01	1.283473e+01	2.121450e+00	4.098651e+00	3.065244e-01	-8.060939e-01	-1.394568e-01	9.717010e+00
7.910887e+01	-1.106083e-02	-9.394362e-01	1.282428e+01	2.220609e+00	4.095822e+00	3.304686e-01	-8.026223e-01	-1.521301e-01	9.728925e+00
9.204164e+01	-1.182895e-01	-9.720727e-01	1.284121e+01	2.115913e+00	4.090061e+00	2.921605e-01	-8.023310e-01	-1.580149e-01	9.762199e+00
1.098916e+02	-4.614130e-02	-9.231298e-01	1.282954e+01	2.198893e+00	4.087401e+00	3.522848e-01	-7.960824e-01	-1.673679e-01	9.751426e+00
1.820645e+02	-3.360070e-02	-9.951803e-01	1.283315e+01	2.135587e+00	4.083382e+00	2.561327e-01	-8.135193e-01	-1.825005e-01	9.808448e+00
1.132856e+02	1.998592e-02	-8.940075e-01	1.282926e+01	2.175677e+00	4.079633e+00	2.678846e-01	-6.178525e-01	-1.909286e-01	9.553622e+00
