# loss | a0 ... a2
3.056154e+02	5.000000e-01	1.000000e+00	6.000000e-02
3.867082e+02	5.000000e-01	1.220000e+00	-5.000000e-01
3.298322e+02	5.000000e-01	1.420000e+00	-4.200000e-01
2.191650e+02	5.000000e-01	1.580000e+00	4.600000e-01
1.122679e+02	5.000000e-01	1.900000e+00	1.000000e-01
3.324169e+02	5.200000e-01	1.000000e+00	-2.200000e-01
3.472799e+02	5.200000e-01	1.120000e+00	-3.600000e-01
3.565148e+02	5.200000e-01	1.320000e+00	-4.800000e-01
2.604162e+02	5.200000e-01	1.680000e+00	-3.800000e-01
1.002828e+02	5.200000e-01	1.940000e+00	1.400000e-01
2.583886e+02	5.400000e-01	1.360000e+00	-2.400000e-01
2.244480e+02	5.400000e-01	1.360000e+00	-1.000000e-01
2.647661e+02	5.400000e-01	1.460000e+00	-3.200000e-01
1.753154e+02	5.400000e-01	1.660000e+00	4.000000e-01
1.108221e+02	5.400000e-01	1.780000e+00	1.200000e-01
1.823600e+02	5.600000e-01	1.380000e+00	1.800000e-01
1.543441e+02	5.600000e-01	1.600000e+00	3.200000e-01
9.520378e+01	5.600000e-01	1.840000e+00	-4.000000e-02
1.734181e+02	5.600000e-01	1.900000e+00	-3.200000e-01
2.231894e+02	5.600000e-01	1.920000e+00	4.800000e-01
2.663138e+02	5.800000e-01	1.020000e+00	-6.000000e-02
2.500124e+02	5.800000e-01	1.260000e+00	-2.200000e-01
1.199494e+02	5.800000e-01	1.700000e+00	-8.000000e-02
8.592378e+01	5.800000e-01	1.820000e+00	-2.000000e-02
9.908771e+01	5.800000e-01	1.900000e+00	2.200000e-01
2.511476e+02	6.000000e-01	1.000000e+00	3.200000e-01
2.274568e+02	6.000000e-01	1.180000e+00	4.200000e-01
2.906579e+02	6.000000e-01	1.260000e+00	-3.800000e-01
2.310062e+02	6.000000e-01	1.360000e+00	-2.600000e-01
1.630794e+02	6.000000e-01	1.360000e+00	1.400000e-01
3.145956e+02	6.200000e-01	1.060000e+00	-3.800000e-01
2.415546e+02	6.200000e-01	1.060000e+00	4.200000e-01
1.903860e+02	6.200000e-01	1.220000e+00	2.000000e-02
2.080632e+02	6.200000e-01	1.540000e+00	-3.200000e-01
1.558560e+02	6.200000e-01	1.980000e+00	3.200000e-01
2.272053e+02	6.400000e-01	1.100000e+00	4.400000e-01
1.909469e+02	6.400000e-01	1.140000e+00	1.200000e-01
1.939815e+02	6.400000e-01	1.480000e+00	-2.800000e-01
7.414240e+01	6.400000e-01	1.740000e+00	-4.000000e-02
1.773577e+02	6.400000e-01	1.920000e+00	3.800000e-01
1.727018e+02	6.600000e-01	1.180000e+00	2.200000e-01
1.859127e+02	6.600000e-01	1.340000e+00	-2.000000e-01
9.281978e+01	6.600000e-01	1.720000e+00	2.600000e-01
1.386077e+02	6.600000e-01	1.940000e+00	3.000000e-01
9.072834e+01	6.600000e-01	1.980000e+00	-2.600000e-01
1.627439e+02	6.800000e-01	1.260000e+00	3.600000e-01
1.602206e+02	6.800000e-01	1.460000e+00	4.600000e-01
1.523836e+02	6.800000e-01	1.480000e+00	4.400000e-01
1.148818e+02	6.800000e-01	1.600000e+00	3.400000e-01
9.271113e+01	6.800000e-01	1.800000e+00	-2.200000e-01
1.554732e+02	7.000000e-01	1.160000e+00	1.600000e-01
1.297775e+02	7.000000e-01	1.280000e+00	1.800000e-01
2.693796e+02	7.000000e-01	1.340000e+00	-4.600000e-01
7.847714e+01	7.000000e-01	1.660000e+00	-1.200000e-01
8.579950e+01	7.000000e-01	1.740000e+00	2.600000e-01
1.518568e+02	7.200000e-01	1.340000e+00	-1.800000e-01
9.407986e+01	7.200000e-01	1.480000e+00	2.600000e-01
1.650399e+02	7.200000e-01	1.620000e+00	4.800000e-01
1.396641e+02	7.200000e-01	1.640000e+00	4.200000e-01
6.957615e+01	7.200000e-01	1.700000e+00	2.200000e-01
1.750487e+02	7.400000e-01	1.140000e+00	-1.400000e-01
1.391688e+02	7.400000e-01	1.160000e+00	2.200000e-01
2.577000e+02	7.400000e-01	1.500000e+00	-5.000000e-01
9.095067e+01	7.400000e-01	1.680000e+00	-2.200000e-01
7.937265e+01	7.400000e-01	1.780000e+00	2.400000e-01
2.317731e+02	7.600000e-01	1.120000e+00	-3.400000e-01
1.918152e+02	7.600000e-01	1.400000e+00	-3.600000e-01
1.199462e+02	7.600000e-01	1.540000e+00	4.000000e-01
1.308790e+02	7.600000e-01	1.700000e+00	3.800000e-01
1.283848e+02	7.600000e-01	1.780000e+00	-3.400000e-01
2.170549e+02	7.800000e-01	1.080000e+00	-3.000000e-01
1.310448e+02	7.800000e-01	1.120000e+00	6.000000e-02
1.006307e+02	7.800000e-01	1.440000e+00	-1.600000e-01
8.759657e+01	7.800000e-01	1.540000e+00	-1.800000e-01
1.879246e+02	7.800000e-01	1.820000e+00	-4.400000e-01
1.066701e+02	8.000000e-01	1.220000e+00	2.600000e-01
4.424695e+01	8.000000e-01	1.540000e+00	0.000000e+00
2.402430e+01	8.000000e-01	1.740000e+00	-6.000000e-02
1.941029e+01	8.000000e-01	1.920000e+00	-1.000000e-01
2.252291e+02	8.000000e-01	1.960000e+00	-4.800000e-01
1.727793e+02	8.200000e-01	1.240000e+00	-3.000000e-01
5.668626e+01	8.200000e-01	1.420000e+00	2.000000e-02
1.290075e+02	8.200000e-01	1.560000e+00	-3.200000e-01
1.084109e+02	8.200000e-01	1.780000e+00	2.800000e-01
1.946244e+01	8.200000e-01	1.940000e+00	-1.000000e-01
8.895811e+01	8.400000e-01	1.380000e+00	3.400000e-01
1.063509e+02	8.400000e-01	1.400000e+00	4.000000e-01
6.389778e+01	8.400000e-01	1.420000e+00	-8.000000e-02
1.765319e+01	8.400000e-01	1.700000e+00	2.000000e-02
2.306641e+01	8.400000e-01	1.960000e+00	-6.000000e-02
1.008947e+02	8.600000e-01	1.120000e+00	4.000000e-02
6.938254e+01	8.600000e-01	1.260000e+00	1.200000e-01
1.433752e+02	8.600000e-01	1.580000e+00	4.400000e-01
2.253608e+01	8.600000e-01	1.600000e+00	-2.000000e-02
8.447197e+01	8.600000e-01	1.900000e+00	-3.000000e-01
8.955111e+01	8.800000e-01	1.140000e+00	4.000000e-02
1.697693e+02	8.800000e-01	1.300000e+00	-3.600000e-01
6.153502e+01	8.800000e-01	1.300000e+00	0.000000e+00
3.861806e+01	8.800000e-01	1.580000e+00	1.800000e-01
1.471182e+02	8.800000e-01	1.680000e+00	3.800000e-01
1.078303e+02	9.000000e-01	1.100000e+00	-8.000000e-02
8.940022e+01	9.000000e-01	1.320000e+00	-1.800000e-01
1.879540e+02	9.000000e-01	1.640000e+00	4.600000e-01
3.199445e+01	9.000000e-01	1.940000e+00	-1.600000e-01
9.401994e+01	9.000000e-01	1.940000e+00	1.000000e-01
9.369367e+01	9.200000e-01	1.180000e+00	-1.200000e-01
9.316031e+01	9.200000e-01	1.240000e+00	3.800000e-01
1.558906e+02	9.200000e-01	1.520000e+00	-4.000000e-01
2.124739e+01	9.200000e-01	1.660000e+00	-1.200000e-01
2.510408e+02	9.200000e-01	1.960000e+00	2.400000e-01
2.233888e+02	9.400000e-01	1.020000e+00	-4.200000e-01
3.716882e+01	9.400000e-01	1.460000e+00	2.000000e-01
7.432252e+01	9.400000e-01	1.560000e+00	-2.600000e-01
1.597996e+01	9.400000e-01	1.760000e+00	0.000000e+00
2.594147e+02	9.400000e-01	1.760000e+00	4.200000e-01
1.022854e+02	9.600000e-01	1.100000e+00	-1.400000e-01
6.881572e+01	9.600000e-01	1.100000e+00	1.400000e-01
7.019254e+01	9.600000e-01	1.100000e+00	1.800000e-01
2.645801e+01	9.600000e-01	1.500000e+00	-1.000000e-01
8.256976e+01	9.600000e-01	1.780000e+00	-3.000000e-01
1.064442e+02	9.800000e-01	1.140000e+00	4.400000e-01
9.631731e+01	9.800000e-01	1.160000e+00	-1.800000e-01
1.696300e+02	9.800000e-01	1.520000e+00	4.800000e-01
2.696274e+02	9.800000e-01	1.800000e+00	3.600000e-01
7.998154e+01	9.800000e-01	1.860000e+00	8.000000e-02
7.782014e+01	1.000000e+00	1.120000e+00	-1.000000e-01
1.671719e+02	1.000000e+00	1.180000e+00	-3.800000e-01
2.149329e+02	1.000000e+00	1.460000e+00	-5.000000e-01
1.200435e+02	1.000000e+00	1.820000e+00	1.600000e-01
2.139686e+02	1.000000e+00	1.840000e+00	-4.600000e-01
5.506628e+01	1.020000e+00	1.200000e+00	2.800000e-01
1.289283e+01	1.020000e+00	1.480000e+00	8.000000e-02
5.440592e+01	1.020000e+00	1.880000e+00	-2.000000e-01
4.600361e+01	1.020000e+00	1.880000e+00	-1.600000e-01
1.413034e+02	1.020000e+00	1.880000e+00	1.200000e-01
1.862193e+02	1.040000e+00	1.220000e+00	-4.400000e-01
3.710694e+01	1.040000e+00	1.220000e+00	-2.000000e-02
4.258875e+01	1.040000e+00	1.420000e+00	2.400000e-01
4.945299e+01	1.040000e+00	1.520000e+00	-2.200000e-01
6.638129e+02	1.040000e+00	1.960000e+00	4.000000e-01
1.277790e+02	1.060000e+00	1.020000e+00	-2.600000e-01
1.760610e+01	1.060000e+00	1.320000e+00	1.000000e-01
1.090554e+02	1.060000e+00	1.460000e+00	3.800000e-01
1.552218e+02	1.060000e+00	1.740000e+00	-4.000000e-01
1.000076e+02	1.060000e+00	1.800000e+00	1.000000e-01
7.757479e+01	1.080000e+00	1.040000e+00	-1.200000e-01
4.963203e+01	1.080000e+00	1.040000e+00	1.400000e-01
1.976437e+02	1.080000e+00	1.340000e+00	-4.800000e-01
7.513537e+01	1.080000e+00	1.660000e+00	1.600000e-01
1.354924e+02	1.080000e+00	1.880000e+00	6.000000e-02
1.487045e+02	1.100000e+00	1.300000e+00	-4.000000e-01
4.660672e+01	1.100000e+00	1.400000e+00	-2.000000e-01
2.709413e+01	1.100000e+00	1.680000e+00	-2.000000e-02
2.262012e+02	1.100000e+00	1.680000e+00	3.400000e-01
6.690757e+01	1.100000e+00	1.840000e+00	-6.000000e-02
5.059378e+01	1.120000e+00	1.080000e+00	2.800000e-01
9.011675e+00	1.120000e+00	1.380000e+00	0.000000e+00
1.813447e+02	1.120000e+00	1.400000e+00	-4.600000e-01
3.767320e+01	1.120000e+00	1.720000e+00	-1.400000e-01
8.518162e+01	1.120000e+00	1.860000e+00	-6.000000e-02
4.364303e+01	1.140000e+00	1.020000e+00	4.000000e-02
1.766438e+01	1.140000e+00	1.280000e+00	-4.000000e-02
2.637299e+01	1.140000e+00	1.560000e+00	6.000000e-02
1.616720e+02	1.140000e+00	1.580000e+00	-4.200000e-01
1.211931e+02	1.140000e+00	1.600000e+00	-3.600000e-01
3.500448e+01	1.160000e+00	1.040000e+00	8.000000e-02
1.002167e+02	1.160000e+00	1.200000e+00	-3.000000e-01
7.899506e+01	1.160000e+00	1.420000e+00	3.000000e-01
1.780087e+01	1.160000e+00	1.560000e+00	-4.000000e-02
2.761235e+02	1.160000e+00	1.740000e+00	2.800000e-01
9.153832e+01	1.180000e+00	1.020000e+00	4.600000e-01
2.926785e+01	1.180000e+00	1.060000e+00	8.000000e-02
1.237200e+01	1.180000e+00	1.240000e+00	4.000000e-02
1.060286e+01	1.180000e+00	1.440000e+00	-2.000000e-02
1.045518e+02	1.180000e+00	1.760000e+00	-2.800000e-01
8.090852e+01	1.200000e+00	1.160000e+00	4.200000e-01
3.969235e+01	1.200000e+00	1.440000e+00	1.600000e-01
6.121922e+01	1.200000e+00	1.540000e+00	1.400000e-01
1.251484e+02	1.200000e+00	1.860000e+00	-8.000000e-02
5.829947e+02	1.200000e+00	1.900000e+00	2.800000e-01
5.244637e+01	1.220000e+00	1.200000e+00	3.200000e-01
1.417896e+02	1.220000e+00	1.280000e+00	-4.000000e-01
1.569927e+02	1.220000e+00	1.440000e+00	-4.200000e-01
2.182439e+02	1.220000e+00	1.580000e+00	3.400000e-01
6.018438e+02	1.220000e+00	1.860000e+00	3.200000e-01
7.586137e+01	1.240000e+00	1.200000e+00	-2.600000e-01
3.234897e+01	1.240000e+00	1.300000e+00	2.000000e-01
2.557014e+02	1.240000e+00	1.480000e+00	4.800000e-01
1.295050e+02	1.240000e+00	1.820000e+00	-2.400000e-01
2.930882e+02	1.240000e+00	1.840000e+00	1.200000e-01
6.180188e+01	1.260000e+00	1.280000e+00	-2.400000e-01
1.676286e+02	1.260000e+00	1.340000e+00	-4.400000e-01
2.117803e+02	1.260000e+00	1.360000e+00	-5.000000e-01
8.156239e+01	1.260000e+00	1.500000e+00	-2.800000e-01
1.527957e+02	1.260000e+00	1.640000e+00	1.600000e-01
7.996744e+01	1.280000e+00	1.240000e+00	-2.800000e-01
1.983389e+01	1.280000e+00	1.320000e+00	1.000000e-01
4.436368e+02	1.280000e+00	1.640000e+00	4.400000e-01
9.270414e+01	1.280000e+00	1.700000e+00	-2.000000e-01
1.384749e+02	1.280000e+00	1.820000e+00	-1.800000e-01
2.607464e+01	1.300000e+00	1.180000e+00	2.000000e-01
1.210313e+02	1.300000e+00	1.380000e+00	-3.600000e-01
2.048845e+02	1.300000e+00	1.500000e+00	-4.600000e-01
2.258594e+02	1.300000e+00	1.520000e+00	-4.800000e-01
2.001398e+02	1.300000e+00	1.720000e+00	-3.800000e-01
3.158466e+01	1.320000e+00	1.000000e+00	2.400000e-01
1.104507e+02	1.320000e+00	1.040000e+00	-3.200000e-01
7.940294e+01	1.320000e+00	1.260000e+00	-2.800000e-01
2.095785e+02	1.320000e+00	1.640000e+00	1.800000e-01
1.627178e+02	1.320000e+00	1.800000e+00	-2.400000e-01
1.471554e+02	1.340000e+00	1.060000e+00	-4.000000e-01
1.464948e+01	1.340000e+00	1.240000e+00	2.000000e-02
1.670470e+02	1.340000e+00	1.500000e+00	2.600000e-01
1.940032e+02	1.340000e+00	1.840000e+00	-1.400000e-01
3.920074e+02	1.340000e+00	1.880000e+00	-4.600000e-01
1.206263e+02	1.360000e+00	1.000000e+00	-3.400000e-01
1.614058e+02	1.360000e+00	1.440000e+00	3.000000e-01
1.863503e+02	1.360000e+00	1.760000e+00	-4.000000e-02
4.163372e+02	1.360000e+00	1.920000e+00	-4.400000e-01
1.161209e+03	1.360000e+00	1.920000e+00	3.600000e-01
9.995523e+01	1.380000e+00	1.620000e+00	-1.600000e-01
2.931234e+02	1.380000e+00	1.620000e+00	2.400000e-01
6.117444e+02	1.380000e+00	1.720000e+00	3.600000e-01
3.386081e+02	1.380000e+00	1.800000e+00	-4.400000e-01
3.878375e+02	1.380000e+00	1.980000e+00	-3.400000e-01
7.126673e+01	1.400000e+00	1.080000e+00	-2.400000e-01
1.755122e+01	1.400000e+00	1.160000e+00	0.000000e+00
2.824874e+01	1.400000e+00	1.280000e+00	6.000000e-02
4.043048e+02	1.400000e+00	1.720000e+00	2.000000e-01
5.855200e+02	1.400000e+00	1.960000e+00	4.000000e-02
2.047913e+02	1.420000e+00	1.060000e+00	-5.000000e-01
4.819050e+01	1.420000e+00	1.080000e+00	3.000000e-01
1.791504e+01	1.420000e+00	1.140000e+00	2.000000e-02
1.251877e+02	1.420000e+00	1.380000e+00	-3.400000e-01
1.163559e+02	1.420000e+00	1.600000e+00	-2.000000e-01
3.987396e+01	1.440000e+00	1.200000e+00	-1.400000e-01
1.703218e+02	1.440000e+00	1.320000e+00	-4.200000e-01
2.852950e+02	1.440000e+00	1.520000e+00	3.000000e-01
2.059706e+02	1.440000e+00	1.620000e+00	8.000000e-02
3.288198e+02	1.440000e+00	1.620000e+00	2.200000e-01
4.843687e+01	1.460000e+00	1.040000e+00	-1.600000e-01
1.532369e+02	1.460000e+00	1.300000e+00	3.600000e-01
7.525548e+02	1.460000e+00	1.660000e+00	4.600000e-01
1.126885e+03	1.460000e+00	1.860000e+00	3.400000e-01
1.169488e+03	1.460000e+00	1.980000e+00	2.000000e-01
3.824644e+01	1.480000e+00	1.080000e+00	-1.200000e-01
2.392678e+02	1.480000e+00	1.400000e+00	-4.800000e-01
4.841990e+02	1.480000e+00	1.560000e+00	4.000000e-01
1.137447e+03	1.480000e+00	1.760000e+00	4.800000e-01
5.619317e+02	1.480000e+00	1.980000e+00	-8.000000e-02
1.092520e+01	9.965517e-01	1.496552e+00	-3.448276e-03
1.330176e+01	1.080408e+00	1.580408e+00	-8.730466e-02
1.118209e+01	1.075426e+00	1.582217e+00	-3.946003e-03
8.471627e+00	1.018907e+00	1.521669e+00	1.212606e-02
9.905469e+00	1.031629e+00	1.511882e+00	-4.312515e-02
1.372202e+01	1.096971e+00	1.581648e+00	4.756294e-04
2.689465e+01	9.912678e-01	1.474961e+00	-1.115633e-01
1.719402e+01	1.088288e+00	1.584826e+00	3.563168e-02
8.568318e+00	1.019480e+00	1.522763e+00	-1.417060e-02
8.022008e+00	1.039944e+00	1.539668e+00	6.089409e-03
9.095565e+00	1.024280e+00	1.514013e+00	-2.606272e-02
7.826466e+00	1.040452e+00	1.529469e+00	-1.299765e-02
7.846882e+00	1.038774e+00	1.527707e+00	-1.172170e-02
8.478322e+01	1.479310e+00	1.234483e+00	-2.655172e-01
4.840635e+01	1.395454e+00	1.150626e+00	-1.816609e-01
2.479328e+01	1.335286e+00	1.130643e+00	-7.580353e-02
1.507118e+01	1.302845e+00	1.140257e+00	8.566374e-03
1.295938e+01	1.286861e+00	1.161645e+00	7.702498e-02
1.465716e+01	1.277858e+00	1.186048e+00	1.172949e-01
1.856589e+01	1.283186e+00	1.215266e+00	1.462408e-01
2.170677e+01	1.282015e+00	1.233016e+00	1.612259e-01
2.182819e+01	1.288297e+00	1.250532e+00	1.507330e-01
1.932081e+01	1.287505e+00	1.259390e+00	1.301795e-01
1.606258e+01	1.287452e+00	1.264523e+00	1.014480e-01
1.378925e+01	1.292018e+00	1.269169e+00	6.868540e-02
1.178028e+01	1.281732e+00	1.268188e+00	4.122336e-02
2.500074e+01	1.231034e+00	1.517241e+00	-7.931034e-02
8.548899e+00	1.147178e+00	1.433385e+00	4.546036e-03
8.564500e+00	1.107296e+00	1.400784e+00	4.026353e-03
1.018164e+01	1.122858e+00	1.432863e+00	5.730856e-02
8.521140e+00	1.112721e+00	1.406431e+00	-5.528623e-03
8.229670e+00	1.136070e+00	1.425522e+00	-9.078488e-03
9.157646e+00	1.141575e+00	1.461526e+00	3.835467e-03
8.890887e+00	1.148244e+00	1.444361e+00	-1.575265e-02
8.459482e+00	1.089493e+00	1.420995e+00	5.444928e-03
1.447223e+01	1.133296e+00	1.487381e+00	5.720856e-02
1.975862e+01	1.033858e+00	1.372683e+00	-3.632206e-02
1.093709e+01	1.102986e+00	1.407369e+00	-3.942581e-02
1.565243e+01	1.169097e+00	1.493000e+00	2.670985e-02
3.433570e+01	1.148276e+00	1.420690e+00	1.827586e-01
4.529997e+01	1.232132e+00	1.504546e+00	9.890224e-02
8.601736e+00	1.153788e+00	1.424861e+00	1.754939e-03
1.500326e+01	1.107202e+00	1.376480e+00	-6.100758e-02
2.195022e+01	1.084977e+00	1.353441e+00	-8.078915e-02
2.735261e+01	1.071939e+00	1.336894e+00	-9.217824e-02
2.075098e+01	1.086080e+00	1.346795e+00	-7.028162e-02
1.188876e+01	1.113518e+00	1.369433e+00	-3.247134e-02
8.525736e+00	1.137298e+00	1.388947e+00	-4.851562e-03
8.621998e+00	1.156907e+00	1.405740e+00	2.113133e-02
9.890207e+00	1.167067e+00	1.414988e+00	3.345562e-02
1.141914e+01	1.176976e+00	1.424094e+00	3.862943e-02
9.870335e+00	1.167086e+00	1.415508e+00	3.266804e-02
8.696921e+00	1.154409e+00	1.404491e+00	2.732346e-02
8.151069e+00	1.140771e+00	1.393192e+00	1.521181e-02
8.365339e+00	1.131227e+00	1.386024e+00	7.311542e-03
9.025090e+00	1.123201e+00	1.379749e+00	-2.907231e-03
9.249483e+00	1.120775e+00	1.379786e+00	-6.388723e-03
9.397720e+00	1.120982e+00	1.380723e+00	-1.045647e-02
2.612485e+01	1.458621e+00	1.151724e+00	-5.172414e-02
1.670999e+01	1.374764e+00	1.067868e+00	3.213224e-02
1.628642e+01	1.396265e+00	1.138128e+00	6.767533e-02
1.453482e+01	1.330737e+00	1.104360e+00	6.656673e-02
1.436608e+01	1.344803e+00	1.153429e+00	1.450303e-02
1.562728e+01	1.361655e+00	1.214535e+00	3.964537e-02
1.582497e+01	1.289521e+00	1.166013e+00	-1.636980e-02
1.194120e+01	1.282030e+00	1.194323e+00	6.293342e-02
1.216185e+01	1.284740e+00	1.215748e+00	8.945071e-03
1.478804e+01	1.258177e+00	1.215379e+00	-2.744238e-02
1.485114e+01	1.292100e+00	1.277626e+00	7.632958e-02
1.294542e+01	1.213387e+00	1.226523e+00	5.353706e-03
1.019484e+01	1.238169e+00	1.265438e+00	2.804417e-02
1.003746e+01	1.237360e+00	1.299460e+00	2.649037e-02
9.826118e+00	1.214765e+00	1.286789e+00	1.724526e-02
1.349868e+01	1.249878e+00	1.345393e+00	5.135607e-02
1.298420e+01	1.156464e+00	1.277603e+00	-1.378766e-03
1.070844e+01	1.178394e+00	1.303015e+00	-5.925310e-03
1.052138e+01	1.194958e+00	1.343051e+00	6.260358e-02
1.020675e+01	1.157445e+00	1.308345e+00	1.640795e-02
1.067690e+01	1.165217e+00	1.321877e+00	-1.320052e-02
1.469215e+01	1.210621e+00	1.379234e+00	7.548770e-02
1.741232e+01	1.104666e+00	1.304968e+00	-2.893449e-02
8.594804e+00	1.164058e+00	1.356132e+00	2.760884e-02
9.981366e+00	1.181683e+00	1.385307e+00	4.192959e-02
3.483359e+01	1.010345e+00	1.310345e+00	-5.862069e-02
9.009848e+00	1.094201e+00	1.394201e+00	2.523569e-02
1.891716e+01	1.163274e+00	1.460440e+00	8.314778e-02
1.148190e+01	1.144854e+00	1.435520e+00	5.796298e-02
8.432690e+00	1.137714e+00	1.423553e+00	2.376741e-02
8.279446e+00	1.139005e+00	1.421401e+00	-9.311090e-03
9.279425e+00	1.125191e+00	1.410653e+00	-2.844269e-02
9.648272e+00	1.115590e+00	1.410824e+00	-3.096111e-02
8.644913e+00	1.113788e+00	1.416579e+00	-1.629498e-02
8.218935e+00	1.112038e+00	1.420337e+00	-6.647484e-03
7.914607e+00	1.116668e+00	1.433942e+00	1.420495e-02
8.474253e+00	1.125785e+00	1.450094e+00	1.865009e-02
8.616992e+00	1.119483e+00	1.453202e+00	2.563488e-02
7.999323e+00	1.111798e+00	1.452959e+00	1.396368e-02
7.799302e+00	1.101395e+00	1.450097e+00	1.111720e-02
1.985593e+01	9.827586e-01	1.682759e+00	5.172414e-02
1.673804e+01	8.989022e-01	1.598902e+00	-3.213224e-02
9.200171e+00	9.607217e-01	1.619866e+00	-2.361432e-02
8.727533e+00	9.907992e-01	1.628312e+00	-1.686190e-02
8.691042e+00	9.874188e-01	1.608135e+00	-3.373166e-02
8.453686e+00	1.008240e+00	1.608575e+00	-1.936229e-02
8.486621e+00	1.001440e+00	1.588950e+00	-3.248033e-02
9.279487e+00	1.020394e+00	1.591986e+00	1.011196e-02
1.156134e+01	9.891198e-01	1.546846e+00	-4.995084e-02
8.295156e+00	1.016716e+00	1.559358e+00	-2.755667e-02
8.292957e+00	1.049147e+00	1.566255e+00	-2.107576e-02
8.351554e+00	1.021161e+00	1.529283e+00	-1.508683e-02
8.083885e+00	1.057752e+00	1.546029e+00	-2.287939e-02
2.434091e+01	1.272414e+00	1.379310e+00	-1.137931e-01
1.266491e+01	1.188557e+00	1.463167e+00	-2.993672e-02
9.447994e+00	1.128289e+00	1.401124e+00	-2.753612e-02
1.019649e+01	1.155763e+00	1.466152e+00	-1.315645e-03
8.229855e+00	1.111390e+00	1.413219e+00	-6.894939e-04
1.407672e+01	1.175947e+00	1.486778e+00	5.515085e-03
1.667119e+01	1.052838e+00	1.368336e+00	-2.586956e-02
8.018332e+00	1.116145e+00	1.457885e+00	-9.603869e-03
7.974504e+00	1.109371e+00	1.459202e+00	1.102807e-02
8.788198e+00	1.116141e+00	1.472790e+00	1.838670e-02
1.054446e+01	1.063988e+00	1.422909e+00	-1.611518e-02
1.994630e+01	1.134867e+00	1.517616e+00	6.775121e-02
1.426351e+01	1.126539e+00	1.518400e+00	3.665432e-02
4.294868e+01	1.044828e+00	1.186207e+00	-3.103448e-02
1.366572e+01	1.128684e+00	1.270063e+00	5.282190e-02
1.124144e+01	1.217180e+00	1.353976e+00	4.944846e-02
1.192167e+01	1.235482e+00	1.375072e+00	5.752087e-03
1.058688e+01	1.214655e+00	1.376257e+00	-1.431177e-02
9.222223e+00	1.190078e+00	1.380405e+00	2.058560e-03
8.902116e+00	1.149057e+00	1.362127e+00	-4.427794e-04
9.594751e+00	1.122160e+00	1.356278e+00	1.040866e-02
9.219069e+00	1.115387e+00	1.370863e+00	1.110051e-02
8.510825e+00	1.116872e+00	1.393684e+00	4.356504e-03
8.033398e+00	1.130879e+00	1.424694e+00	1.190765e-02
1.019000e+01	1.148976e+00	1.464724e+00	1.428908e-02
8.419657e+00	1.128783e+00	1.458931e+00	2.527035e-03
2.945575e+01	9.482759e-01	1.806897e+00	2.413793e-02
1.502877e+01	8.644195e-01	1.723040e+00	-5.971845e-02
1.489267e+01	8.670368e-01	1.717138e+00	-5.800181e-02
1.107994e+01	9.082219e-01	1.738585e+00	-4.936265e-02
1.255565e+01	9.329618e-01	1.756727e+00	-2.668147e-02
1.364143e+01	9.049948e-01	1.700165e+00	-7.606891e-02
1.119949e+01	9.430065e-01	1.729849e+00	-2.913392e-02
1.110982e+01	9.317501e-01	1.688473e+00	-6.279333e-02
1.020426e+01	9.571567e-01	1.703951e+00	-4.219139e-02
1.079657e+01	9.687550e-01	1.708219e+00	-4.119406e-02
1.311788e+01	9.287299e-01	1.654937e+00	-7.136568e-02
9.568275e+00	9.662539e-01	1.679083e+00	-3.522515e-02
9.529063e+00	9.661245e-01	1.676733e+00	-3.005243e-02
9.510432e+00	9.650865e-01	1.670915e+00	-4.527237e-02
9.238635e+00	9.647758e-01	1.657017e+00	-3.986697e-02
9.582288e+00	9.834490e-01	1.668018e+00	-3.469692e-02
1.194339e+01	9.479987e-01	1.620047e+00	-5.909607e-02
9.808983e+00	9.807081e-01	1.651141e+00	-3.346674e-03
1.736916e+01	9.287139e-01	1.580934e+00	-6.560672e-02
1.980021e+01	1.026396e+00	1.667992e+00	3.317237e-02
1.377357e+01	9.978288e-01	1.652119e+00	2.777601e-02
2.931296e+01	9.057218e-01	1.534752e+00	-8.557804e-02
1.436750e+01	9.658168e-01	1.564585e+00	-6.678942e-02
1.213816e+01	1.043570e+00	1.627991e+00	-3.795574e-03
8.316342e+00	1.017989e+00	1.582682e+00	-3.303425e-02
9.970329e+00	1.162069e+00	1.455172e+00	-1.034483e-02
1.675192e+01	1.078213e+00	1.539029e+00	7.351155e-02
1.404831e+01	9.943523e-01	1.459893e+00	-9.684705e-03
3.233712e+01	1.099616e+00	1.570995e+00	1.061605e-01
1.041862e+01	1.060247e+00	1.549728e+00	2.968480e-02
1.441080e+01	1.001603e+00	1.461424e+00	-2.824572e-02
7.902094e+00	1.069338e+00	1.520630e+00	-1.899731e-02
1.059996e+01	1.091609e+00	1.545925e+00	8.063158e-03
8.297263e+00	1.035509e+00	1.502463e+00	-7.263138e-03
8.538314e+00	1.084513e+00	1.526732e+00	-5.130279e-03
8.073764e+00	1.071930e+00	1.530252e+00	-1.627982e-02
8.165206e+00	1.056130e+00	1.516277e+00	-2.874733e-02
1.392203e+01	1.085336e+00	1.556946e+00	3.806693e-02
8.581359e+00	1.044626e+00	1.513121e+00	-3.144372e-02
8.923934e+00	1.083550e+00	1.540058e+00	-9.733372e-03
1.215322e+01	1.082360e+00	1.547339e+00	3.305818e-02
3.612460e+01	9.552770e-01	1.407572e+00	-8.361765e-02
3.542383e+01	8.310345e-01	1.537931e+00	3.448276e-03
1.909982e+01	9.148909e-01	1.621787e+00	8.730466e-02
1.788589e+01	1.000536e+00	1.693574e+00	2.184121e-02
2.235106e+01	1.054828e+00	1.722602e+00	-4.800538e-02
2.250195e+01	1.055612e+00	1.692381e+00	-1.301731e-01
1.756862e+01	1.045015e+00	1.655198e+00	-1.167787e-01
1.336005e+01	1.026584e+00	1.612677e+00	-9.619168e-02
9.977941e+00	1.010528e+00	1.577549e+00	-5.899097e-02
9.129331e+00	9.972759e-01	1.546264e+00	-1.998938e-02
1.004933e+01	9.888363e-01	1.522043e+00	1.246264e-02
1.104077e+01	9.913923e-01	1.509630e+00	4.238636e-02
1.150017e+01	1.000989e+00	1.506669e+00	5.777910e-02
1.172373e+01	1.012035e+00	1.502681e+00	6.539873e-02
1.096386e+01	1.020057e+00	1.495227e+00	5.915346e-02
9.844015e+00	1.035192e+00	1.495413e+00	4.907312e-02
8.606540e+00	1.048947e+00	1.493052e+00	3.142069e-02
7.891049e+00	1.064470e+00	1.494892e+00	1.385804e-02
7.693002e+00	1.076966e+00	1.493277e+00	-5.003236e-03
8.010992e+00	1.088858e+00	1.494067e+00	-2.108680e-02
8.708431e+00	1.096636e+00	1.490811e+00	-3.720810e-02
9.188596e+00	1.103216e+00	1.489217e+00	-4.411695e-02
9.299798e+00	1.107864e+00	1.488041e+00	-4.464576e-02
9.087698e+00	1.108742e+00	1.483051e+00	-4.103106e-02
8.827916e+00	1.107625e+00	1.475560e+00	-3.669466e-02
8.318528e+00	1.104517e+00	1.468747e+00	-2.611512e-02
5.028590e+01	1.265517e+00	1.586207e+00	-2.413793e-02
2.373994e+01	1.181661e+00	1.502351e+00	5.971845e-02
8.792939e+00	1.114006e+00	1.422231e+00	-2.236826e-02
1.065383e+01	1.096595e+00	1.408155e+00	-3.311567e-02
8.304470e+00	1.113164e+00	1.424354e+00	-1.226271e-02
7.981785e+00	1.118642e+00	1.431058e+00	-5.037743e-03
7.994377e+00	1.124646e+00	1.441167e+00	4.549241e-03
8.409769e+00	1.132456e+00	1.452245e+00	3.604349e-03
8.085497e+00	1.108881e+00	1.433512e+00	-9.225459e-03
8.663660e+00	1.106327e+00	1.428981e+00	-2.058909e-02
8.345864e+00	1.120957e+00	1.454487e+00	1.651014e-02
8.519798e+00	1.100445e+00	1.438405e+00	-2.028163e-02
7.921947e+00	1.113809e+00	1.453522e+00	6.545165e-03
7.802854e+00	1.099539e+00	1.442985e+00	7.042492e-03
7.981680e+00	1.106065e+00	1.449510e+00	-1.217537e-02
7.822852e+00	1.092448e+00	1.446549e+00	6.866382e-03
8.013561e+00	1.113758e+00	1.464671e+00	-7.724392e-03
9.341463e+00	1.089046e+00	1.443219e+00	-3.196876e-02
9.164053e+00	1.115582e+00	1.482100e+00	1.890636e-02
1.160939e+01	1.125553e+00	1.493736e+00	3.351928e-02
1.684720e+01	1.046842e+00	1.412796e+00	-5.767341e-02
2.352092e+01	1.279310e+00	1.324138e+00	1.206897e-01
1.165712e+01	1.195454e+00	1.240282e+00	3.683327e-02
1.080572e+01	1.202382e+00	1.256925e+00	2.639679e-02
1.047559e+01	1.237649e+00	1.313160e+00	3.843142e-02
1.384826e+01	1.259780e+00	1.334944e+00	5.321285e-02
1.407258e+01	1.171508e+00	1.264792e+00	-1.588760e-02
1.306322e+01	1.176420e+00	1.277371e+00	-1.765438e-02
1.294039e+01	1.224605e+00	1.342430e+00	7.210551e-02
1.669398e+01	1.244077e+00	1.369298e+00	6.995904e-02
9.055932e+00	1.191221e+00	1.331326e+00	1.177120e-02
9.012918e+00	1.189777e+00	1.348909e+00	2.928717e-02
8.833133e+00	1.169742e+00	1.345873e+00	8.861829e-03
8.646265e+00	1.174423e+00	1.361059e+00	2.324484e-02
1.007198e+01	1.191913e+00	1.383733e+00	3.389622e-02
1.013842e+01	1.136465e+00	1.348820e+00	-8.336400e-03
1.540947e+01	1.072414e+00	1.427586e+00	-7.241379e-02
1.456662e+01	1.156270e+00	1.511443e+00	1.144259e-02
8.321773e+00	1.123017e+00	1.463426e+00	-1.514629e-02
8.893934e+00	1.087644e+00	1.441657e+00	-2.314403e-02
1.536034e+01	1.132732e+00	1.502052e+00	5.308538e-02
1.599332e+01	1.028623e+00	1.397153e+00	-1.673462e-02
9.970274e+00	1.101328e+00	1.458588e+00	5.286910e-02
8.448990e+00	1.092511e+00	1.455082e+00	3.406969e-02
9.729655e+00	1.060926e+00	1.422657e+00	8.055168e-03
8.247939e+00	1.096166e+00	1.443249e+00	-1.469877e-02
1.299410e+01	1.118688e+00	1.481654e+00	5.998530e-02
1.837581e+01	1.023238e+00	1.379207e+00	-1.517228e-02
8.044442e+00	1.103051e+00	1.435303e+00	2.446060e-02
1.647248e+01	9.206897e-01	1.565517e+00	6.551724e-02
9.947442e+00	1.004546e+00	1.649374e+00	-1.833914e-02
1.148570e+01	1.023480e+00	1.660747e+00	-6.186371e-02
2.088613e+01	9.942773e-01	1.605826e+00	-1.325212e-01
9.495422e+00	1.005436e+00	1.637945e+00	-5.136929e-02
9.113758e+00	9.902217e-01	1.634185e+00	-8.933725e-03
1.239754e+01	1.008122e+00	1.647203e+00	1.348781e-02
1.165042e+01	9.545374e-01	1.573438e+00	-3.109917e-02
8.708362e+00	9.890861e-01	1.594478e+00	-3.126807e-02
9.890580e+00	1.030558e+00	1.625427e+00	-2.306339e-02
1.335762e+01	1.047126e+00	1.636954e+00	-3.985783e-03
1.126440e+01	9.793280e-01	1.561423e+00	-4.663312e-02
8.506383e+00	9.985875e-01	1.589285e+00	1.576772e-03
1.032111e+01	1.013510e+00	1.602118e+00	2.089981e-02
8.637680e+00	9.943157e-01	1.571034e+00	-2.152242e-02
4.442446e+01	1.182759e+00	1.655172e+00	-1.724138e-02
1.567842e+01	1.098902e+00	1.571316e+00	-1.010978e-01
1.029424e+01	1.056179e+00	1.534935e+00	-6.406179e-02
9.251650e+00	1.038350e+00	1.517163e+00	-4.088329e-02
7.920772e+00	1.038138e+00	1.519990e+00	5.363011e-03
8.358158e+00	1.038796e+00	1.521129e+00	2.113385e-02
8.406191e+00	1.044830e+00	1.527256e+00	2.020590e-02
7.825657e+00	1.040433e+00	1.520861e+00	-5.124001e-03
7.776115e+00	1.046890e+00	1.528867e+00	-2.465788e-03
7.824902e+00	1.052045e+00	1.537151e+00	-1.045889e-02
7.796293e+00	1.050390e+00	1.535554e+00	-9.435506e-03
7.764904e+00	1.043890e+00	1.528354e+00	-8.838572e-03
7.762929e+00	1.047610e+00	1.532527e+00	-8.675258e-03
8.335376e+00	1.052786e+00	1.536312e+00	1.159982e-02
7.851434e+00	1.044321e+00	1.529310e+00	-1.742392e-02
1.316551e+01	1.106897e+00	1.303448e+00	3.793103e-02
1.134804e+01	1.190753e+00	1.387305e+00	-4.592535e-02
1.020732e+01	1.183371e+00	1.411758e+00	2.174336e-02
1.223043e+01	1.187090e+00	1.433433e+00	2.853678e-02
1.496646e+01	1.098555e+00	1.344811e+00	-3.437116e-02
8.268731e+00	1.131206e+00	1.386757e+00	2.222770e-02
8.421068e+00	1.154503e+00	1.410463e+00	-5.293899e-04
1.064662e+01	1.125518e+00	1.385342e+00	-3.441534e-02
1.107657e+01	1.120783e+00	1.385787e+00	-3.752212e-02
1.043630e+01	1.127237e+00	1.398834e+00	-3.920734e-02
8.441709e+00	1.146160e+00	1.424606e+00	1.273740e-02
1.052003e+01	1.155291e+00	1.445785e+00	3.075376e-02
1.545104e+01	1.075889e+00	1.367836e+00	-3.765241e-02
1.323901e+01	8.862069e-01	1.689655e+00	-4.482759e-02
3.073844e+01	9.700633e-01	1.773512e+00	3.902879e-02
1.767537e+01	9.733437e-01	1.770075e+00	-2.868212e-02
2.518867e+01	8.897253e-01	1.674384e+00	-1.258140e-01
1.247766e+01	9.210133e-01	1.686926e+00	-7.159376e-02
9.845945e+00	9.445641e-01	1.696346e+00	-3.552413e-02
1.038877e+01	9.320595e-01	1.670540e+00	-4.552901e-02
1.034256e+01	9.519478e-01	1.665998e+00	-5.859389e-02
1.010115e+01	9.654865e-01	1.676680e+00	-1.109310e-02
1.142214e+01	9.359255e-01	1.626139e+00	-4.350850e-02
1.045942e+01	9.591293e-01	1.630720e+00	-5.482284e-02
8.914310e+00	9.767813e-01	1.641168e+00	-1.684148e-02
1.011783e+01	1.001668e+00	1.652361e+00	-1.493414e-02
9.968625e+00	1.008951e+00	1.653156e+00	-3.354387e-02
1.149795e+01	9.528061e-01	1.592837e+00	-4.227080e-02
1.010124e+01	9.803868e-01	1.617875e+00	2.010168e-02
1.088211e+01	1.012781e+00	1.640959e+00	-1.349815e-03
8.762181e+00	9.941719e-01	1.630679e+00	-2.120845e-02
9.405132e+00	9.697019e-01	1.597012e+00	-2.889760e-02
8.541113e+00	9.893029e-01	1.601521e+00	-2.806492e-02
9.126097e+00	1.017979e+00	1.618221e+00	-1.516023e-02
9.357395e+00	9.936058e-01	1.577410e+00	-4.133833e-02
8.710090e+00	1.009946e+00	1.579248e+00	-4.012582e-02
9.964491e+00	1.026112e+00	1.598913e+00	1.170792e-02
8.937281e+00	1.020306e+00	1.597055e+00	2.127195e-04
2.623098e+01	1.320690e+00	1.172414e+00	1.965517e-01
2.004637e+01	1.236833e+00	1.088557e+00	1.126953e-01
1.466146e+01	1.288187e+00	1.120929e+00	8.658250e-02
1.684112e+01	1.361781e+00	1.199012e+00	8.316869e-02
1.553532e+01	1.321289e+00	1.222010e+00	9.336632e-02
1.462664e+01	1.232436e+00	1.157321e+00	6.232939e-02
1.540419e+01	1.215139e+00	1.161687e+00	5.801626e-02
1.205680e+01	1.241874e+00	1.210698e+00	8.033754e-02
1.311711e+01	1.273044e+00	1.256037e+00	8.426867e-02
1.465874e+01	1.296218e+00	1.289331e+00	5.921260e-02
1.163955e+01	1.224113e+00	1.232080e+00	1.781237e-02
1.227925e+01	1.204512e+00	1.234268e+00	1.618887e-02
1.064465e+01	1.203672e+00	1.255194e+00	5.105994e-02
1.051804e+01	1.198209e+00	1.265707e+00	5.817186e-02
1.084598e+01	1.208022e+00	1.294582e+00	7.446429e-02
1.078607e+01	1.203708e+00	1.310164e+00	7.246211e-02
9.648430e+00	1.180453e+00	1.298508e+00	4.077166e-02
3.282607e+01	1.065517e+00	1.634483e+00	-1.827586e-01
1.859913e+01	9.816609e-01	1.550626e+00	-9.890224e-02
9.412804e+00	1.031526e+00	1.600507e+00	-2.505731e-03
1.089935e+01	1.031434e+00	1.586717e+00	2.755538e-02
1.032605e+01	1.017939e+00	1.561598e+00	3.949774e-02
9.754008e+00	1.000776e+00	1.522429e+00	3.162145e-02
1.031721e+01	9.976482e-01	1.500569e+00	1.365688e-02
8.791893e+00	1.021053e+00	1.503510e+00	6.508268e-04
7.866961e+00	1.044218e+00	1.511857e+00	-7.735873e-03
7.801086e+00	1.059788e+00	1.516379e+00	-1.709079e-02
8.018484e+00	1.074223e+00	1.522207e+00	-2.034065e-02
8.033436e+00	1.074056e+00	1.515193e+00	-2.475000e-02
8.008565e+00	1.072048e+00	1.509260e+00	-2.491971e-02
4.055167e+01	9.275862e-01	1.358621e+00	1.758621e-01
1.509427e+01	1.011443e+00	1.442477e+00	9.200569e-02
8.212191e+00	1.080551e+00	1.491974e+00	1.948535e-02
9.902023e+00	1.114030e+00	1.502389e+00	-4.934985e-02
1.211177e+01	1.117309e+00	1.488203e+00	-7.494388e-02
1.001723e+01	1.119008e+00	1.497542e+00	-4.951592e-02
8.628498e+00	1.105682e+00	1.486549e+00	-3.260034e-02
8.241438e+00	1.086268e+00	1.465888e+00	-2.204141e-02
7.837401e+00	1.078177e+00	1.466693e+00	-4.332069e-03
8.063416e+00	1.068808e+00	1.461454e+00	1.001912e-03
7.856942e+00	1.076314e+00	1.480094e+00	1.472132e-02
9.001461e+00	1.093787e+00	1.507495e+00	1.581724e-02
7.702405e+00	1.074119e+00	1.483925e+00	4.370627e-03
8.868348e+00	1.055131e+00	1.463015e+00	-1.169413e-02
8.788519e+00	1.055757e+00	1.465767e+00	-1.308809e-02
7.720437e+00	1.069551e+00	1.486800e+00	-4.668471e-03
8.112997e+00	1.084151e+00	1.506697e+00	3.668031e-03
7.963355e+00	1.079831e+00	1.501509e+00	6.807396e-03
7.723670e+00	1.075993e+00	1.497746e+00	-8.276607e-04
8.215073e+00	1.061764e+00	1.480442e+00	-1.594692e-02
7.858011e+00	1.065396e+00	1.489909e+00	-1.250214e-02
1.499968e+01	1.024138e+00	1.510345e+00	9.310345e-02
2.491229e+01	9.402816e-01	1.426488e+00	9.247068e-03
1.551223e+01	1.006294e+00	1.468889e+00	-5.081018e-02
7.952157e+00	1.065969e+00	1.531202e+00	-1.235467e-02
7.790998e+00	1.058117e+00	1.523704e+00	-2.408607e-03
8.607934e+00	1.038973e+00	1.505501e+00	-2.372918e-02
7.708880e+00	1.055394e+00	1.515074e+00	-6.505561e-03
8.806330e+00	1.049794e+00	1.509366e+00	-3.644672e-02
7.838244e+00	1.061742e+00	1.519243e+00	1.707263e-03
7.699383e+00	1.061278e+00	1.506259e+00	-7.308226e-03
9.510529e+00	1.041362e+00	1.490878e+00	-3.248172e-02
8.356630e+00	1.060502e+00	1.504658e+00	2.419125e-02
9.508523e+00	1.059664e+00	1.492844e+00	-4.413478e-02
8.155027e+00	1.076113e+00	1.527542e+00	-1.041686e-02
1.067318e+01	1.030225e+00	1.481906e+00	-3.311286e-02
1.498861e+01	1.103662e+00	1.559700e+00	2.776145e-02
1.038420e+01	1.076364e+00	1.540680e+00	2.452628e-02
9.055637e+00	1.073987e+00	1.539603e+00	7.808240e-03
2.748348e+01	9.802146e-01	1.435620e+00	-8.274706e-02
8.754099e+00	1.058859e+00	1.520818e+00	2.528443e-02
9.192246e+00	1.039842e+00	1.506769e+00	-3.579154e-02
7.766172e+00	1.061208e+00	1.520352e+00	-1.374058e-02
7.893599e+00	1.068670e+00	1.524556e+00	-1.217282e-02
2.698880e+01	9.689655e-01	1.482759e+00	-1.000000e-01
8.453260e+00	1.052822e+00	1.566615e+00	-1.614362e-02
1.151742e+01	1.063625e+00	1.572301e+00	2.233315e-02
8.156852e+00	1.023310e+00	1.526084e+00	3.393571e-04
8.133689e+00	1.025027e+00	1.526210e+00	-6.723227e-03
7.841793e+00	1.043761e+00	1.544568e+00	-9.233696e-03
8.036558e+00	1.033645e+00	1.532257e+00	-1.949543e-02
7.820801e+00	1.039203e+00	1.543647e+00	-8.137995e-03
8.109752e+00	1.029290e+00	1.529131e+00	-1.603570e-02
8.123885e+00	1.029932e+00	1.520686e+00	9.133131e-03
8.031998e+00	1.039369e+00	1.526747e+00	-2.097854e-02
7.857407e+00	1.052539e+00	1.538298e+00	-8.373407e-03
7.825093e+00	1.046285e+00	1.534399e+00	-1.736939e-02
9.162477e+00	1.034210e+00	1.518874e+00	-3.795801e-02
7.779129e+00	1.041126e+00	1.530596e+00	-7.177914e-03
4.172732e+01	8.931034e-01	1.958621e+00	-1.965517e-01
8.123928e+01	9.769598e-01	2.042477e+00	-1.126953e-01
4.534617e+01	8.976948e-01	1.963034e+00	-1.565531e-02
1.659613e+01	8.142757e-01	1.877671e+00	-7.434711e-02
2.455421e+01	7.806410e-01	1.832796e+00	-9.704863e-02
2.158266e+01	7.958957e-01	1.822908e+00	-8.896849e-02
1.697151e+01	8.207342e-01	1.823643e+00	-7.617546e-02
1.453253e+01	8.464444e-01	1.825194e+00	-7.000331e-02
1.401450e+01	8.750787e-01	1.832912e+00	-5.211630e-02
1.367190e+01	8.861553e-01	1.822157e+00	-5.513887e-02
1.364214e+01	8.947641e-01	1.815681e+00	-5.172718e-02
1.329682e+01	8.974101e-01	1.807858e+00	-5.054417e-02
1.243302e+01	8.946857e-01	1.789770e+00	-5.865387e-02
1.515680e+01	1.306897e+00	1.131034e+00	1.137931e-01
3.970764e+01	1.390753e+00	1.214891e+00	1.976495e-01
1.530457e+01	1.308543e+00	1.148058e+00	1.187569e-01
1.379478e+01	1.288750e+00	1.158881e+00	9.861073e-02
1.616232e+01	1.248194e+00	1.131356e+00	4.040605e-02
1.274891e+01	1.272726e+00	1.176444e+00	8.158301e-02
1.346902e+01	1.264461e+00	1.189457e+00	1.025123e-01
1.220365e+01	1.254934e+00	1.201521e+00	8.074590e-02
1.237487e+01	1.245781e+00	1.209107e+00	8.774727e-02
1.169621e+01	1.252829e+00	1.226858e+00	7.743840e-02
1.188621e+01	1.226900e+00	1.223287e+00	7.989143e-02
1.326100e+01	1.204211e+00	1.211431e+00	2.800533e-02
1.251967e+01	1.227340e+00	1.264161e+00	9.653521e-02
1.419510e+01	1.235693e+00	1.289427e+00	1.040011e-01
1.244097e+01	1.176289e+00	1.239853e+00	5.666943e-02
1.263696e+01	1.185399e+00	1.266021e+00	9.970356e-02
1.170491e+01	1.208769e+00	1.290447e+00	8.735569e-02
3.831891e+01	1.286207e+00	1.393103e+00	1.275862e-01
9.480991e+00	1.202351e+00	1.309247e+00	4.372983e-02
9.529934e+00	1.191657e+00	1.301369e+00	1.977216e-02
9.798119e+00	1.201338e+00	1.321520e+00	5.280081e-02
9.197086e+00	1.198068e+00	1.321060e+00	3.396676e-02
9.577943e+00	1.207884e+00	1.329927e+00	3.882824e-02
9.070550e+00	1.195550e+00	1.326187e+00	2.694630e-02
9.306781e+00	1.197770e+00	1.330948e+00	3.900190e-02
8.990699e+00	1.191702e+00	1.333428e+00	2.759632e-02
9.682050e+00	1.195247e+00	1.346353e+00	4.605468e-02
8.847104e+00	1.181320e+00	1.335970e+00	2.338260e-02
1.012347e+01	1.205464e+00	1.357225e+00	3.941716e-02
8.800211e+00	1.172568e+00	1.338873e+00	2.070101e-02
3.967370e+01	1.300000e+00	1.006897e+00	2.862069e-01
2.635463e+01	1.383856e+00	1.090753e+00	2.023505e-01
2.010865e+01	1.320513e+00	1.020562e+00	1.175347e-01
2.669584e+01	1.283309e+00	9.834550e-01	7.127867e-02
2.630202e+01	1.288677e+00	9.955962e-01	4.063962e-02
2.586713e+01	1.297302e+00	1.007795e+00	1.764311e-02
1.754571e+01	1.338587e+00	1.056515e+00	4.047225e-02
1.516386e+01	1.368823e+00	1.096452e+00	4.679668e-02
1.463896e+01	1.366643e+00	1.117785e+00	6.569825e-02
1.510558e+01	1.327528e+00	1.102755e+00	3.980430e-02
1.481084e+01	1.305955e+00	1.108830e+00	5.539257e-02
1.435351e+01	1.288736e+00	1.123625e+00	7.183054e-02
1.425515e+01	1.277019e+00	1.131956e+00	7.144206e-02
1.381785e+01	1.274681e+00	1.148541e+00	8.826529e-02
1.357791e+01	1.261578e+00	1.153962e+00	6.834856e-02
1.265427e+01	1.259964e+00	1.175010e+00	5.009293e-02
1.283969e+01	1.249571e+00	1.181012e+00	3.876830e-02
1.207689e+01	1.246462e+00	1.194450e+00	5.218071e-02
1.196320e+01	1.238163e+00	1.204884e+00	3.865152e-02
1.104862e+01	1.242519e+00	1.231358e+00	2.711661e-02
1.101469e+01	1.228882e+00	1.237411e+00	2.673207e-02
1.219988e+01	1.208350e+00	1.233777e+00	1.504886e-02
1.075555e+01	1.207397e+00	1.253515e+00	2.928246e-02
1.038356e+01	1.204261e+00	1.261507e+00	4.061510e-02
9.782514e+00	1.207030e+00	1.283908e+00	4.412240e-02
4.365620e+01	1.327586e+00	1.200000e+00	-1.758621e-01
3.376278e+01	1.243730e+00	1.116144e+00	-9.200569e-02
1.332544e+01	1.296418e+00	1.177514e+00	1.023410e-02
1.520374e+01	1.335244e+00	1.229039e+00	6.823998e-02
1.864420e+01	1.320314e+00	1.239169e+00	1.141926e-01
1.385638e+01	1.281953e+00	1.216031e+00	1.021317e-01
1.321557e+01	1.236090e+00	1.188446e+00	9.014924e-02
1.431332e+01	1.212807e+00	1.180701e+00	8.385748e-02
1.365161e+01	1.212003e+00	1.188780e+00	6.160257e-02
1.208719e+01	1.223974e+00	1.208019e+00	5.058135e-02
1.077830e+01	1.247332e+00	1.237400e+00	3.099187e-02
1.103047e+01	1.253184e+00	1.251396e+00	8.709544e-03
1.138877e+01	1.268122e+00	1.278373e+00	7.360487e-04
1.142270e+01	1.255865e+00	1.282844e+00	-1.036689e-02
1.109593e+01	1.250545e+00	1.295939e+00	-8.197645e-03
