# loss | a0 ... a5
3.515548e+02	-1.541176e+00	-6.376471e-01	-2.149253e+00	1.864426e+00	1.329804e+00	-1.112647e+00
3.189799e+02	-1.503289e+00	-6.755350e-01	-2.111365e+00	1.826538e+00	1.367692e+00	-1.150535e+00
2.764044e+02	-1.464587e+00	-7.009194e-01	-2.073119e+00	1.813576e+00	1.336409e+00	-1.178176e+00
2.491144e+02	-1.448154e+00	-7.315909e-01	-2.035283e+00	1.789154e+00	1.311798e+00	-1.210561e+00
2.225713e+02	-1.417584e+00	-7.571199e-01	-1.997132e+00	1.797576e+00	1.286317e+00	-1.234903e+00
2.016578e+02	-1.385593e+00	-7.875504e-01	-1.959015e+00	1.803344e+00	1.265841e+00	-1.256427e+00
1.839264e+02	-1.359550e+00	-8.088687e-01	-1.923612e+00	1.821696e+00	1.261423e+00	-1.280780e+00
1.700580e+02	-1.336315e+00	-8.364714e-01	-1.891812e+00	1.842378e+00	1.260584e+00	-1.298170e+00
1.541676e+02	-1.310877e+00	-8.490175e-01	-1.857185e+00	1.863826e+00	1.269095e+00	-1.321747e+00
1.432387e+02	-1.294381e+00	-8.665752e-01	-1.821721e+00	1.888222e+00	1.274570e+00	-1.340535e+00
1.315588e+02	-1.272141e+00	-8.752003e-01	-1.789772e+00	1.909254e+00	1.287187e+00	-1.362594e+00
1.218679e+02	-1.248347e+00	-8.811382e-01	-1.757201e+00	1.924861e+00	1.301983e+00	-1.385379e+00
1.137683e+02	-1.229040e+00	-8.855537e-01	-1.727762e+00	1.945464e+00	1.307580e+00	-1.403400e+00
1.065904e+02	-1.208689e+00	-8.875966e-01	-1.697480e+00	1.960877e+00	1.314831e+00	-1.422553e+00
9.861377e+01	-1.192235e+00	-8.887445e-01	-1.670113e+00	1.980992e+00	1.312236e+00	-1.435290e+00
9.018992e+01	-1.173436e+00	-8.893626e-01	-1.644438e+00	2.001918e+00	1.305174e+00	-1.446511e+00
8.271515e+01	-1.160516e+00	-8.873377e-01	-1.618188e+00	2.019707e+00	1.298221e+00	-1.456497e+00
7.624353e+01	-1.150426e+00	-8.857292e-01	-1.593601e+00	2.040457e+00	1.287562e+00	-1.462295e+00
7.026275e+01	-1.139851e+00	-8.814109e-01	-1.568405e+00	2.055941e+00	1.281135e+00	-1.470213e+00
