# loss | a0 ... a5
1.159631e+03	3.137255e-03	-2.259608e+00	-2.049230e+00	1.612997e+00	1.334118e+00	-1.453636e+00
1.127965e+03	-3.475067e-02	-2.297496e+00	-2.087118e+00	1.650885e+00	1.296230e+00	-1.415748e+00
1.109967e+03	-7.157181e-02	-2.261431e+00	-2.050673e+00	1.682891e+00	1.260909e+00	-1.404269e+00
1.098741e+03	-8.978202e-02	-2.241956e+00	-2.028215e+00	1.715013e+00	1.248837e+00	-1.395592e+00
1.077473e+03	-1.222429e-01	-2.205465e+00	-1.991274e+00	1.742704e+00	1.277224e+00	-1.383046e+00
1.060318e+03	-1.534934e-01	-2.165940e+00	-1.950736e+00	1.763231e+00	1.295935e+00	-1.379144e+00
1.047351e+03	-1.735113e-01	-2.140349e+00	-1.922420e+00	1.788847e+00	1.308911e+00	-1.373974e+00
1.042429e+03	-1.850273e-01	-2.125148e+00	-1.904566e+00	1.810506e+00	1.332488e+00	-1.376383e+00
1.022223e+03	-2.064625e-01	-2.091142e+00	-1.867392e+00	1.832932e+00	1.312767e+00	-1.371853e+00
1.000828e+03	-2.338050e-01	-2.049152e+00	-1.822459e+00	1.856095e+00	1.283506e+00	-1.364621e+00
9.910365e+02	-2.387841e-01	-2.028511e+00	-1.798786e+00	1.873664e+00	1.283454e+00	-1.367821e+00
9.851316e+02	-2.315838e-01	-2.015508e+00	-1.780952e+00	1.888510e+00	1.290078e+00	-1.393734e+00
9.680107e+02	-2.449892e-01	-1.981011e+00	-1.742153e+00	1.903376e+00	1.292029e+00	-1.398938e+00
9.588315e+02	-2.422709e-01	-1.957797e+00	-1.715089e+00	1.917008e+00	1.292890e+00	-1.398617e+00
9.358258e+02	-2.601550e-01	-1.917804e+00	-1.672123e+00	1.929772e+00	1.294433e+00	-1.414276e+00
9.242463e+02	-2.605607e-01	-1.892303e+00	-1.648086e+00	1.939437e+00	1.296668e+00	-1.418455e+00
8.943496e+02	-2.828472e-01	-1.847699e+00	-1.602782e+00	1.951965e+00	1.294230e+00	-1.435792e+00
8.651132e+02	-3.029285e-01	-1.808595e+00	-1.561798e+00	1.966745e+00	1.291017e+00	-1.457644e+00
8.293891e+02	-3.242674e-01	-1.760491e+00	-1.516902e+00	1.975670e+00	1.288327e+00	-1.465197e+00
