# loss | a0 ... a5
2.772193e+03	-1.122745e+00	-2.269468e+00	-7.843246e-03	1.815126e+00	4.929412e-01	-1.871916e+00
2.580576e+03	-1.084857e+00	-2.307356e+00	-4.573117e-02	1.777238e+00	5.308291e-01	-1.834028e+00
2.369754e+03	-1.072917e+00	-2.295604e+00	-8.754596e-03	1.733308e+00	5.702842e-01	-1.865173e+00
2.186866e+03	-1.047578e+00	-2.305436e+00	9.701924e-03	1.694920e+00	6.071306e-01	-1.877018e+00
2.038302e+03	-1.037950e+00	-2.294855e+00	4.065323e-02	1.663102e+00	6.406892e-01	-1.900633e+00
1.905184e+03	-1.037399e+00	-2.278167e+00	7.090375e-02	1.635444e+00	6.758030e-01	-1.903197e+00
1.795384e+03	-1.021343e+00	-2.274074e+00	9.626764e-02	1.610455e+00	7.028172e-01	-1.920036e+00
1.693424e+03	-9.992473e-01	-2.279900e+00	1.106299e-01	1.588846e+00	7.292057e-01	-1.919190e+00
1.606216e+03	-9.874582e-01	-2.272291e+00	1.351805e-01	1.571092e+00	7.542692e-01	-1.930146e+00
1.517730e+03	-9.745877e-01	-2.262516e+00	1.606622e-01	1.560836e+00	7.803798e-01	-1.919851e+00
1.447691e+03	-9.619297e-01	-2.256748e+00	1.814832e-01	1.547685e+00	8.024646e-01	-1.927916e+00
1.382153e+03	-9.455383e-01	-2.252601e+00	2.009262e-01	1.540038e+00	8.229825e-01	-1.933929e+00
1.320413e+03	-9.339096e-01	-2.245631e+00	2.210831e-01	1.532710e+00	8.440696e-01	-1.933177e+00
1.266212e+03	-9.150596e-01	-2.240700e+00	2.426689e-01	1.525636e+00	8.611976e-01	-1.942685e+00
1.211040e+03	-9.057157e-01	-2.232762e+00	2.611251e-01	1.525003e+00	8.815045e-01	-1.934262e+00
1.153641e+03	-8.968356e-01	-2.225576e+00	2.785290e-01	1.529143e+00	9.039953e-01	-1.924893e+00
1.106540e+03	-8.857313e-01	-2.216877e+00	2.971649e-01	1.531320e+00	9.209412e-01	-1.914645e+00
1.055566e+03	-8.743461e-01	-2.212436e+00	3.098845e-01	1.541632e+00	9.397819e-01	-1.892552e+00
1.014597e+03	-8.631338e-01	-2.202085e+00	3.293785e-01	1.545802e+00	9.544961e-01	-1.884454e+00
