# loss | a0 ... a5
1.923472e+03	-1.692157e+00	2.103081e-01	-1.858276e+00	1.120000e+00	1.372941e+00	-6.443558e-01
1.698831e+03	-1.654269e+00	1.724202e-01	-1.896164e+00	1.157888e+00	1.335053e+00	-6.064679e-01
1.456258e+03	-1.610148e+00	1.242492e-01	-1.940056e+00	1.207394e+00	1.289122e+00	-5.600478e-01
1.276041e+03	-1.569656e+00	8.170060e-02	-1.977788e+00	1.250636e+00	1.247698e+00	-5.183076e-01
1.139708e+03	-1.532902e+00	4.236279e-02	-2.005229e+00	1.292176e+00	1.209892e+00	-4.826493e-01
1.036947e+03	-1.499369e+00	4.607383e-03	-2.021042e+00	1.329834e+00	1.174852e+00	-4.505160e-01
9.597639e+02	-1.468548e+00	-3.076351e-02	-2.026242e+00	1.366948e+00	1.145207e+00	-4.243968e-01
9.009525e+02	-1.443862e+00	-6.436356e-02	-2.021617e+00	1.399822e+00	1.121190e+00	-4.098828e-01
8.545718e+02	-1.419617e+00	-9.667843e-02	-2.011815e+00	1.432085e+00	1.099667e+00	-3.941366e-01
8.181318e+02	-1.399621e+00	-1.271579e-01	-1.998831e+00	1.461842e+00	1.082341e+00	-3.828450e-01
7.830673e+02	-1.382388e+00	-1.561818e-01	-1.976728e+00	1.488048e+00	1.070822e+00	-3.791109e-01
7.478573e+02	-1.369501e+00	-1.822143e-01	-1.949796e+00	1.510113e+00	1.066823e+00	-3.811126e-01
7.138925e+02	-1.358758e+00	-2.073361e-01	-1.922506e+00	1.530744e+00	1.063957e+00	-3.867075e-01
6.778472e+02	-1.351477e+00	-2.332063e-01	-1.893231e+00	1.548471e+00	1.062577e+00	-3.966734e-01
6.422379e+02	-1.345948e+00	-2.533734e-01	-1.862081e+00	1.563632e+00	1.067735e+00	-4.089937e-01
6.111481e+02	-1.341785e+00	-2.686668e-01	-1.832845e+00	1.575177e+00	1.073345e+00	-4.227528e-01
5.752943e+02	-1.340241e+00	-2.852924e-01	-1.800823e+00	1.586131e+00	1.083716e+00	-4.388927e-01
5.402034e+02	-1.340373e+00	-2.989025e-01	-1.767363e+00	1.593652e+00	1.096147e+00	-4.583830e-01
5.086569e+02	-1.340182e+00	-3.120870e-01	-1.736264e+00	1.601801e+00	1.108811e+00	-4.747246e-01
