# loss | a0 ... a5
1.137517e+03	-4.239216e-01	-8.545658e-01	-7.943909e-01	1.489748e+00	1.847451e+00	-1.421810e+00
1.007013e+03	-4.618095e-01	-8.924538e-01	-8.322788e-01	1.527636e+00	1.809563e+00	-1.383922e+00
8.840493e+02	-5.054837e-01	-9.353382e-01	-7.950920e-01	1.553834e+00	1.774336e+00	-1.358425e+00
7.662081e+02	-5.434730e-01	-9.369517e-01	-7.806595e-01	1.589485e+00	1.736779e+00	-1.323886e+00
6.895990e+02	-5.751566e-01	-9.505336e-01	-7.535081e-01	1.606496e+00	1.711938e+00	-1.307217e+00
6.135738e+02	-6.024716e-01	-9.562759e-01	-7.319806e-01	1.629255e+00	1.684635e+00	-1.285028e+00
5.449886e+02	-6.293893e-01	-9.429551e-01	-7.226373e-01	1.650862e+00	1.659561e+00	-1.266408e+00
4.819037e+02	-6.555760e-01	-9.384413e-01	-7.127600e-01	1.676360e+00	1.635439e+00	-1.246813e+00
4.216688e+02	-6.769575e-01	-9.151356e-01	-7.229255e-01	1.698941e+00	1.610348e+00	-1.227011e+00
3.695181e+02	-6.987747e-01	-8.889672e-01	-7.221713e-01	1.718353e+00	1.587932e+00	-1.207474e+00
3.204104e+02	-7.166899e-01	-8.759395e-01	-7.417342e-01	1.742378e+00	1.564379e+00	-1.188979e+00
2.674994e+02	-7.311587e-01	-8.821285e-01	-7.721013e-01	1.772861e+00	1.534847e+00	-1.165058e+00
2.350727e+02	-7.486942e-01	-8.668745e-01	-7.819974e-01	1.790418e+00	1.517789e+00	-1.151165e+00
2.071570e+02	-7.631890e-01	-8.408217e-01	-7.895756e-01	1.808763e+00	1.501685e+00	-1.138370e+00
1.799556e+02	-7.798610e-01	-8.425414e-01	-7.967694e-01	1.826759e+00	1.484656e+00	-1.125239e+00
1.548446e+02	-7.960515e-01	-8.394958e-01	-7.978931e-01	1.846533e+00	1.467274e+00	-1.112386e+00
1.355402e+02	-8.100356e-01	-8.379506e-01	-8.064955e-01	1.862240e+00	1.452524e+00	-1.101729e+00
1.208974e+02	-8.239186e-01	-8.335441e-01	-8.099714e-01	1.875863e+00	1.441144e+00	-1.092802e+00
1.057369e+02	-8.359423e-01	-8.257703e-01	-8.169329e-01	1.890685e+00	1.427232e+00	-1.084408e+00
