# loss | a0 ... a5
7.140358e+02	-1.700784e+00	-4.256583e-01	-4.079368e-01	1.124930e+00	6.180392e-01	-1.078666e-01
5.746164e+02	-1.662896e+00	-4.635462e-01	-4.458248e-01	1.162818e+00	6.559271e-01	-6.997872e-02
4.626777e+02	-1.619630e+00	-4.906148e-01	-4.897629e-01	1.201584e+00	6.845329e-01	-3.394175e-02
3.866982e+02	-1.584245e+00	-5.093645e-01	-5.283383e-01	1.236623e+00	7.137773e-01	-2.215531e-03
3.358577e+02	-1.559769e+00	-5.261560e-01	-5.581094e-01	1.267616e+00	7.454412e-01	2.721091e-02
2.976694e+02	-1.536600e+00	-5.446390e-01	-5.876437e-01	1.299941e+00	7.772600e-01	5.528034e-02
2.736732e+02	-1.530570e+00	-5.440197e-01	-6.056351e-01	1.320338e+00	8.070390e-01	7.296134e-02
2.545532e+02	-1.528159e+00	-5.418419e-01	-6.197807e-01	1.338819e+00	8.351229e-01	8.849419e-02
2.379543e+02	-1.531926e+00	-5.342001e-01	-6.318620e-01	1.355871e+00	8.624994e-01	9.708115e-02
2.237664e+02	-1.530292e+00	-5.345201e-01	-6.469899e-01	1.377867e+00	8.876580e-01	1.072958e-01
2.129767e+02	-1.540700e+00	-5.224131e-01	-6.528692e-01	1.389643e+00	9.123443e-01	1.068945e-01
2.051985e+02	-1.553953e+00	-5.070301e-01	-6.557876e-01	1.399500e+00	9.366725e-01	1.022352e-01
1.992141e+02	-1.561358e+00	-5.008496e-01	-6.614853e-01	1.412551e+00	9.555670e-01	9.906649e-02
