# loss | a0 ... a5
2.648034e+03	-2.028627e+00	1.905882e-01	-1.790078e+00	2.426443e+00	1.493725e+00	-1.599125e+00
2.348818e+03	-1.990740e+00	1.527003e-01	-1.827966e+00	2.464331e+00	1.455838e+00	-1.561237e+00
2.018645e+03	-1.942648e+00	1.097309e-01	-1.876684e+00	2.432843e+00	1.408506e+00	-1.520477e+00
1.764689e+03	-1.905115e+00	6.951871e-02	-1.912290e+00	2.413765e+00	1.366943e+00	-1.481592e+00
1.540907e+03	-1.862406e+00	3.364898e-02	-1.953395e+00	2.384604e+00	1.323969e+00	-1.443095e+00
1.381661e+03	-1.825606e+00	5.676037e-03	-1.971123e+00	2.362592e+00	1.287010e+00	-1.411749e+00
1.234795e+03	-1.788882e+00	-2.673584e-02	-1.994579e+00	2.336583e+00	1.248948e+00	-1.376481e+00
1.117868e+03	-1.753128e+00	-5.748293e-02	-2.002624e+00	2.315104e+00	1.214998e+00	-1.342417e+00
1.029581e+03	-1.723165e+00	-8.562431e-02	-2.008879e+00	2.292575e+00	1.184021e+00	-1.312100e+00
9.590059e+02	-1.692907e+00	-1.110236e-01	-2.010839e+00	2.267239e+00	1.156417e+00	-1.282594e+00
9.037671e+02	-1.668900e+00	-1.358236e-01	-1.999712e+00	2.246761e+00	1.134063e+00	-1.257426e+00
8.557571e+02	-1.650022e+00	-1.619085e-01	-1.979142e+00	2.227716e+00	1.114492e+00	-1.234633e+00
8.150222e+02	-1.629908e+00	-1.832469e-01	-1.958760e+00	2.206377e+00	1.101537e+00	-1.213486e+00
7.768460e+02	-1.609921e+00	-2.046535e-01	-1.934936e+00	2.192975e+00	1.090450e+00	-1.191516e+00
7.411758e+02	-1.593700e+00	-2.231420e-01	-1.907613e+00	2.171499e+00	1.085890e+00	-1.175860e+00
7.070833e+02	-1.581513e+00	-2.392894e-01	-1.878841e+00	2.145478e+00	1.087515e+00	-1.165771e+00
6.719461e+02	-1.567879e+00	-2.566255e-01	-1.848008e+00	2.126395e+00	1.088329e+00	-1.152899e+00
6.397336e+02	-1.555967e+00	-2.710479e-01	-1.819619e+00	2.106706e+00	1.092453e+00	-1.141467e+00
6.052920e+02	-1.544632e+00	-2.875458e-01	-1.787804e+00	2.088092e+00	1.097386e+00	-1.131127e+00
