# loss | a0 ... a5
5.023099e+02	-9.631373e-01	-1.367283e+00	-1.578783e-01	2.130644e+00	1.165882e+00	-1.194484e+00
3.942721e+02	-9.252493e-01	-1.329395e+00	-1.199904e-01	2.092756e+00	1.203770e+00	-1.232372e+00
3.110918e+02	-8.804525e-01	-1.286114e+00	-1.327296e-01	2.064327e+00	1.230787e+00	-1.258906e+00
2.623574e+02	-8.494683e-01	-1.251957e+00	-1.170609e-01	2.041891e+00	1.254438e+00	-1.282672e+00
2.202518e+02	-8.131507e-01	-1.214262e+00	-1.374965e-01	2.025946e+00	1.270724e+00	-1.303135e+00
1.876565e+02	-7.773706e-01	-1.177446e+00	-1.678652e-01	2.020652e+00	1.277811e+00	-1.316329e+00
1.688628e+02	-7.544570e-01	-1.148068e+00	-1.836128e-01	2.015920e+00	1.283450e+00	-1.329371e+00
1.546848e+02	-7.359198e-01	-1.120982e+00	-2.020890e-01	2.013421e+00	1.286266e+00	-1.338836e+00
1.423186e+02	-7.199484e-01	-1.095443e+00	-2.203187e-01	2.018917e+00	1.282384e+00	-1.345276e+00
1.309001e+02	-7.035396e-01	-1.067747e+00	-2.441891e-01	2.027799e+00	1.275604e+00	-1.348918e+00
1.233739e+02	-6.957913e-01	-1.047326e+00	-2.601093e-01	2.036094e+00	1.269040e+00	-1.352180e+00
