# loss | a0 ... a5
2.157361e+03	-2.020000e+00	-1.545098e-01	-2.094695e+00	3.042689e+00	1.588627e+00	-1.167205e+00
1.923329e+03	-1.982112e+00	-1.923977e-01	-2.132583e+00	3.004801e+00	1.550740e+00	-1.129317e+00
1.742212e+03	-1.943017e+00	-2.345055e-01	-2.148167e+00	2.983408e+00	1.520191e+00	-1.087753e+00
1.660026e+03	-1.927691e+00	-2.694972e-01	-2.122685e+00	2.950259e+00	1.527302e+00	-1.079325e+00
1.525669e+03	-1.895655e+00	-3.045124e-01	-2.134531e+00	2.930317e+00	1.503932e+00	-1.064808e+00
1.434424e+03	-1.860912e+00	-3.384307e-01	-2.153877e+00	2.907707e+00	1.498503e+00	-1.038089e+00
1.334164e+03	-1.844212e+00	-3.648797e-01	-2.149304e+00	2.881739e+00	1.484196e+00	-1.056774e+00
1.265676e+03	-1.826521e+00	-3.885325e-01	-2.134213e+00	2.855562e+00	1.489284e+00	-1.076326e+00
1.177960e+03	-1.811508e+00	-4.142525e-01	-2.134451e+00	2.829290e+00	1.479592e+00	-1.098825e+00
1.111511e+03	-1.788709e+00	-4.426016e-01	-2.145283e+00	2.804604e+00	1.482796e+00	-1.104812e+00
1.041039e+03	-1.778233e+00	-4.632425e-01	-2.140300e+00	2.779368e+00	1.475953e+00	-1.130571e+00
9.964280e+02	-1.767458e+00	-4.779899e-01	-2.142682e+00	2.755040e+00	1.481129e+00	-1.156251e+00
9.336491e+02	-1.755164e+00	-4.991526e-01	-2.139679e+00	2.731842e+00	1.474902e+00	-1.175668e+00
8.787114e+02	-1.737701e+00	-5.156111e-01	-2.139533e+00	2.709145e+00	1.472544e+00	-1.200650e+00
8.328060e+02	-1.728082e+00	-5.320015e-01	-2.138726e+00	2.688203e+00	1.467594e+00	-1.212864e+00
7.893165e+02	-1.721934e+00	-5.471332e-01	-2.134128e+00	2.667088e+00	1.460134e+00	-1.221946e+00
7.530654e+02	-1.708299e+00	-5.589407e-01	-2.137187e+00	2.647722e+00	1.458054e+00	-1.235235e+00
7.040015e+02	-1.695073e+00	-5.744194e-01	-2.141283e+00	2.626781e+00	1.447653e+00	-1.252614e+00
6.797536e+02	-1.682428e+00	-5.804444e-01	-2.139247e+00	2.608792e+00	1.448065e+00	-1.262714e+00
