# loss | a0 ... a5
5.086633e+02	-1.127059e+00	-2.432493e-01	-1.276322e+00	2.421513e+00	1.183137e+00	-1.771892e+00
4.381014e+02	-1.089171e+00	-2.811372e-01	-1.238434e+00	2.383625e+00	1.145249e+00	-1.734004e+00
3.800088e+02	-1.053857e+00	-3.181498e-01	-1.211630e+00	2.382573e+00	1.140388e+00	-1.693316e+00
3.526855e+02	-1.016870e+00	-3.427257e-01	-1.204122e+00	2.355077e+00	1.125300e+00	-1.666073e+00
3.025617e+02	-1.016140e+00	-3.761549e-01	-1.170912e+00	2.355145e+00	1.136302e+00	-1.636637e+00
2.654183e+02	-1.022646e+00	-4.094318e-01	-1.138396e+00	2.356561e+00	1.132518e+00	-1.616521e+00
2.247232e+02	-1.017436e+00	-4.308869e-01	-1.114848e+00	2.335493e+00	1.157929e+00	-1.597279e+00
1.876962e+02	-1.022162e+00	-4.544681e-01	-1.085017e+00	2.303471e+00	1.182810e+00	-1.592186e+00
1.637530e+02	-1.015895e+00	-4.770450e-01	-1.069761e+00	2.297094e+00	1.184496e+00	-1.568168e+00
1.367195e+02	-1.037948e+00	-5.030819e-01	-1.047588e+00	2.296712e+00	1.193820e+00	-1.545483e+00
1.186859e+02	-1.024382e+00	-5.234929e-01	-1.032820e+00	2.278439e+00	1.190491e+00	-1.529874e+00
1.023122e+02	-1.016643e+00	-5.458732e-01	-1.016867e+00	2.266066e+00	1.184195e+00	-1.508930e+00
8.538877e+01	-1.018174e+00	-5.634846e-01	-1.000674e+00	2.247424e+00	1.194726e+00	-1.501274e+00
7.217626e+01	-1.023751e+00	-5.776961e-01	-9.874420e-01	2.230980e+00	1.206750e+00	-1.492722e+00
5.932828e+01	-1.024770e+00	-5.966058e-01	-9.718247e-01	2.216372e+00	1.211199e+00	-1.482437e+00
5.201271e+01	-1.012287e+00	-6.146106e-01	-9.594861e-01	2.211615e+00	1.199376e+00	-1.468065e+00
4.119140e+01	-1.020915e+00	-6.291475e-01	-9.469464e-01	2.193040e+00	1.213176e+00	-1.459879e+00
3.330241e+01	-1.029606e+00	-6.432440e-01	-9.329118e-01	2.169382e+00	1.223476e+00	-1.456323e+00
2.791078e+01	-1.026590e+00	-6.556944e-01	-9.259440e-01	2.162338e+00	1.225708e+00	-1.443654e+00
