# loss | a0 ... a5
1.381829e+03	-5.317647e-01	-1.702521e+00	-4.397625e-01	1.608067e+00	8.552941e-01	-7.943909e-01
1.218940e+03	-5.696526e-01	-1.664633e+00	-4.018745e-01	1.645955e+00	8.931820e-01	-8.322788e-01
1.016609e+03	-5.980349e-01	-1.620395e+00	-3.574842e-01	1.610151e+00	9.375551e-01	-8.774217e-01
8.850433e+02	-6.323023e-01	-1.581457e+00	-3.206196e-01	1.587534e+00	9.690915e-01	-9.054643e-01
7.601080e+02	-6.505355e-01	-1.543508e+00	-2.823616e-01	1.565833e+00	1.005487e+00	-9.406184e-01
6.588157e+02	-6.680417e-01	-1.509839e+00	-2.475206e-01	1.559801e+00	1.041096e+00	-9.720361e-01
5.863386e+02	-6.823025e-01	-1.476438e+00	-2.165454e-01	1.550081e+00	1.067080e+00	-9.976816e-01
5.272198e+02	-6.943183e-01	-1.445933e+00	-1.869711e-01	1.551052e+00	1.090060e+00	-1.021532e+00
4.770742e+02	-7.046264e-01	-1.416066e+00	-1.619122e-01	1.555326e+00	1.111891e+00	-1.040932e+00
4.302370e+02	-7.058319e-01	-1.384864e+00	-1.398096e-01	1.573131e+00	1.132631e+00	-1.053449e+00
3.950904e+02	-7.137687e-01	-1.359568e+00	-1.186953e-01	1.584145e+00	1.150036e+00	-1.069564e+00
3.659544e+02	-7.252698e-01	-1.335059e+00	-9.710391e-02	1.588469e+00	1.167473e+00	-1.086602e+00
3.383162e+02	-7.261203e-01	-1.310973e+00	-8.186903e-02	1.607463e+00	1.181262e+00	-1.098045e+00
3.108294e+02	-7.165902e-01	-1.285258e+00	-6.982059e-02	1.628737e+00	1.193810e+00	-1.109456e+00
2.900379e+02	-7.189795e-01	-1.263831e+00	-5.785255e-02	1.648915e+00	1.204817e+00	-1.117877e+00
2.684329e+02	-7.129578e-01	-1.239072e+00	-4.802076e-02	1.671486e+00	1.214136e+00	-1.125857e+00
2.526575e+02	-7.167812e-01	-1.220220e+00	-3.957881e-02	1.691371e+00	1.222959e+00	-1.132596e+00
2.355238e+02	-7.065985e-01	-1.198351e+00	-3.380170e-02	1.714127e+00	1.229794e+00	-1.140076e+00
2.231237e+02	-7.138997e-01	-1.180936e+00	-2.823304e-02	1.732753e+00	1.236805e+00	-1.145426e+00
