# loss | a0 ... a5
2.947399e+02	-1.528235e+00	-5.591036e-02	-7.580187e-01	2.529972e+00	1.092549e+00	-5.943441e-01
2.312866e+02	-1.490347e+00	-9.379829e-02	-7.201308e-01	2.492084e+00	1.054661e+00	-6.322320e-01
1.855729e+02	-1.464822e+00	-1.147140e-01	-6.741343e-01	2.445995e+00	1.021993e+00	-6.525618e-01
1.504374e+02	-1.494031e+00	-1.243254e-01	-6.347266e-01	2.405694e+00	1.000248e+00	-6.774385e-01
1.295254e+02	-1.489183e+00	-1.498938e-01	-5.985733e-01	2.380759e+00	9.772901e-01	-6.840534e-01
1.168658e+02	-1.495952e+00	-1.705864e-01	-5.703012e-01	2.362883e+00	9.644920e-01	-6.938039e-01
1.083633e+02	-1.483285e+00	-1.893908e-01	-5.403139e-01	2.345658e+00	9.516180e-01	-6.865565e-01
1.104281e+02	-1.457256e+00	-2.147904e-01	-5.147427e-01	2.340242e+00	9.349215e-01	-6.725119e-01
9.921905e+01	-1.458500e+00	-2.162206e-01	-4.900311e-01	2.325033e+00	9.397765e-01	-6.631361e-01
8.648811e+01	-1.476464e+00	-2.183286e-01	-4.628986e-01	2.303067e+00	9.478473e-01	-6.629633e-01
7.973812e+01	-1.469414e+00	-2.150297e-01	-4.466347e-01	2.298218e+00	9.573619e-01	-6.488820e-01
7.334068e+01	-1.456455e+00	-1.980339e-01	-4.335663e-01	2.293311e+00	9.715606e-01	-6.317127e-01
6.946360e+01	-1.450294e+00	-2.004735e-01	-4.186316e-01	2.291133e+00	9.782258e-01	-6.202451e-01
6.967699e+01	-1.432045e+00	-2.061631e-01	-4.090112e-01	2.299782e+00	9.806663e-01	-6.035193e-01
6.547157e+01	-1.431734e+00	-2.061325e-01	-3.945296e-01	2.294349e+00	9.878037e-01	-5.991696e-01
6.203179e+01	-1.433512e+00	-2.099586e-01	-3.798440e-01	2.289722e+00	9.934822e-01	-5.987710e-01
5.969153e+01	-1.429927e+00	-2.084655e-01	-3.676091e-01	2.285451e+00	9.978340e-01	-5.956620e-01
5.739169e+01	-1.423633e+00	-1.967159e-01	-3.552164e-01	2.276031e+00	1.001633e+00	-5.943228e-01
5.614827e+01	-1.417417e+00	-1.996403e-01	-3.448536e-01	2.276035e+00	1.002954e+00	-5.915412e-01
