# loss | a0 ... a5
1.013248e+03	-9.933333e-01	-1.298599e-01	1.488934e-02	2.554622e+00	1.450588e+00	-2.076509e+00
8.137240e+02	-9.554454e-01	-1.677479e-01	-2.299858e-02	2.592510e+00	1.412700e+00	-2.038621e+00
6.345923e+02	-9.312757e-01	-2.079940e-01	-4.486197e-02	2.623155e+00	1.368958e+00	-1.996285e+00
4.937623e+02	-9.025961e-01	-2.437206e-01	-7.547653e-02	2.657864e+00	1.330920e+00	-1.956473e+00
4.094800e+02	-8.860661e-01	-2.758213e-01	-8.556822e-02	2.665478e+00	1.304934e+00	-1.929093e+00
3.403338e+02	-8.683705e-01	-3.054833e-01	-9.820428e-02	2.681083e+00	1.280070e+00	-1.903133e+00
2.911023e+02	-8.570210e-01	-3.312951e-01	-1.064888e-01	2.681187e+00	1.260857e+00	-1.876327e+00
2.484051e+02	-8.454954e-01	-3.545024e-01	-1.172303e-01	2.677927e+00	1.240547e+00	-1.847112e+00
2.227853e+02	-8.396468e-01	-3.756239e-01	-1.213420e-01	2.670164e+00	1.230307e+00	-1.824453e+00
2.024883e+02	-8.346415e-01	-3.949360e-01	-1.267957e-01	2.663466e+00	1.224515e+00	-1.799576e+00
1.848440e+02	-8.329139e-01	-4.120687e-01	-1.282263e-01	2.647227e+00	1.217116e+00	-1.779667e+00
1.725878e+02	-8.377557e-01	-4.251113e-01	-1.231287e-01	2.625798e+00	1.212305e+00	-1.765447e+00
1.581837e+02	-8.357621e-01	-4.402506e-01	-1.277137e-01	2.608908e+00	1.207148e+00	-1.744027e+00
1.464632e+02	-8.373493e-01	-4.537223e-01	-1.261026e-01	2.580635e+00	1.207084e+00	-1.723310e+00
1.354137e+02	-8.363733e-01	-4.658176e-01	-1.335753e-01	2.568332e+00	1.202457e+00	-1.703737e+00
1.232296e+02	-8.277920e-01	-4.765474e-01	-1.463399e-01	2.548428e+00	1.193812e+00	-1.680249e+00
1.156342e+02	-8.327026e-01	-4.870587e-01	-1.499057e-01	2.534584e+00	1.193629e+00	-1.663859e+00
1.085386e+02	-8.342155e-01	-4.948679e-01	-1.557143e-01	2.519862e+00	1.193677e+00	-1.645737e+00
1.016755e+02	-8.394313e-01	-5.042947e-01	-1.600559e-01	2.503515e+00	1.193490e+00	-1.629804e+00
