# loss | a0 ... a5
1.550876e+03	-5.447059e-01	-6.770868e-01	1.249791e-03	1.184090e+00	4.843137e-01	-5.306928e-01
1.374798e+03	-5.825938e-01	-6.391989e-01	3.913772e-02	1.146202e+00	5.222017e-01	-5.685808e-01
1.202726e+03	-6.222939e-01	-6.255720e-01	1.829550e-02	1.125743e+00	5.723023e-01	-5.785013e-01
1.074710e+03	-6.581837e-01	-6.005468e-01	2.249615e-03	1.102678e+00	6.151252e-01	-5.868797e-01
9.505516e+02	-6.966532e-01	-5.974025e-01	-2.688690e-02	1.091522e+00	6.613197e-01	-5.957116e-01
8.518713e+02	-7.325147e-01	-5.898085e-01	-5.558362e-02	1.082289e+00	7.031241e-01	-6.082633e-01
7.609310e+02	-7.670317e-01	-5.897765e-01	-8.962807e-02	1.081920e+00	7.454981e-01	-6.132357e-01
6.785953e+02	-7.967968e-01	-5.964713e-01	-1.252385e-01	1.092929e+00	7.859048e-01	-6.103297e-01
6.096455e+02	-8.268605e-01	-5.963035e-01	-1.593416e-01	1.101361e+00	8.233062e-01	-6.118380e-01
5.525010e+02	-8.511969e-01	-5.919501e-01	-1.937809e-01	1.112961e+00	8.565151e-01	-6.113426e-01
4.957257e+02	-8.765361e-01	-5.920873e-01	-2.285211e-01	1.129493e+00	8.903852e-01	-6.101453e-01
4.456525e+02	-8.989415e-01	-5.901436e-01	-2.635860e-01	1.148384e+00	9.214247e-01	-6.093897e-01
3.984664e+02	-9.201230e-01	-5.900756e-01	-2.976447e-01	1.170131e+00	9.519755e-01	-6.061951e-01
3.587173e+02	-9.402002e-01	-5.887441e-01	-3.275385e-01	1.190447e+00	9.801495e-01	-6.027319e-01
3.202075e+02	-9.574582e-01	-5.881271e-01	-3.599244e-01	1.215045e+00	1.007391e+00	-5.983446e-01
2.866880e+02	-9.730384e-01	-5.860356e-01	-3.908416e-01	1.239561e+00	1.032493e+00	-5.944497e-01
2.556366e+02	-9.868693e-01	-5.854335e-01	-4.217399e-01	1.265776e+00	1.056513e+00	-5.893842e-01
2.280379e+02	-9.995035e-01	-5.851332e-01	-4.501750e-01	1.292352e+00	1.079570e+00	-5.839695e-01
2.038746e+02	-1.010392e+00	-5.852971e-01	-4.789134e-01	1.318987e+00	1.100275e+00	-5.789635e-01
