# loss | a0 ... a5
1.668371e+03	-9.156863e-01	-2.308908e+00	-4.943207e-01	1.691877e+00	7.949020e-01	-1.867369e+00
1.540439e+03	-8.777983e-01	-2.346795e+00	-4.564328e-01	1.653989e+00	8.327899e-01	-1.905257e+00
1.406805e+03	-8.399336e-01	-2.388586e+00	-4.132884e-01	1.666156e+00	8.776913e-01	-1.881060e+00
1.299802e+03	-8.024338e-01	-2.425960e+00	-3.909677e-01	1.695138e+00	9.178952e-01	-1.845916e+00
1.213030e+03	-7.780865e-01	-2.421158e+00	-3.560569e-01	1.700380e+00	9.512778e-01	-1.838456e+00
1.134203e+03	-7.543387e-01	-2.403746e+00	-3.188874e-01	1.704425e+00	9.828208e-01	-1.839939e+00
1.070194e+03	-7.313057e-01	-2.401502e+00	-2.941575e-01	1.717898e+00	1.011352e+00	-1.826982e+00
1.027179e+03	-7.009670e-01	-2.408069e+00	-2.702993e-01	1.725664e+00	1.031682e+00	-1.822948e+00
9.737671e+02	-6.867009e-01	-2.396578e+00	-2.439138e-01	1.744764e+00	1.056816e+00	-1.808793e+00
9.208936e+02	-6.756818e-01	-2.380766e+00	-2.162388e-01	1.767375e+00	1.082442e+00	-1.791456e+00
8.801667e+02	-6.604810e-01	-2.365799e+00	-1.898440e-01	1.785463e+00	1.101899e+00	-1.779417e+00
8.341576e+02	-6.572077e-01	-2.339564e+00	-1.588735e-01	1.810889e+00	1.122239e+00	-1.758838e+00
8.036016e+02	-6.401574e-01	-2.325940e+00	-1.343482e-01	1.826455e+00	1.137518e+00	-1.750555e+00
7.733889e+02	-6.181023e-01	-2.311557e+00	-1.091655e-01	1.842837e+00	1.152847e+00	-1.734919e+00
7.462486e+02	-6.075928e-01	-2.291870e+00	-8.297180e-02	1.859364e+00	1.165070e+00	-1.728005e+00
7.127996e+02	-6.125900e-01	-2.260038e+00	-5.116538e-02	1.879710e+00	1.177752e+00	-1.719430e+00
6.908656e+02	-5.988313e-01	-2.243497e+00	-2.710449e-02	1.895373e+00	1.187434e+00	-1.710242e+00
6.654474e+02	-5.944116e-01	-2.218584e+00	1.102562e-03	1.910783e+00	1.197222e+00	-1.701898e+00
6.453594e+02	-5.821890e-01	-2.199599e+00	2.516267e-02	1.926255e+00	1.204910e+00	-1.691386e+00
