# loss | a0 ... a5
2.259200e+03	-8.035294e-01	-1.579272e+00	-1.899195e+00	2.870140e+00	1.877647e+00	-2.199265e+00
2.052356e+03	-7.656415e-01	-1.541384e+00	-1.861307e+00	2.832252e+00	1.839759e+00	-2.161377e+00
1.846457e+03	-7.255500e-01	-1.499725e+00	-1.838709e+00	2.789056e+00	1.796528e+00	-2.192452e+00
1.671825e+03	-6.870091e-01	-1.459688e+00	-1.807364e+00	2.750313e+00	1.757505e+00	-2.228978e+00
1.539747e+03	-6.811515e-01	-1.432577e+00	-1.786438e+00	2.719759e+00	1.726407e+00	-2.232410e+00
1.418982e+03	-6.918148e-01	-1.403639e+00	-1.767258e+00	2.693307e+00	1.697781e+00	-2.243228e+00
1.305359e+03	-7.010039e-01	-1.375286e+00	-1.740849e+00	2.665694e+00	1.671311e+00	-2.249287e+00
1.197136e+03	-7.238230e-01	-1.342423e+00	-1.709404e+00	2.652073e+00	1.648423e+00	-2.240991e+00
1.103397e+03	-7.356284e-01	-1.318778e+00	-1.688667e+00	2.626526e+00	1.624296e+00	-2.253916e+00
1.006327e+03	-7.473435e-01	-1.293069e+00	-1.665680e+00	2.600038e+00	1.597710e+00	-2.271615e+00
9.335393e+02	-7.683873e-01	-1.268641e+00	-1.643877e+00	2.580538e+00	1.580640e+00	-2.277537e+00
8.624839e+02	-7.956661e-01	-1.240998e+00	-1.617126e+00	2.561429e+00	1.564691e+00	-2.287698e+00
7.972243e+02	-8.136402e-01	-1.217527e+00	-1.597498e+00	2.544801e+00	1.548050e+00	-2.291966e+00
7.374589e+02	-8.282762e-01	-1.194294e+00	-1.582068e+00	2.534032e+00	1.532221e+00	-2.293693e+00
6.792559e+02	-8.487665e-01	-1.169643e+00	-1.559967e+00	2.516898e+00	1.517496e+00	-2.297736e+00
6.245818e+02	-8.648685e-01	-1.145671e+00	-1.540324e+00	2.496021e+00	1.502263e+00	-2.303753e+00
5.784656e+02	-8.857042e-01	-1.121992e+00	-1.519698e+00	2.483406e+00	1.491359e+00	-2.302293e+00
5.303303e+02	-9.114999e-01	-1.096044e+00	-1.495961e+00	2.472146e+00	1.478480e+00	-2.305707e+00
4.924431e+02	-9.272098e-01	-1.074920e+00	-1.478069e+00	2.458962e+00	1.468952e+00	-2.299833e+00
