# A1 mu1 lnsig21 A2 mu2 lnsig22
1.270252942416589354e-03 2.641687841584670644e-04 2.064853819989995783e-03 4.456473909489183774e-05 -1.128623231679130347e-04 2.285850840954715339e-04
2.641687841584670644e-04 2.621140183937619578e-03 5.559392449833775070e-03 2.069461579393751136e-05 -8.923278962246060809e-04 2.773377541696996768e-03
2.064853819989995783e-03 5.559392449833775070e-03 2.027575436580383514e-02 4.542889127493245386e-04 -2.552426402672198971e-03 7.786478583645666841e-03
4.456473909489183774e-05 2.069461579393751136e-05 4.542889127493245386e-04 3.205554127140109420e-03 7.409241582900144877e-06 -2.069725716246299807e-03
-1.128623231679130347e-04 -8.923278962246060809e-04 -2.552426402672198971e-03 7.409241582900144877e-06 7.392570235714146770e-04 -1.011795861185071400e-03
2.285850840954715339e-04 2.773377541696996768e-03 7.786478583645666841e-03 -2.069725716246299807e-03 -1.011795861185071400e-03 7.630266559705725475e-03
