# A1 mu1 lnsig21 A2 mu2 lnsig22
1.412754650383219075e-03 6.767733968552324937e-05 2.271730838128148931e-03 1.326308763238965411e-04 -6.261512874944675524e-05 9.835434351403186330e-05
6.767733968552324937e-05 1.999967046234957767e-03 3.661850170568596054e-03 -1.711249802580041190e-04 -4.815298393751464459e-04 2.382771578782104816e-03
2.271730838128148931e-03 3.661850170568596054e-03 1.641436563789950079e-02 -8.578773025494337205e-05 -1.401224787390367276e-03 6.395236021264966673e-03
1.326308763238965411e-04 -1.711249802580041190e-04 -8.578773025494337205e-05 3.819866281526234069e-03 7.645007080084679498e-06 -2.607195059167856464e-03
-6.261512874944675524e-05 -4.815298393751464459e-04 -1.401224787390367276e-03 7.645007080084679498e-06 4.783543270188833347e-04 -4.780185581385797090e-04
9.835434351403186330e-05 2.382771578782104816e-03 6.395236021264966673e-03 -2.607195059167856464e-03 -4.780185581385797090e-04 8.288250150303927768e-03
