# A1 mu1 lnsig21 A2 mu2 lnsig22
1.276182704501108113e-03 1.255171583401903902e-04 2.034418394964294420e-03 1.759949834787442804e-04 -9.803988740409565552e-05 2.895359204021414365e-04
1.255171583401903902e-04 1.811871835171111143e-03 3.298370738238498665e-03 -5.718617426467115206e-05 -4.397014586367247596e-04 2.096709012015977609e-03
2.034418394964294420e-03 3.298370738238498665e-03 1.436913559664189030e-02 6.320693260606250288e-05 -1.229806319581959158e-03 5.963848690847088629e-03
1.759949834787442804e-04 -5.718617426467115206e-05 6.320693260606250288e-05 3.554608800681365293e-03 -9.062337533874372764e-06 -2.310824497141248692e-03
-9.803988740409565552e-05 -4.397014586367247596e-04 -1.229806319581959158e-03 -9.062337533874372764e-06 4.559947155913628429e-04 -4.572196645856592650e-04
2.895359204021414365e-04 2.096709012015977609e-03 5.963848690847088629e-03 -2.310824497141248692e-03 -4.572196645856592650e-04 7.588691791571597171e-03
