# A1 mu1 lnsig21 A2 mu2 lnsig22
1.344531899306756172e-03 2.219146173942530484e-04 2.605309125018313507e-03 3.446962239845359098e-04 -1.275127908309114531e-04 1.787512339801586769e-04
2.219146173942530484e-04 1.673258838519824055e-03 2.767733144245932558e-03 4.227971195657824976e-04 -3.458154292938414912e-04 1.268697726346257283e-03
2.605309125018313507e-03 2.767733144245932558e-03 1.477895601547323488e-02 1.458265182438169211e-03 -1.080354332831620070e-03 3.715131436696735619e-03
3.446962239845359098e-04 4.227971195657824976e-04 1.458265182438169211e-03 3.685186446724812107e-03 2.457353616326928307e-05 -1.715601530024783803e-03
-1.275127908309114531e-04 -3.458154292938414912e-04 -1.080354332831620070e-03 2.457353616326928307e-05 4.342474393132448175e-04 -2.249536875990074483e-04
1.787512339801586769e-04 1.268697726346257283e-03 3.715131436696735619e-03 -1.715601530024783803e-03 -2.249536875990074483e-04 5.777363978975278216e-03
