# loss | a0 ... a2
7.235981e+02	-1.961220e+00	-4.803972e-01	-2.207097e+00
7.145734e+02	-1.989618e+00	-5.087952e-01	-2.178699e+00
7.071159e+02	-1.962889e+00	-4.946329e-01	-2.163500e+00
7.105947e+02	-1.940035e+00	-4.751057e-01	-2.163024e+00
7.017246e+02	-1.912361e+00	-4.632059e-01	-2.146780e+00
7.025148e+02	-1.884427e+00	-4.443837e-01	-2.140804e+00
6.899145e+02	-1.861244e+00	-4.395589e-01	-2.125464e+00
6.828122e+02	-1.840967e+00	-4.325944e-01	-2.115090e+00
6.684705e+02	-1.818907e+00	-4.302642e-01	-2.099576e+00
