# loss | a0 ... a2
3.205589e+02	-1.553730e+00	-9.547234e-01	-1.511181e+00
2.669797e+02	-1.525332e+00	-9.263254e-01	-1.539579e+00
2.202301e+02	-1.495222e+00	-8.947239e-01	-1.570907e+00
1.986932e+02	-1.478704e+00	-8.753283e-01	-1.572662e+00
1.739727e+02	-1.453819e+00	-8.521676e-01	-1.588629e+00
1.586882e+02	-1.432687e+00	-8.401066e-01	-1.589694e+00
1.454206e+02	-1.413412e+00	-8.241922e-01	-1.591825e+00
1.356810e+02	-1.395998e+00	-8.195135e-01	-1.578462e+00
1.266974e+02	-1.379662e+00	-8.083618e-01	-1.573934e+00
