# loss | a0 ... a2
4.115176e+02	-5.576454e-01	2.553191e-03	8.743841e-02
3.797793e+02	-5.860434e-01	-2.584484e-02	1.158364e-01
3.445814e+02	-6.217947e-01	-6.161266e-02	1.435979e-01
3.170249e+02	-6.534759e-01	-9.331243e-02	1.714547e-01
2.951431e+02	-6.801032e-01	-1.240519e-01	1.930692e-01
2.779850e+02	-7.025998e-01	-1.526736e-01	2.126959e-01
2.636584e+02	-7.262864e-01	-1.813099e-01	2.302360e-01
2.525118e+02	-7.498085e-01	-2.093374e-01	2.439620e-01
2.441832e+02	-7.671754e-01	-2.348290e-01	2.548217e-01
