# loss | a0 ... a2
2.421160e+02	-1.059461e+00	-7.304965e-01	-2.167330e+00
2.199960e+02	-1.087859e+00	-7.588945e-01	-2.138932e+00
2.026839e+02	-1.110552e+00	-7.876285e-01	-2.113230e+00
1.919078e+02	-1.130912e+00	-7.992238e-01	-2.089384e+00
1.822221e+02	-1.149401e+00	-8.202952e-01	-2.068227e+00
1.759320e+02	-1.156311e+00	-8.372240e-01	-2.049330e+00
1.698308e+02	-1.176875e+00	-8.427712e-01	-2.027701e+00
1.657619e+02	-1.195695e+00	-8.703309e-01	-2.004194e+00
1.605707e+02	-1.192320e+00	-8.533575e-01	-1.988421e+00
