# loss | a0 ... a2
3.433821e+02	-9.160851e-01	-1.256567e+00	1.510650e-01
3.261547e+02	-8.876871e-01	-1.284965e+00	1.226670e-01
2.860317e+02	-8.590610e-01	-1.256628e+00	9.374080e-02
2.514715e+02	-8.317099e-01	-1.228787e+00	6.480251e-02
2.447222e+02	-8.268171e-01	-1.221510e+00	6.007298e-02
2.435500e+02	-8.267692e-01	-1.220070e+00	5.463172e-02
2.211889e+02	-8.078432e-01	-1.197232e+00	3.475922e-02
2.028015e+02	-7.911725e-01	-1.176037e+00	1.608988e-02
1.940701e+02	-7.839394e-01	-1.164766e+00	2.695212e-03
