# loss | a0 ... a2
5.631373e+02	-1.780113e+00	-5.537021e-01	-2.489440e+00
5.304291e+02	-1.751715e+00	-5.821002e-01	-2.517838e+00
4.879668e+02	-1.714498e+00	-6.119539e-01	-2.502217e+00
4.541869e+02	-1.689190e+00	-6.404848e-01	-2.483764e+00
4.216888e+02	-1.658601e+00	-6.680779e-01	-2.466013e+00
3.980794e+02	-1.634195e+00	-6.902238e-01	-2.453161e+00
3.720966e+02	-1.606136e+00	-7.162235e-01	-2.433650e+00
3.490372e+02	-1.578258e+00	-7.412088e-01	-2.413433e+00
3.295812e+02	-1.552326e+00	-7.635952e-01	-2.392268e+00
