# loss | a0 ... a2
7.059828e+02	-2.066865e+00	-6.270071e-01	-1.869080e+00
6.646185e+02	-2.038467e+00	-6.554051e-01	-1.840682e+00
6.188037e+02	-2.003216e+00	-6.651640e-01	-1.862021e+00
5.799658e+02	-1.972804e+00	-6.783227e-01	-1.881400e+00
5.417701e+02	-1.941567e+00	-6.953576e-01	-1.901018e+00
5.086441e+02	-1.913772e+00	-7.192755e-01	-1.918496e+00
4.808439e+02	-1.885230e+00	-7.233815e-01	-1.936338e+00
4.578207e+02	-1.859345e+00	-7.237811e-01	-1.943486e+00
4.352522e+02	-1.833717e+00	-7.291775e-01	-1.956735e+00
