# loss | a0 ... a2
2.193324e+02	-8.293050e-01	-1.174638e+00	7.905119e-03
1.903022e+02	-8.009069e-01	-1.146240e+00	-2.049292e-02
1.667086e+02	-7.723102e-01	-1.117880e+00	-4.521776e-02
1.477083e+02	-7.414387e-01	-1.089804e+00	-7.681846e-02
1.439090e+02	-7.467990e-01	-1.078015e+00	-7.625348e-02
1.327283e+02	-7.391059e-01	-1.053506e+00	-9.775074e-02
1.297158e+02	-7.383427e-01	-1.045355e+00	-9.977559e-02
1.234677e+02	-7.331884e-01	-1.028153e+00	-1.048400e-01
1.180596e+02	-7.329840e-01	-1.015549e+00	-1.215924e-01
