# loss | a0 ... a2
7.699692e+02	-2.078184e+00	-9.935319e-01	-2.541137e+00
7.763206e+02	-2.049786e+00	-1.021930e+00	-2.569535e+00
7.807130e+02	-2.016891e+00	-1.046877e+00	-2.544482e+00
7.917859e+02	-1.986769e+00	-1.072876e+00	-2.528548e+00
7.989265e+02	-1.966397e+00	-1.088522e+00	-2.503487e+00
8.147482e+02	-1.943417e+00	-1.110708e+00	-2.493824e+00
8.171874e+02	-1.928227e+00	-1.119749e+00	-2.475266e+00
8.164883e+02	-1.917751e+00	-1.124415e+00	-2.459205e+00
8.202573e+02	-1.903538e+00	-1.133499e+00	-2.443486e+00
