# loss | a0 ... a2
1.785761e+02	-9.123121e-01	-4.890213e-01	1.033451e-01
1.516321e+02	-8.839140e-01	-5.174193e-01	7.494703e-02
1.409451e+02	-8.716269e-01	-5.313280e-01	6.211245e-02
1.278494e+02	-8.558974e-01	-5.536389e-01	4.615605e-02
1.175544e+02	-8.400951e-01	-5.659428e-01	2.796893e-02
1.093146e+02	-8.283291e-01	-5.764388e-01	7.624247e-03
1.015738e+02	-8.140467e-01	-5.948837e-01	-6.102899e-03
9.470415e+01	-7.967317e-01	-6.103846e-01	-2.318883e-02
9.048933e+01	-7.919730e-01	-6.251242e-01	-3.574635e-02
