# loss | a0 ... a2
2.668669e+02	-6.519716e-01	-1.407489e+00	1.789017e-01
2.555757e+02	-6.235736e-01	-1.379091e+00	2.072997e-01
2.501370e+02	-5.941696e-01	-1.352809e+00	2.238785e-01
2.375958e+02	-6.211638e-01	-1.328716e+00	2.497116e-01
2.320348e+02	-6.101071e-01	-1.306481e+00	2.521376e-01
2.256998e+02	-6.024802e-01	-1.280771e+00	2.544975e-01
2.207132e+02	-6.059742e-01	-1.265720e+00	2.612765e-01
2.183113e+02	-5.982324e-01	-1.251458e+00	2.515911e-01
2.108112e+02	-6.098992e-01	-1.232388e+00	2.610828e-01
