# loss | a0 ... a2
5.220069e+02	-9.462695e-01	-4.459007e-01	-2.473533e+00
4.885482e+02	-9.746675e-01	-4.742987e-01	-2.445135e+00
4.714122e+02	-9.935121e-01	-4.862448e-01	-2.425918e+00
4.575584e+02	-1.014805e+00	-4.942728e-01	-2.409185e+00
4.325521e+02	-1.036893e+00	-5.147973e-01	-2.385273e+00
4.058389e+02	-1.062355e+00	-5.373984e-01	-2.361096e+00
3.859881e+02	-1.080090e+00	-5.537484e-01	-2.340062e+00
3.640027e+02	-1.101877e+00	-5.725368e-01	-2.317730e+00
3.461197e+02	-1.118204e+00	-5.879187e-01	-2.297627e+00
