# loss | a0 ... a2
6.162694e+02	-9.047660e-01	-2.346099e-01	-2.071890e+00
5.802898e+02	-9.331640e-01	-2.630080e-01	-2.043492e+00
5.498681e+02	-9.642401e-01	-2.862001e-01	-2.020358e+00
5.171289e+02	-9.927538e-01	-3.113747e-01	-1.996053e+00
4.853413e+02	-1.000664e+00	-3.363428e-01	-1.970610e+00
4.532008e+02	-1.011042e+00	-3.613816e-01	-1.944814e+00
4.230765e+02	-1.022952e+00	-3.848919e-01	-1.921172e+00
3.892550e+02	-1.039364e+00	-4.113525e-01	-1.894882e+00
3.640846e+02	-1.052743e+00	-4.308148e-01	-1.873759e+00
