# loss | a0 ... a2
5.756544e+02	-5.236879e-01	-1.916312e+00	-1.988814e-01
5.501088e+02	-5.520860e-01	-1.887914e+00	-1.704834e-01
5.266083e+02	-5.750618e-01	-1.860472e+00	-1.397227e-01
5.044786e+02	-6.011620e-01	-1.832429e+00	-1.102699e-01
4.866654e+02	-6.204106e-01	-1.808505e+00	-8.383924e-02
4.704308e+02	-6.413592e-01	-1.784436e+00	-5.842382e-02
4.554618e+02	-6.603417e-01	-1.760653e+00	-3.268399e-02
4.417210e+02	-6.813243e-01	-1.735621e+00	-6.699993e-03
4.309181e+02	-6.990090e-01	-1.713927e+00	1.682551e-02
