# loss | a0 ... a2
6.203238e+02	-1.934809e+00	-5.580142e-01	-2.159377e+00
5.720897e+02	-1.906410e+00	-5.864122e-01	-2.130979e+00
5.154353e+02	-1.869468e+00	-6.243856e-01	-2.121756e+00
4.730167e+02	-1.837752e+00	-6.572212e-01	-2.127635e+00
4.373559e+02	-1.811839e+00	-6.928973e-01	-2.119152e+00
4.110798e+02	-1.788854e+00	-7.218264e-01	-2.110658e+00
3.869506e+02	-1.763872e+00	-7.530636e-01	-2.102061e+00
3.687221e+02	-1.740086e+00	-7.695749e-01	-2.093603e+00
3.519136e+02	-1.716183e+00	-7.900494e-01	-2.084835e+00
