# loss | a0 ... a2
3.426968e+02	-1.546184e+00	-9.762837e-01	-2.223004e+00
3.156972e+02	-1.517786e+00	-9.478857e-01	-2.251402e+00
2.828770e+02	-1.483884e+00	-9.167508e-01	-2.224396e+00
2.588104e+02	-1.453114e+00	-8.899061e-01	-2.200355e+00
2.426649e+02	-1.434323e+00	-8.643400e-01	-2.175841e+00
2.320265e+02	-1.422987e+00	-8.485842e-01	-2.149778e+00
2.222482e+02	-1.407434e+00	-8.292942e-01	-2.128529e+00
2.149570e+02	-1.397725e+00	-8.201591e-01	-2.106093e+00
2.079521e+02	-1.385979e+00	-8.074585e-01	-2.084607e+00
