# loss | a0 ... a2
4.353349e+02	-1.451858e+00	-4.674610e-01	-2.103704e+00
3.914033e+02	-1.423460e+00	-4.958590e-01	-2.075306e+00
3.465418e+02	-1.394473e+00	-5.275409e-01	-2.045233e+00
3.147900e+02	-1.392797e+00	-5.552530e-01	-2.015747e+00
2.867404e+02	-1.369191e+00	-5.777534e-01	-1.998164e+00
2.635603e+02	-1.362307e+00	-5.994205e-01	-1.975832e+00
2.412039e+02	-1.342439e+00	-6.200876e-01	-1.959132e+00
2.274722e+02	-1.328543e+00	-6.340484e-01	-1.949925e+00
2.073576e+02	-1.313016e+00	-6.554245e-01	-1.929404e+00
