# loss | a0 ... a2
4.469138e+02	-1.814071e+00	-8.684823e-01	-1.900894e+00
4.088121e+02	-1.785673e+00	-8.400842e-01	-1.872496e+00
3.744460e+02	-1.757614e+00	-8.067255e-01	-1.876642e+00
3.485969e+02	-1.729747e+00	-7.769764e-01	-1.863879e+00
3.314780e+02	-1.705897e+00	-7.507309e-01	-1.862899e+00
3.205188e+02	-1.688830e+00	-7.398091e-01	-1.857674e+00
3.090558e+02	-1.667116e+00	-7.206603e-01	-1.848492e+00
3.001502e+02	-1.643588e+00	-6.998989e-01	-1.849979e+00
2.916173e+02	-1.626476e+00	-6.913224e-01	-1.836829e+00
