# loss | a0 ... a15
6.460239e+02	7.156800e-01	2.442000e-01	4.190000e-02	6.553600e-01	9.603200e-01	-8.760000e-01	6.365000e-02	2.490000e-02	2.800000e-02	-1.385000e-02	2.294000e-02	-2.982000e-02	6.444000e-03	-3.720000e-03	1.818400e+00	5.208000e-01
1.561639e+03	7.926600e-01	3.211800e-01	1.188800e-01	7.323400e-01	1.037300e+00	-9.529800e-01	1.406300e-01	1.018800e-01	1.049800e-01	6.313004e-02	9.992004e-02	4.716004e-02	8.342404e-02	7.326004e-02	1.741420e+00	5.977800e-01
5.829737e+02	7.217038e-01	2.531137e-01	4.986117e-02	6.834007e-01	1.120811e+00	-8.874928e-01	6.687638e-02	3.097041e-02	3.302392e-02	-8.076074e-03	3.020466e-02	-2.006895e-02	1.203963e-02	3.182695e-03	1.803406e+00	5.345558e-01
7.909479e+02	6.921717e-01	2.280075e-01	2.347417e-02	6.809664e-01	1.181158e+00	-8.643052e-01	3.404337e-02	4.223764e-03	1.798254e-03	-3.839235e-02	3.144213e-03	-4.285934e-02	-1.789259e-02	-2.689038e-02	1.821116e+00	5.159545e-01
8.117189e+02	6.841090e-01	2.276811e-01	2.314930e-02	6.907022e-01	1.218235e+00	-8.674281e-01	1.928498e-02	-3.177010e-03	-9.347426e-03	-4.399017e-02	-5.978952e-03	-3.913182e-02	-2.817982e-02	-2.560325e-02	1.814347e+00	5.209736e-01
7.216386e+02	6.885781e-01	2.417396e-01	3.781285e-02	7.087926e-01	1.247474e+00	-8.846465e-01	1.500512e-02	9.643579e-04	-9.800674e-03	-3.449263e-02	-3.840869e-03	-2.407512e-02	-2.632206e-02	-7.126904e-03	1.795149e+00	5.386437e-01
6.052200e+02	6.983122e-01	2.603243e-01	5.634531e-02	7.376447e-01	1.282771e+00	-9.056071e-01	1.666866e-02	9.927326e-03	-2.005705e-03	-2.250953e-02	4.699363e-03	-4.822191e-03	-1.656233e-02	1.057762e-02	1.770532e+00	5.624911e-01
5.179814e+02	7.117973e-01	2.812389e-01	7.800579e-02	7.589966e-01	1.291681e+00	-9.293602e-01	2.050952e-02	2.384877e-02	9.508692e-03	-5.369882e-03	1.453065e-02	1.769225e-02	-2.465626e-03	3.345710e-02	1.743535e+00	5.872246e-01
5.250100e+02	7.217070e-01	2.957418e-01	9.307262e-02	7.725176e-01	1.303940e+00	-9.461472e-01	3.100301e-02	3.170991e-02	1.869751e-02	5.445831e-03	3.346569e-02	3.064926e-02	7.333344e-03	4.704129e-02	1.716397e+00	6.132772e-01
5.215451e+02	7.213870e-01	2.970500e-01	9.620808e-02	7.562448e-01	1.273583e+00	-9.508787e-01	3.529038e-02	2.755230e-02	2.319421e-02	-1.784087e-05	4.289520e-02	2.726035e-02	1.249200e-02	3.693363e-02	1.705661e+00	6.231170e-01
5.057570e+02	7.182577e-01	2.940679e-01	9.537320e-02	7.304011e-01	1.222837e+00	-9.528768e-01	3.638816e-02	1.215594e-02	2.350595e-02	-2.995148e-03	4.934548e-02	1.113279e-02	1.407796e-02	3.054634e-02	1.697695e+00	6.273065e-01
5.010149e+02	7.157481e-01	2.919787e-01	9.379406e-02	7.183065e-01	1.181951e+00	-9.556985e-01	3.040389e-02	2.890607e-03	2.401941e-02	-3.976450e-03	5.057294e-02	2.491319e-03	1.573341e-02	2.710527e-02	1.689307e+00	6.301236e-01
5.009038e+02	7.124032e-01	2.878350e-01	9.216706e-02	6.892561e-01	1.139790e+00	-9.557279e-01	2.873532e-02	-3.536990e-03	2.352829e-02	-8.497070e-03	5.189264e-02	2.175706e-04	1.543837e-02	1.677387e-02	1.681814e+00	6.318702e-01
5.002903e+02	7.126798e-01	2.881009e-01	9.367746e-02	6.760727e-01	1.103007e+00	-9.602345e-01	2.786537e-02	-4.994090e-03	2.398460e-02	-5.929666e-03	5.163011e-02	3.389726e-03	1.926903e-02	1.492647e-02	1.672273e+00	6.335915e-01
4.986376e+02	7.136916e-01	2.886987e-01	9.505766e-02	6.708446e-01	1.100017e+00	-9.637236e-01	2.535791e-02	-5.148900e-04	2.604591e-02	-6.049927e-03	5.338630e-02	1.651830e-02	1.929780e-02	1.105566e-02	1.656081e+00	6.417806e-01
4.993328e+02	7.145833e-01	2.892934e-01	9.568898e-02	6.741707e-01	1.117517e+00	-9.659142e-01	2.653938e-02	2.600029e-04	2.746223e-02	-6.295967e-03	5.872109e-02	2.225440e-02	1.944599e-02	6.675237e-03	1.641397e+00	6.495410e-01
4.993733e+02	7.150894e-01	2.895158e-01	9.626672e-02	6.711077e-01	1.110367e+00	-9.693878e-01	1.960724e-02	7.369818e-04	2.860400e-02	-3.353588e-03	5.522849e-02	3.187287e-02	2.003660e-02	6.631163e-03	1.628600e+00	6.529334e-01
5.010204e+02	7.142383e-01	2.890453e-01	9.481043e-02	6.794474e-01	1.110688e+00	-9.711068e-01	1.629993e-02	4.803080e-03	2.428333e-02	-9.424002e-04	5.491761e-02	4.266705e-02	1.550604e-02	8.440288e-03	1.617453e+00	6.568212e-01
4.971924e+02	7.127910e-01	2.868746e-01	9.364832e-02	6.674219e-01	1.099653e+00	-9.723154e-01	9.062486e-03	-1.117572e-02	2.702122e-02	1.553454e-03	5.106858e-02	3.406686e-02	1.928610e-02	7.095312e-03	1.610417e+00	6.550150e-01
4.970475e+02	7.112772e-01	2.861916e-01	9.103774e-02	6.827734e-01	1.115553e+00	-9.732877e-01	7.616863e-03	-2.170526e-02	3.155071e-02	-2.361536e-03	5.224432e-02	2.799426e-02	2.578897e-02	-4.682042e-03	1.601979e+00	6.561322e-01
4.957338e+02	7.131562e-01	2.872561e-01	9.350623e-02	6.729389e-01	1.104880e+00	-9.777160e-01	4.017726e-03	-2.927980e-02	3.254254e-02	6.236754e-03	5.189714e-02	2.701182e-02	2.693576e-02	2.113895e-03	1.590410e+00	6.586987e-01
5.015518e+02	7.163870e-01	2.896763e-01	9.756222e-02	6.641256e-01	1.105365e+00	-9.831370e-01	9.140586e-03	-1.913307e-02	2.645572e-02	1.655821e-02	5.791523e-02	4.660942e-02	2.171393e-02	1.014654e-02	1.571398e+00	6.676835e-01
4.952845e+02	7.120017e-01	2.850613e-01	9.316518e-02	6.553162e-01	1.095289e+00	-9.812997e-01	7.224523e-04	-3.931613e-02	2.765573e-02	1.519328e-02	5.335148e-02	3.397944e-02	2.338217e-02	4.448388e-03	1.568875e+00	6.641861e-01
4.973986e+02	7.122233e-01	2.837641e-01	9.536596e-02	6.226920e-01	1.060565e+00	-9.840525e-01	-6.541251e-03	-4.074306e-02	2.541848e-02	2.262168e-02	4.852242e-02	4.113093e-02	2.171772e-02	1.045153e-02	1.562078e+00	6.638860e-01
4.951005e+02	7.101806e-01	2.830292e-01	9.121644e-02	6.537163e-01	1.096471e+00	-9.835477e-01	-6.839225e-03	-5.250927e-02	2.946446e-02	1.707479e-02	5.158630e-02	3.571433e-02	2.557174e-02	-3.313968e-03	1.551656e+00	6.669312e-01
4.953122e+02	7.102167e-01	2.835285e-01	9.002644e-02	6.733398e-01	1.131208e+00	-9.837021e-01	-3.235010e-03	-5.758755e-02	3.223076e-02	1.405639e-02	5.646160e-02	3.420104e-02	2.813409e-02	-1.229067e-02	1.542202e+00	6.708667e-01
4.955637e+02	7.131767e-01	2.869975e-01	9.263694e-02	6.846666e-01	1.136985e+00	-9.894050e-01	-3.266260e-03	-5.760327e-02	3.545549e-02	1.888510e-02	5.962317e-02	4.023526e-02	3.072271e-02	-1.014348e-02	1.527803e+00	6.769861e-01
4.971915e+02	7.151360e-01	2.887424e-01	9.500753e-02	6.818184e-01	1.124191e+00	-9.942457e-01	-1.009152e-02	-5.838238e-02	3.684152e-02	2.587879e-02	5.654233e-02	4.635876e-02	3.017195e-02	-1.722009e-03	1.518149e+00	6.793205e-01
4.938096e+02	7.115065e-01	2.849747e-01	9.158547e-02	6.743969e-01	1.119020e+00	-9.929370e-01	-1.128570e-02	-6.466330e-02	3.347206e-02	2.393582e-02	5.751539e-02	4.401552e-02	2.815686e-02	-7.298978e-03	1.512565e+00	6.794444e-01
4.950012e+02	7.090532e-01	2.823820e-01	9.059814e-02	6.569856e-01	1.100718e+00	-9.927437e-01	-1.440307e-02	-5.666632e-02	3.453110e-02	1.707301e-02	5.677618e-02	5.010984e-02	2.924294e-02	-1.645921e-02	1.511123e+00	6.800910e-01
4.940036e+02	7.095185e-01	2.826704e-01	9.079147e-02	6.590967e-01	1.103514e+00	-9.953241e-01	-1.361981e-02	-6.515614e-02	3.244064e-02	2.357317e-02	5.933444e-02	4.818128e-02	2.799329e-02	-1.037810e-02	1.500800e+00	6.823393e-01
4.955163e+02	7.098669e-01	2.826861e-01	9.087417e-02	6.596953e-01	1.112574e+00	-9.967763e-01	-6.113245e-03	-6.676599e-02	2.517633e-02	3.039340e-02	6.845893e-02	4.867527e-02	2.126140e-02	-1.891294e-03	1.488949e+00	6.882942e-01
4.944920e+02	7.118507e-01	2.846497e-01	9.292394e-02	6.619338e-01	1.112085e+00	-1.000959e+00	-1.303820e-02	-7.172805e-02	3.069120e-02	3.428009e-02	6.299502e-02	5.009468e-02	2.700532e-02	-4.564580e-04	1.482283e+00	6.876694e-01
4.948605e+02	7.074444e-01	2.788360e-01	8.920192e-02	6.397209e-01	1.096905e+00	-9.987608e-01	-3.040209e-02	-8.149388e-02	2.594087e-02	3.807185e-02	4.924741e-02	4.799731e-02	2.461067e-02	-3.864058e-05	1.481452e+00	6.804317e-01
4.930142e+02	7.114469e-01	2.836074e-01	9.291918e-02	6.546196e-01	1.111134e+00	-1.004527e+00	-2.547913e-02	-7.882386e-02	3.405098e-02	3.740162e-02	5.418881e-02	5.351205e-02	3.126644e-02	-3.940989e-03	1.468598e+00	6.875600e-01
4.928788e+02	7.104471e-01	2.828477e-01	9.132756e-02	6.636145e-01	1.128406e+00	-1.004571e+00	-3.308054e-02	-7.890499e-02	3.754265e-02	3.344706e-02	4.981127e-02	5.855766e-02	3.475805e-02	-1.432840e-02	1.462182e+00	6.880911e-01
4.941617e+02	7.116530e-01	2.842836e-01	9.296760e-02	6.633966e-01	1.128144e+00	-1.007838e+00	-2.274453e-02	-8.092861e-02	3.901384e-02	3.352875e-02	5.980869e-02	5.801106e-02	3.549586e-02	-1.507646e-02	1.450197e+00	6.951951e-01
5.002640e+02	7.142230e-01	2.859803e-01	9.786040e-02	6.381268e-01	1.094450e+00	-1.012600e+00	-1.311427e-02	-9.090638e-02	4.735162e-02	3.386542e-02	6.907008e-02	4.731900e-02	4.189326e-02	-1.260477e-02	1.444284e+00	7.001700e-01
4.952620e+02	7.058937e-01	2.784135e-01	8.865282e-02	6.457052e-01	1.117243e+00	-1.005506e+00	-1.933329e-02	-9.135238e-02	3.434021e-02	2.923652e-02	6.410071e-02	5.246777e-02	2.853539e-02	-1.980509e-02	1.442106e+00	6.973543e-01
4.950868e+02	7.064427e-01	2.793037e-01	8.921126e-02	6.505561e-01	1.126507e+00	-1.007739e+00	-1.792479e-02	-8.390404e-02	2.639857e-02	3.633469e-02	6.626312e-02	6.280959e-02	2.006697e-02	-1.042515e-02	1.431957e+00	7.001814e-01
4.939259e+02	7.072509e-01	2.806016e-01	8.978603e-02	6.587478e-01	1.138321e+00	-1.010080e+00	-2.395420e-02	-8.421206e-02	2.905091e-02	3.806824e-02	6.139409e-02	6.641050e-02	2.232298e-02	-9.100739e-03	1.427362e+00	6.997333e-01
4.936406e+02	7.070601e-01	2.784940e-01	9.211261e-02	6.215365e-01	1.097337e+00	-1.012961e+00	-3.763548e-02	-9.535898e-02	3.057525e-02	4.640928e-02	5.207503e-02	5.952106e-02	2.434596e-02	9.085109e-04	1.425974e+00	6.968211e-01
4.942508e+02	7.108502e-01	2.836406e-01	9.461984e-02	6.493816e-01	1.125013e+00	-1.017736e+00	-3.225160e-02	-9.164852e-02	3.770671e-02	4.503946e-02	5.633216e-02	6.568799e-02	3.033630e-02	-3.761805e-03	1.415115e+00	7.015884e-01
5.039050e+02	7.135615e-01	2.882752e-01	9.516591e-02	6.836381e-01	1.163470e+00	-1.020223e+00	-1.618551e-02	-8.925219e-02	3.657758e-02	4.666048e-02	6.669302e-02	6.760896e-02	2.876613e-02	9.638557e-04	1.409460e+00	7.062669e-01
4.956212e+02	7.034349e-01	2.772639e-01	8.601265e-02	6.634401e-01	1.146221e+00	-1.012749e+00	-2.818290e-02	-1.054634e-01	3.629966e-02	3.235487e-02	5.768298e-02	5.711820e-02	2.939160e-02	-2.065490e-02	1.413746e+00	6.997685e-01
4.931199e+02	7.050280e-01	2.787446e-01	8.860493e-02	6.569001e-01	1.135025e+00	-1.016663e+00	-3.865431e-02	-9.755413e-02	3.968600e-02	3.440997e-02	5.062564e-02	6.325703e-02	3.308454e-02	-1.785923e-02	1.410625e+00	6.992447e-01
4.922699e+02	7.061664e-01	2.795222e-01	9.112949e-02	6.467109e-01	1.123718e+00	-1.020500e+00	-3.370089e-02	-1.032349e-01	4.267521e-02	3.583847e-02	5.556694e-02	6.146240e-02	3.560020e-02	-1.713738e-02	1.400406e+00	7.035104e-01
4.934858e+02	7.047555e-01	2.774878e-01	9.045718e-02	6.341635e-01	1.113447e+00	-1.020925e+00	-3.800862e-02	-1.090401e-01	4.579932e-02	3.355815e-02	5.200829e-02	6.202241e-02	3.750837e-02	-2.216521e-02	1.396668e+00	7.024862e-01
4.963713e+02	7.106309e-01	2.835446e-01	9.695179e-02	6.391804e-01	1.117348e+00	-1.028860e+00	-2.606498e-02	-1.036003e-01	4.596610e-02	4.278523e-02	6.359465e-02	6.694174e-02	3.769473e-02	-9.399928e-03	1.379863e+00	7.119114e-01
5.108897e+02	7.148747e-01	2.876642e-01	1.019671e-01	6.384250e-01	1.109252e+00	-1.035224e+00	-2.086185e-02	-1.034170e-01	4.617390e-02	5.208183e-02	7.061513e-02	6.762802e-02	3.754689e-02	3.321322e-03	1.367763e+00	7.180990e-01
5.000436e+02	6.989967e-01	2.726469e-01	8.691540e-02	6.259795e-01	1.119082e+00	-1.021020e+00	-2.983260e-02	-1.162081e-01	3.228594e-02	3.560821e-02	6.194292e-02	5.873341e-02	2.572798e-02	-1.833467e-02	1.378828e+00	7.087862e-01
4.994719e+02	6.985342e-01	2.731597e-01	8.724201e-02	6.304208e-01	1.132607e+00	-1.022302e+00	-3.252590e-02	-1.199364e-01	3.406861e-02	3.463903e-02	5.809315e-02	5.727663e-02	2.912637e-02	-2.143455e-02	1.378795e+00	7.060064e-01
4.926602e+02	7.051268e-01	2.806671e-01	9.444942e-02	6.395399e-01	1.141304e+00	-1.031139e+00	-2.945634e-02	-1.058537e-01	3.736690e-02	4.180818e-02	6.153675e-02	7.095410e-02	3.126005e-02	-1.204885e-02	1.365072e+00	7.121304e-01
5.174133e+02	7.118401e-01	2.876223e-01	1.028915e-01	6.336767e-01	1.136130e+00	-1.040319e+00	-1.497477e-02	-7.899043e-02	3.734559e-02	4.634138e-02	7.549569e-02	9.233178e-02	2.783529e-02	-3.256399e-03	1.346200e+00	7.239528e-01
4.980801e+02	6.971841e-01	2.733898e-01	8.913767e-02	6.184663e-01	1.137109e+00	-1.027750e+00	-3.733158e-02	-1.163747e-01	3.346903e-02	3.538293e-02	5.574467e-02	6.337798e-02	2.703914e-02	-1.685145e-02	1.363071e+00	7.098754e-01
4.967579e+02	6.980131e-01	2.754705e-01	9.073216e-02	6.264933e-01	1.149886e+00	-1.030693e+00	-3.705230e-02	-1.298741e-01	4.377152e-02	3.177387e-02	5.687223e-02	5.116516e-02	3.687975e-02	-2.170936e-02	1.359125e+00	7.123684e-01
4.919573e+02	7.030516e-01	2.809521e-01	9.624750e-02	6.318293e-01	1.153850e+00	-1.037888e+00	-4.147394e-02	-1.251980e-01	4.529302e-02	4.256963e-02	5.299480e-02	5.883145e-02	3.867052e-02	-7.628169e-03	1.349509e+00	7.141874e-01
4.995313e+02	7.072950e-01	2.849493e-01	1.017300e-01	6.224146e-01	1.144172e+00	-1.044054e+00	-4.996424e-02	-1.234260e-01	5.703283e-02	4.441332e-02	4.577904e-02	6.169890e-02	4.884874e-02	-2.942144e-03	1.347698e+00	7.125743e-01
4.921293e+02	6.993060e-01	2.779269e-01	9.416642e-02	6.225174e-01	1.156140e+00	-1.038126e+00	-4.154144e-02	-1.167271e-01	3.696490e-02	4.157862e-02	5.398418e-02	6.981122e-02	2.745088e-02	-7.348888e-03	1.337126e+00	7.172680e-01
4.964295e+02	7.045471e-01	2.812961e-01	1.035219e-01	5.814201e-01	1.112233e+00	-1.047537e+00	-3.620000e-02	-1.251287e-01	4.620363e-02	4.912959e-02	6.228493e-02	6.638340e-02	3.149275e-02	5.491466e-04	1.319546e+00	7.269947e-01
4.974345e+02	6.951471e-01	2.752977e-01	9.216834e-02	6.206482e-01	1.162205e+00	-1.038059e+00	-3.298471e-02	-1.126206e-01	2.877990e-02	3.826175e-02	6.388623e-02	7.837903e-02	1.595151e-02	-1.650344e-02	1.317545e+00	7.251514e-01
4.999358e+02	6.946184e-01	2.748810e-01	9.288481e-02	6.202252e-01	1.170634e+00	-1.037654e+00	-3.193639e-02	-1.011441e-01	2.137049e-02	4.046662e-02	6.435685e-02	8.704953e-02	1.057601e-02	-1.686384e-02	1.312042e+00	7.255464e-01
4.985847e+02	7.010441e-01	2.832302e-01	9.853500e-02	6.465168e-01	1.191284e+00	-1.045505e+00	-2.894655e-02	-1.021813e-01	3.120488e-02	4.550069e-02	6.637928e-02	8.735938e-02	2.149200e-02	-1.162588e-02	1.304099e+00	7.274121e-01
4.922213e+02	6.993806e-01	2.807865e-01	9.834005e-02	6.353841e-01	1.184586e+00	-1.044867e+00	-3.782235e-02	-1.251232e-01	3.682196e-02	4.708837e-02	5.862244e-02	6.999400e-02	2.792817e-02	-8.799850e-03	1.309971e+00	7.215654e-01
4.920050e+02	6.991561e-01	2.813012e-01	9.857650e-02	6.356179e-01	1.178778e+00	-1.047239e+00	-3.815842e-02	-1.292111e-01	4.198919e-02	4.467323e-02	5.770796e-02	6.684329e-02	3.401609e-02	-1.189256e-02	1.308383e+00	7.205317e-01
4.925204e+02	6.984686e-01	2.796255e-01	1.014453e-01	6.042428e-01	1.137697e+00	-1.050578e+00	-3.656421e-02	-1.233661e-01	4.669637e-02	3.935238e-02	5.749173e-02	7.372473e-02	3.885700e-02	-2.074358e-02	1.303579e+00	7.201175e-01
4.918433e+02	6.969265e-01	2.790602e-01	9.891266e-02	6.178893e-01	1.152781e+00	-1.049909e+00	-3.710701e-02	-1.264473e-01	4.410202e-02	3.989619e-02	5.758025e-02	7.130827e-02	3.673534e-02	-1.827481e-02	1.302358e+00	7.195546e-01
4.946467e+02	7.007519e-01	2.815707e-01	1.031598e-01	6.139223e-01	1.151931e+00	-1.053527e+00	-4.262090e-02	-1.426732e-01	4.728189e-02	5.289073e-02	5.410422e-02	5.728169e-02	4.088900e-02	5.135007e-04	1.301769e+00	7.171064e-01
4.924667e+02	6.941849e-01	2.769253e-01	9.632860e-02	6.240331e-01	1.166926e+00	-1.048938e+00	-3.725191e-02	-1.276973e-01	3.816686e-02	4.124856e-02	5.852591e-02	7.120369e-02	3.126314e-02	-1.337615e-02	1.296225e+00	7.199964e-01
5.020550e+02	6.915893e-01	2.745458e-01	9.389508e-02	6.280531e-01	1.189996e+00	-1.045653e+00	-2.574832e-02	-1.005018e-01	2.543044e-02	3.482448e-02	7.007306e-02	9.691316e-02	1.514955e-02	-2.223066e-02	1.280631e+00	7.292625e-01
4.972309e+02	6.977016e-01	2.813965e-01	1.007392e-01	6.320259e-01	1.184083e+00	-1.054745e+00	-2.708007e-02	-1.076894e-01	3.668115e-02	4.305337e-02	6.778772e-02	8.953437e-02	2.813234e-02	-9.614968e-03	1.274643e+00	7.300327e-01
5.002047e+02	6.877217e-01	2.730052e-01	8.938853e-02	6.449267e-01	1.201377e+00	-1.046261e+00	-3.467519e-02	-1.424700e-01	2.935106e-02	4.167579e-02	5.677336e-02	6.333183e-02	2.497140e-02	-5.953640e-03	1.290148e+00	7.180897e-01
4.982931e+02	6.995324e-01	2.852923e-01	1.042071e-01	6.360958e-01	1.181882e+00	-1.061834e+00	-3.368207e-02	-1.341133e-01	4.500389e-02	5.333211e-02	5.764516e-02	6.841923e-02	4.083042e-02	6.496417e-03	1.276850e+00	7.235719e-01
5.064666e+02	7.013522e-01	2.874163e-01	1.090968e-01	6.197120e-01	1.165182e+00	-1.066857e+00	-3.290648e-02	-1.315075e-01	5.597084e-02	4.783828e-02	6.066311e-02	6.661536e-02	5.135407e-02	-2.647621e-03	1.271174e+00	7.276573e-01
5.020874e+02	6.841314e-01	2.713379e-01	9.588620e-02	5.899156e-01	1.148283e+00	-1.053934e+00	-4.085719e-02	-1.321940e-01	3.515090e-02	3.384178e-02	5.259838e-02	6.773321e-02	2.978087e-02	-1.953039e-02	1.281372e+00	7.191257e-01
5.140659e+02	6.790523e-01	2.691554e-01	9.128223e-02	6.025386e-01	1.153376e+00	-1.052942e+00	-3.945531e-02	-1.221882e-01	2.849480e-02	2.625177e-02	5.156769e-02	7.950130e-02	2.250664e-02	-2.994497e-02	1.278610e+00	7.184447e-01
5.015301e+02	6.959656e-01	2.862887e-01	1.094408e-01	6.126578e-01	1.158891e+00	-1.071511e+00	-2.933520e-02	-1.074320e-01	3.830395e-02	4.695963e-02	6.026114e-02	9.091271e-02	2.990691e-02	6.943149e-04	1.257223e+00	7.286484e-01
5.046989e+02	6.975319e-01	2.888629e-01	1.110275e-01	6.237939e-01	1.187546e+00	-1.072686e+00	-3.828922e-02	-1.191598e-01	4.323018e-02	5.071853e-02	5.114400e-02	8.310811e-02	3.403841e-02	8.911176e-03	1.261538e+00	7.247158e-01
4.975821e+02	6.828313e-01	2.749917e-01	1.011750e-01	5.919844e-01	1.161579e+00	-1.063095e+00	-3.618224e-02	-1.400540e-01	3.385165e-02	3.429948e-02	5.319486e-02	6.408376e-02	2.636298e-02	-1.104153e-02	1.268384e+00	7.203650e-01
4.961450e+02	6.839662e-01	2.771765e-01	1.042078e-01	5.915604e-01	1.154290e+00	-1.068723e+00	-2.356093e-02	-1.376282e-01	3.562484e-02	3.149040e-02	6.452829e-02	6.810508e-02	2.951103e-02	-2.067295e-02	1.250448e+00	7.282757e-01
4.935602e+02	6.896039e-01	2.827498e-01	1.102159e-01	5.956895e-01	1.155391e+00	-1.075293e+00	-2.445828e-02	-1.318794e-01	4.052957e-02	3.812037e-02	6.244134e-02	7.177792e-02	3.385604e-02	-1.047105e-02	1.246192e+00	7.290583e-01
4.969105e+02	6.899832e-01	2.861114e-01	1.085294e-01	6.304223e-01	1.182019e+00	-1.076228e+00	-1.490486e-02	-1.226185e-01	3.466547e-02	3.852010e-02	6.551402e-02	8.006280e-02	2.679502e-02	-2.172703e-03	1.247672e+00	7.290850e-01
4.915419e+02	6.855704e-01	2.809196e-01	1.060827e-01	6.142497e-01	1.172823e+00	-1.073471e+00	-3.265011e-02	-1.326860e-01	3.692533e-02	3.584401e-02	5.069144e-02	7.234932e-02	3.085574e-02	-7.329768e-03	1.254303e+00	7.211557e-01
4.939852e+02	6.846155e-01	2.801647e-01	1.058960e-01	6.081492e-01	1.162587e+00	-1.075622e+00	-5.493482e-02	-1.178588e-01	3.943713e-02	3.496600e-02	3.226596e-02	8.804710e-02	3.619004e-02	-1.372735e-02	1.255155e+00	7.147661e-01
4.912405e+02	6.864113e-01	2.815180e-01	1.080005e-01	6.092455e-01	1.169508e+00	-1.077838e+00	-4.232568e-02	-1.342823e-01	4.238403e-02	3.831584e-02	4.905154e-02	7.167812e-02	3.866759e-02	-8.385031e-03	1.242644e+00	7.232887e-01
5.011023e+02	6.898693e-01	2.827221e-01	1.141712e-01	5.852449e-01	1.158970e+00	-1.081373e+00	-1.989599e-02	-1.554960e-01	5.211644e-02	3.808768e-02	7.220235e-02	5.048103e-02	4.591480e-02	-7.294471e-03	1.227582e+00	7.352212e-01
4.940296e+02	6.824606e-01	2.779782e-01	1.053638e-01	6.113579e-01	1.191469e+00	-1.074764e+00	-2.985072e-02	-1.418035e-01	3.659079e-02	3.481974e-02	6.358984e-02	6.421331e-02	3.000905e-02	-1.060698e-02	1.226599e+00	7.339316e-01
4.943191e+02	6.843149e-01	2.797939e-01	1.096594e-01	6.034580e-01	1.181240e+00	-1.078793e+00	-2.108304e-02	-1.285694e-01	3.662337e-02	3.427876e-02	6.777940e-02	7.713155e-02	2.748031e-02	-9.792415e-03	1.219160e+00	7.367425e-01
4.931550e+02	6.842260e-01	2.811713e-01	1.072867e-01	6.275003e-01	1.206238e+00	-1.078687e+00	-3.864323e-02	-1.200349e-01	3.340403e-02	3.942150e-02	5.277202e-02	8.526449e-02	2.553445e-02	-4.253529e-03	1.220385e+00	7.326950e-01
4.957288e+02	6.828806e-01	2.829371e-01	1.015370e-01	6.717256e-01	1.255448e+00	-1.076426e+00	-3.569463e-02	-1.302119e-01	3.614222e-02	3.384584e-02	5.507590e-02	8.115024e-02	2.679336e-02	-1.235355e-02	1.212583e+00	7.357570e-01
4.927783e+02	6.839270e-01	2.825669e-01	1.051326e-01	6.520862e-01	1.227267e+00	-1.080034e+00	-4.553752e-02	-1.297066e-01	3.674899e-02	4.163541e-02	4.626671e-02	7.989066e-02	2.876169e-02	-1.316663e-03	1.215811e+00	7.315387e-01
4.948420e+02	6.863495e-01	2.860432e-01	1.081054e-01	6.566961e-01	1.211377e+00	-1.085843e+00	-3.681888e-02	-1.313063e-01	3.763431e-02	4.724319e-02	5.168818e-02	7.308322e-02	3.168529e-02	1.010990e-02	1.213585e+00	7.332047e-01
4.919821e+02	6.802529e-01	2.780773e-01	1.063194e-01	6.203199e-01	1.179535e+00	-1.082681e+00	-4.284892e-02	-1.373842e-01	3.804182e-02	3.948591e-02	4.737750e-02	6.864943e-02	3.235298e-02	-2.719733e-03	1.216758e+00	7.298297e-01
4.955024e+02	6.879252e-01	2.839222e-01	1.154177e-01	6.074529e-01	1.164597e+00	-1.090725e+00	-4.317306e-02	-1.290360e-01	4.655757e-02	4.705358e-02	4.611790e-02	7.882261e-02	3.901608e-02	2.833747e-03	1.208868e+00	7.326249e-01
4.958840e+02	6.774141e-01	2.740757e-01	1.087616e-01	5.883032e-01	1.155759e+00	-1.083497e+00	-3.811607e-02	-1.368101e-01	3.962536e-02	3.294602e-02	5.117057e-02	7.058726e-02	3.320145e-02	-1.672852e-02	1.209161e+00	7.320777e-01
4.943030e+02	6.789922e-01	2.774080e-01	1.095793e-01	6.042792e-01	1.167549e+00	-1.087723e+00	-4.540458e-02	-1.247487e-01	4.609615e-02	2.902481e-02	4.436081e-02	8.392893e-02	4.120333e-02	-2.683769e-02	1.204163e+00	7.303446e-01
4.955197e+02	6.850573e-01	2.830538e-01	1.154862e-01	6.117696e-01	1.177209e+00	-1.093751e+00	-2.641134e-02	-1.247091e-01	4.356111e-02	3.968746e-02	6.111181e-02	8.091463e-02	3.819521e-02	-1.033371e-02	1.186480e+00	7.406574e-01
4.946552e+02	6.823448e-01	2.807441e-01	1.128598e-01	6.133973e-01	1.179724e+00	-1.093222e+00	-2.574002e-02	-1.531387e-01	3.657443e-02	5.170110e-02	6.340266e-02	5.466517e-02	3.577813e-02	6.728297e-03	1.186044e+00	7.386726e-01
4.932705e+02	6.781308e-01	2.770869e-01	1.099833e-01	6.115644e-01	1.187660e+00	-1.089362e+00	-2.592678e-02	-1.403763e-01	3.252472e-02	4.223405e-02	6.168702e-02	6.656188e-02	2.993188e-02	-4.667892e-03	1.185239e+00	7.393063e-01
4.986999e+02	6.850237e-01	2.830306e-01	1.180104e-01	6.098128e-01	1.191919e+00	-1.095160e+00	-1.444264e-02	-1.236496e-01	4.148946e-02	3.984329e-02	6.678665e-02	8.099289e-02	3.924388e-02	-1.392241e-02	1.174549e+00	7.439147e-01
4.937951e+02	6.760563e-01	2.751867e-01	1.105539e-01	6.048908e-01	1.191018e+00	-1.088706e+00	-3.470334e-02	-1.277633e-01	3.555499e-02	3.428326e-02	4.910482e-02	7.977002e-02	3.262948e-02	-1.731571e-02	1.186543e+00	7.346947e-01
4.933857e+02	6.762495e-01	2.762450e-01	1.106974e-01	6.086780e-01	1.186117e+00	-1.091303e+00	-4.658907e-02	-1.201111e-01	3.362585e-02	3.930936e-02	3.715918e-02	8.682738e-02	3.354081e-02	-1.142770e-02	1.188092e+00	7.305771e-01
4.927942e+02	6.820700e-01	2.817915e-01	1.161844e-01	6.152430e-01	1.193289e+00	-1.097515e+00	-3.844164e-02	-1.268934e-01	3.953111e-02	4.714408e-02	4.615751e-02	8.040852e-02	3.747460e-02	2.616505e-04	1.176951e+00	7.363278e-01
4.917799e+02	6.761778e-01	2.764083e-01	1.119278e-01	6.091539e-01	1.191772e+00	-1.093366e+00	-4.216534e-02	-1.354654e-01	3.890627e-02	3.935108e-02	4.770599e-02	6.991951e-02	3.256076e-02	-8.369176e-04	1.180199e+00	7.360730e-01
4.939528e+02	6.817305e-01	2.820135e-01	1.173560e-01	6.154513e-01	1.197873e+00	-1.099630e+00	-2.869799e-02	-1.337775e-01	4.367539e-02	4.319325e-02	5.805039e-02	7.122648e-02	3.788176e-02	1.107611e-03	1.166722e+00	7.422533e-01
5.108111e+02	6.869936e-01	2.833186e-01	1.270801e-01	5.753754e-01	1.166120e+00	-1.104432e+00	-1.118202e-02	-1.509845e-01	5.428311e-02	4.740208e-02	7.055633e-02	5.407711e-02	4.925903e-02	3.399345e-03	1.162004e+00	7.470810e-01
5.069197e+02	6.666165e-01	2.690663e-01	1.066488e-01	6.070475e-01	1.204343e+00	-1.087986e+00	-3.396508e-02	-1.358030e-01	3.036360e-02	2.690633e-02	4.921220e-02	7.166496e-02	2.334290e-02	-2.033914e-02	1.173305e+00	7.368803e-01
5.068794e+02	6.660121e-01	2.715585e-01	1.048638e-01	6.361926e-01	1.237448e+00	-1.088035e+00	-3.410416e-02	-1.232799e-01	2.458527e-02	2.630749e-02	4.505307e-02	8.214033e-02	1.790816e-02	-2.211609e-02	1.169669e+00	7.357925e-01
5.159804e+02	6.835197e-01	2.903204e-01	1.215422e-01	6.614095e-01	1.249509e+00	-1.106612e+00	-3.241926e-02	-1.019616e-01	3.747435e-02	4.614114e-02	4.603058e-02	1.005775e-01	2.711191e-02	5.807548e-03	1.148744e+00	7.438794e-01
5.000234e+02	6.662882e-01	2.757104e-01	1.103175e-01	6.409289e-01	1.224012e+00	-1.097914e+00	-3.168446e-02	-1.281063e-01	3.535711e-02	2.034930e-02	4.578309e-02	7.608016e-02	2.611184e-02	-2.416318e-02	1.157172e+00	7.391155e-01
4.913763e+02	6.723829e-01	2.813798e-01	1.191025e-01	6.322865e-01	1.202424e+00	-1.107980e+00	-2.885555e-02	-1.394544e-01	4.049845e-02	3.457687e-02	4.833037e-02	6.385861e-02	3.167674e-02	-1.907379e-04	1.149834e+00	7.412204e-01
5.105766e+02	6.818217e-01	2.896875e-01	1.297404e-01	6.266726e-01	1.188096e+00	-1.119443e+00	-1.763556e-02	-1.342008e-01	4.183045e-02	5.158854e-02	5.523256e-02	6.748113e-02	3.321275e-02	2.357314e-02	1.135079e+00	7.462477e-01
4.997598e+02	6.640967e-01	2.741531e-01	1.175698e-01	6.073248e-01	1.173587e+00	-1.107619e+00	-3.095209e-02	-1.512499e-01	3.576658e-02	2.944502e-02	4.462938e-02	5.214096e-02	2.917374e-02	-9.032439e-03	1.153991e+00	7.364554e-01
4.960480e+02	6.662203e-01	2.772798e-01	1.197370e-01	6.204216e-01	1.193238e+00	-1.110175e+00	-3.223668e-02	-1.222702e-01	3.824370e-02	2.051951e-02	4.292413e-02	7.644732e-02	3.033882e-02	-2.666768e-02	1.145474e+00	7.406684e-01
4.939637e+02	6.740852e-01	2.848577e-01	1.264853e-01	6.295889e-01	1.195668e+00	-1.118996e+00	-2.770236e-02	-1.260736e-01	4.463993e-02	3.274221e-02	4.679752e-02	7.342533e-02	3.692045e-02	-1.095133e-02	1.135646e+00	7.447945e-01
5.129285e+02	6.804694e-01	2.938120e-01	1.287437e-01	6.597218e-01	1.206970e+00	-1.128162e+00	-2.256878e-02	-1.389067e-01	4.927897e-02	4.748910e-02	5.113204e-02	6.080575e-02	4.651625e-02	6.643666e-03	1.128384e+00	7.468293e-01
5.151106e+02	6.556316e-01	2.700237e-01	1.120354e-01	6.223403e-01	1.178758e+00	-1.110380e+00	-3.307627e-02	-1.480313e-01	2.513239e-02	2.371753e-02	4.241514e-02	5.475479e-02	2.028500e-02	-1.947872e-02	1.148177e+00	7.362468e-01
5.473825e+02	6.470813e-01	2.642479e-01	1.019881e-01	6.441598e-01	1.205972e+00	-1.103075e+00	-4.717449e-02	-1.446142e-01	8.738197e-03	2.125742e-02	2.958014e-02	6.287519e-02	2.461772e-03	-2.025986e-02	1.155900e+00	7.272552e-01
5.154060e+02	6.770530e-01	2.939354e-01	1.337781e-01	6.573709e-01	1.205984e+00	-1.134653e+00	-2.628129e-02	-1.134763e-01	3.361443e-02	4.630859e-02	5.336630e-02	8.682834e-02	2.754408e-02	9.575448e-03	1.115660e+00	7.494361e-01
5.138612e+02	6.756117e-01	2.937273e-01	1.388351e-01	6.376290e-01	1.179842e+00	-1.140074e+00	-2.088743e-02	-1.330689e-01	4.580434e-02	3.890749e-02	6.144984e-02	6.418603e-02	3.957701e-02	7.993016e-03	1.120566e+00	7.511020e-01
5.151279e+02	6.502646e-01	2.721127e-01	1.213496e-01	6.118476e-01	1.163029e+00	-1.123823e+00	-4.111557e-02	-1.475120e-01	2.722925e-02	1.238130e-02	4.453293e-02	5.536520e-02	2.499923e-02	-2.682338e-02	1.144045e+00	7.372564e-01
5.029789e+02	6.534590e-01	2.788816e-01	1.208772e-01	6.466937e-01	1.193627e+00	-1.129777e+00	-4.825094e-02	-1.308829e-01	2.866518e-02	1.223865e-02	3.674906e-02	7.194606e-02	2.942274e-02	-3.026528e-02	1.139255e+00	7.362451e-01
4.989505e+02	6.685216e-01	2.921007e-01	1.342115e-01	6.557527e-01	1.194899e+00	-1.144636e+00	-3.854233e-02	-1.221561e-01	3.737717e-02	3.083583e-02	4.641162e-02	8.006594e-02	3.602451e-02	-4.578085e-03	1.118566e+00	7.465760e-01
4.971676e+02	6.674157e-01	2.922213e-01	1.332008e-01	6.612956e-01	1.193773e+00	-1.147023e+00	-3.882666e-02	-1.301821e-01	3.541479e-02	3.416350e-02	4.760863e-02	7.352574e-02	3.566881e-02	3.403458e-03	1.116963e+00	7.453416e-01
4.955030e+02	6.557636e-01	2.807332e-01	1.262345e-01	6.395423e-01	1.175748e+00	-1.139779e+00	-3.918374e-02	-1.472929e-01	2.537042e-02	2.539276e-02	4.737292e-02	6.008412e-02	2.646783e-02	-2.768052e-03	1.125459e+00	7.410229e-01
4.932517e+02	6.592850e-01	2.816030e-01	1.316566e-01	6.210601e-01	1.159729e+00	-1.143993e+00	-3.669546e-02	-1.373139e-01	2.541411e-02	2.972841e-02	4.987381e-02	6.982565e-02	2.606877e-02	-7.143330e-04	1.114027e+00	7.455671e-01
4.934764e+02	6.643841e-01	2.875761e-01	1.341647e-01	6.422567e-01	1.180845e+00	-1.148538e+00	-3.280294e-02	-1.359916e-01	3.204375e-02	3.203413e-02	5.190774e-02	7.086602e-02	3.133821e-02	3.748100e-03	1.109606e+00	7.465460e-01
4.995161e+02	6.679409e-01	2.898533e-01	1.380430e-01	6.418881e-01	1.187044e+00	-1.151475e+00	-2.901386e-02	-1.332792e-01	3.775447e-02	3.178193e-02	5.622877e-02	7.231388e-02	3.712504e-02	-3.209232e-04	1.100175e+00	7.497670e-01
4.986419e+02	6.530868e-01	2.782016e-01	1.246772e-01	6.444429e-01	1.194332e+00	-1.140659e+00	-4.228255e-02	-1.446903e-01	2.641323e-02	1.829719e-02	4.276814e-02	6.421369e-02	2.696260e-02	-1.085515e-02	1.120516e+00	7.371957e-01
5.003441e+02	6.518955e-01	2.800700e-01	1.199384e-01	6.758640e-01	1.228449e+00	-1.139484e+00	-5.454054e-02	-1.449051e-01	2.871251e-02	1.528143e-02	2.698764e-02	6.994083e-02	2.804207e-02	-1.130290e-02	1.131734e+00	7.266417e-01
5.038444e+02	6.679944e-01	2.942738e-01	1.340016e-01	6.818046e-01	1.226772e+00	-1.154623e+00	-3.698488e-02	-1.310018e-01	3.827490e-02	3.349027e-02	4.756278e-02	7.800103e-02	3.593508e-02	8.717757e-03	1.106621e+00	7.415591e-01
4.946986e+02	6.601218e-01	2.875146e-01	1.276367e-01	6.830406e-01	1.236624e+00	-1.150044e+00	-2.775276e-02	-1.512485e-01	2.080826e-02	3.772234e-02	5.857882e-02	6.370878e-02	2.240858e-02	1.190573e-02	1.104232e+00	7.429075e-01
4.940812e+02	6.553016e-01	2.818344e-01	1.269870e-01	6.568585e-01	1.200678e+00	-1.149816e+00	-3.443104e-02	-1.465508e-01	2.465690e-02	2.732912e-02	5.415235e-02	6.579122e-02	2.406138e-02	-2.509099e-04	1.109686e+00	7.402309e-01
4.962428e+02	6.618573e-01	2.894422e-01	1.297813e-01	6.737121e-01	1.215245e+00	-1.156568e+00	-2.224651e-02	-1.471194e-01	3.268918e-02	3.144644e-02	6.469181e-02	6.161322e-02	3.122261e-02	3.312364e-03	1.098782e+00	7.452211e-01
4.914077e+02	6.581956e-01	2.840650e-01	1.305798e-01	6.479122e-01	1.181258e+00	-1.156134e+00	-4.610860e-02	-1.344281e-01	3.704412e-02	2.472192e-02	4.211381e-02	7.340512e-02	3.434042e-02	-3.955350e-03	1.110393e+00	7.367485e-01
4.953281e+02	6.563661e-01	2.796434e-01	1.332504e-01	6.194659e-01	1.149920e+00	-1.154350e+00	-5.327943e-02	-1.226511e-01	3.978962e-02	1.749287e-02	3.059262e-02	7.795076e-02	3.706986e-02	-1.029917e-02	1.123456e+00	7.308110e-01
4.941595e+02	6.622675e-01	2.859750e-01	1.364594e-01	6.386981e-01	1.167589e+00	-1.160593e+00	-4.507961e-02	-1.202516e-01	4.044546e-02	2.672406e-02	4.082856e-02	8.221361e-02	3.729606e-02	-1.208552e-03	1.105512e+00	7.391639e-01
4.995057e+02	6.641245e-01	2.861026e-01	1.409084e-01	6.255821e-01	1.153313e+00	-1.164686e+00	-4.148645e-02	-1.109279e-01	4.000782e-02	2.945208e-02	4.525320e-02	9.000051e-02	3.613318e-02	2.773898e-03	1.096015e+00	7.431980e-01
4.988903e+02	6.511164e-01	2.771973e-01	1.264857e-01	6.472638e-01	1.187692e+00	-1.153522e+00	-3.349767e-02	-1.479177e-01	2.684564e-02	2.307418e-02	5.277781e-02	5.839363e-02	2.605746e-02	-4.710731e-03	1.100091e+00	7.409142e-01
4.980533e+02	6.587147e-01	2.803117e-01	1.355208e-01	6.267744e-01	1.170663e+00	-1.159412e+00	-3.077501e-02	-1.697587e-01	3.299400e-02	4.223203e-02	5.480017e-02	3.951289e-02	3.077127e-02	1.643217e-02	1.097522e+00	7.408561e-01
4.932816e+02	6.583844e-01	2.860485e-01	1.284463e-01	6.820736e-01	1.232412e+00	-1.158512e+00	-2.851351e-02	-1.437033e-01	3.133438e-02	3.032797e-02	5.511113e-02	6.678061e-02	2.917974e-02	-6.960994e-03	1.085082e+00	7.450803e-01
4.964910e+02	6.573986e-01	2.880153e-01	1.251490e-01	7.060489e-01	1.254545e+00	-1.159099e+00	-2.474540e-02	-1.383370e-01	3.088022e-02	2.571804e-02	5.848832e-02	7.339587e-02	2.795895e-02	-1.453295e-02	1.077335e+00	7.482670e-01
4.965509e+02	6.579669e-01	2.889290e-01	1.256093e-01	7.086142e-01	1.253786e+00	-1.160710e+00	-3.701568e-02	-1.266453e-01	3.315244e-02	2.584739e-02	4.629828e-02	8.471068e-02	3.111075e-02	-1.686765e-02	1.080049e+00	7.433212e-01
5.008608e+02	6.628450e-01	2.912883e-01	1.327391e-01	6.924716e-01	1.235451e+00	-1.166126e+00	-3.850219e-02	-1.216596e-01	3.506783e-02	3.698862e-02	4.388396e-02	8.977858e-02	3.183073e-02	-2.556441e-03	1.076511e+00	7.437519e-01
5.031750e+02	6.466105e-01	2.754279e-01	1.224462e-01	6.649709e-01	1.200037e+00	-1.156701e+00	-4.811826e-02	-1.507513e-01	2.760636e-02	2.508276e-02	3.454025e-02	6.441434e-02	2.862364e-02	-1.306727e-02	1.095837e+00	7.318879e-01
4.985170e+02	6.498132e-01	2.777830e-01	1.252498e-01	6.635432e-01	1.195493e+00	-1.160876e+00	-4.103757e-02	-1.707303e-01	3.192005e-02	3.376660e-02	4.089395e-02	4.823872e-02	3.401556e-02	-2.908514e-03	1.090866e+00	7.327571e-01
5.045329e+02	6.656462e-01	2.919927e-01	1.383004e-01	6.728782e-01	1.196817e+00	-1.175353e+00	-3.043508e-02	-1.436784e-01	4.305524e-02	4.575423e-02	4.956298e-02	6.933188e-02	4.336769e-02	1.011913e-02	1.069413e+00	7.434155e-01
4.980832e+02	6.614957e-01	2.894863e-01	1.351056e-01	6.675812e-01	1.186821e+00	-1.175987e+00	-2.274565e-02	-1.354378e-01	4.614698e-02	3.118645e-02	5.368937e-02	7.690597e-02	4.560139e-02	-9.279515e-03	1.065311e+00	7.458340e-01
5.065221e+02	6.448870e-01	2.739284e-01	1.234110e-01	6.497170e-01	1.174290e+00	-1.164338e+00	-3.587855e-02	-1.380988e-01	2.560655e-02	2.089684e-02	4.295358e-02	7.383751e-02	2.516294e-02	-1.948340e-02	1.082280e+00	7.361983e-01
5.025746e+02	6.631650e-01	2.890402e-01	1.399199e-01	6.463804e-01	1.156747e+00	-1.184136e+00	-1.700422e-02	-1.399936e-01	4.505484e-02	3.969852e-02	6.160054e-02	6.804973e-02	4.120368e-02	2.578123e-03	1.054922e+00	7.494846e-01
5.026208e+02	6.463325e-01	2.753989e-01	1.252422e-01	6.476532e-01	1.166608e+00	-1.171823e+00	-4.497440e-02	-1.329277e-01	2.146593e-02	3.132309e-02	3.342294e-02	7.449945e-02	1.718645e-02	-9.639539e-04	1.082150e+00	7.342398e-01
5.068312e+02	6.446705e-01	2.770604e-01	1.200303e-01	6.752012e-01	1.200981e+00	-1.169934e+00	-5.411360e-02	-1.218227e-01	2.050994e-02	2.538638e-02	2.240448e-02	8.175967e-02	1.077928e-02	2.123413e-03	1.095115e+00	7.296268e-01
5.144322e+02	6.657298e-01	2.960817e-01	1.367601e-01	6.926793e-01	1.211070e+00	-1.188690e+00	-3.897252e-02	-1.119563e-01	3.796446e-02	4.630232e-02	3.953221e-02	8.786528e-02	2.929418e-02	2.143029e-02	1.067110e+00	7.437877e-01
5.034299e+02	6.632000e-01	2.897025e-01	1.403615e-01	6.527645e-01	1.167897e+00	-1.191366e+00	-3.418501e-02	-1.178171e-01	3.529732e-02	4.761487e-02	4.862724e-02	8.235407e-02	3.020740e-02	1.428293e-02	1.055357e+00	7.484283e-01
5.256560e+02	6.381528e-01	2.700108e-01	1.187588e-01	6.543254e-01	1.177641e+00	-1.173543e+00	-3.698733e-02	-1.559535e-01	2.814397e-02	1.371211e-02	4.578256e-02	4.912962e-02	2.627615e-02	-3.068174e-02	1.081822e+00	7.375583e-01
4.981950e+02	6.512413e-01	2.808676e-01	1.304752e-01	6.562670e-01	1.175798e+00	-1.186003e+00	-3.267217e-02	-1.615181e-01	4.801168e-02	2.283139e-02	4.884406e-02	4.190529e-02	4.495585e-02	-2.077937e-02	1.074620e+00	7.414676e-01
5.113959e+02	6.645562e-01	2.964258e-01	1.369044e-01	6.988725e-01	1.219266e+00	-1.197136e+00	-2.358338e-02	-1.346920e-01	5.200706e-02	3.292956e-02	5.446955e-02	6.820760e-02	4.596343e-02	-6.918409e-03	1.056033e+00	7.505124e-01
4.992214e+02	6.465113e-01	2.827352e-01	1.188277e-01	7.107315e-01	1.239134e+00	-1.184432e+00	-4.989338e-02	-1.499562e-01	3.663620e-02	1.922921e-02	3.066949e-02	5.990162e-02	2.959438e-02	-1.335489e-02	1.085287e+00	7.317745e-01
4.924589e+02	6.545297e-01	2.896958e-01	1.263904e-01	7.090171e-01	1.228361e+00	-1.194584e+00	-4.050481e-02	-1.386811e-01	3.291883e-02	3.577376e-02	4.298097e-02	6.987017e-02	2.553974e-02	6.391913e-03	1.068075e+00	7.412146e-01
5.177506e+02	6.629135e-01	3.005824e-01	1.290675e-01	7.396061e-01	1.256041e+00	-1.202721e+00	-2.744743e-02	-1.259473e-01	3.410491e-02	4.379419e-02	5.458064e-02	8.726918e-02	2.333726e-02	1.562517e-02	1.047848e+00	7.516047e-01
5.228559e+02	6.366597e-01	2.725963e-01	1.154211e-01	6.799769e-01	1.183420e+00	-1.189405e+00	-4.081857e-02	-1.584007e-01	2.022133e-02	1.940785e-02	4.580848e-02	5.693638e-02	1.418510e-02	-1.426947e-02	1.074424e+00	7.389604e-01
5.019335e+02	6.443235e-01	2.806307e-01	1.217993e-01	6.914506e-01	1.183170e+00	-1.199746e+00	-3.384887e-02	-1.601031e-01	3.391772e-02	2.056558e-02	5.133862e-02	5.142292e-02	2.967775e-02	-1.462149e-02	1.067148e+00	7.435267e-01
5.055451e+02	6.624574e-01	2.937659e-01	1.407333e-01	6.768526e-01	1.156009e+00	-1.217379e+00	-3.312627e-02	-1.366528e-01	4.811148e-02	3.978712e-02	5.146708e-02	7.089893e-02	4.228859e-02	4.638746e-03	1.050808e+00	7.497998e-01
5.153390e+02	6.622965e-01	2.903657e-01	1.476130e-01	6.445497e-01	1.120699e+00	-1.221196e+00	-3.290239e-02	-1.054907e-01	5.349160e-02	2.589901e-02	4.962973e-02	9.631132e-02	4.664153e-02	-1.617460e-02	1.046745e+00	7.515989e-01
5.418849e+02	6.315957e-01	2.658323e-01	1.195055e-01	6.447955e-01	1.140255e+00	-1.197766e+00	-5.004802e-02	-1.522106e-01	1.846408e-02	1.498436e-02	3.537046e-02	5.138256e-02	1.302269e-02	-2.393164e-02	1.078925e+00	7.332862e-01
