# loss | a0 ... a15
7.259546e+02	7.950400e-01	1.586400e-01	4.115600e-02	7.421600e-01	9.702400e-01	-9.132000e-01	-2.935000e-02	4.195000e-02	4.350000e-02	-3.555000e-02	-1.240000e-02	-1.977600e-02	3.096000e-03	-2.976000e-03	1.322400e+00	6.448000e-01
1.502650e+03	8.720200e-01	2.356200e-01	1.181360e-01	6.651800e-01	8.932600e-01	-9.901800e-01	4.763004e-02	1.189300e-01	1.204800e-01	4.143004e-02	6.458004e-02	5.720404e-02	8.007604e-02	7.400404e-02	1.245420e+00	7.217800e-01
6.641672e+02	7.992037e-01	1.679635e-01	4.828598e-02	7.418399e-01	9.680086e-01	-9.203842e-01	-2.630453e-02	4.440205e-02	4.702981e-02	-2.988502e-02	-7.781485e-03	-1.680334e-02	7.765753e-03	3.993060e-03	1.316995e+00	6.515367e-01
7.368184e+02	7.853926e-01	1.656361e-01	4.052106e-02	7.710551e-01	9.904849e-01	-9.136105e-01	-4.550529e-02	2.721089e-02	2.863348e-02	-3.638154e-02	-2.269538e-02	-2.885162e-02	-8.671682e-03	2.005181e-03	1.325133e+00	6.456301e-01
6.375031e+02	7.907679e-01	1.831525e-01	5.251934e-02	7.832665e-01	9.951543e-01	-9.257015e-01	-4.443517e-02	2.789680e-02	3.114437e-02	-2.619985e-02	-1.764684e-02	-2.397701e-02	-3.500836e-03	1.515939e-02	1.314421e+00	6.601088e-01
5.184274e+02	8.044097e-01	2.082943e-01	7.109373e-02	7.945603e-01	9.975981e-01	-9.442462e-01	-2.809777e-02	3.730844e-02	4.400728e-02	-1.349440e-02	5.538305e-03	-1.078971e-02	1.171836e-02	3.068884e-02	1.292163e+00	6.915099e-01
5.177813e+02	8.161251e-01	2.267599e-01	8.495032e-02	8.006200e-01	9.954206e-01	-9.598318e-01	-2.280189e-02	4.672416e-02	5.128427e-02	6.388098e-03	1.429996e-02	4.342258e-03	2.126609e-02	5.521349e-02	1.272911e+00	7.105009e-01
5.011518e+02	8.118979e-01	2.248697e-01	8.158689e-02	8.067607e-01	9.991926e-01	-9.571362e-01	-8.586330e-03	4.739589e-02	4.764222e-02	-6.203715e-03	2.949702e-02	2.611035e-03	2.136917e-02	3.629392e-02	1.270742e+00	7.179279e-01
4.980864e+02	8.104014e-01	2.252015e-01	7.917195e-02	8.179655e-01	1.006857e+00	-9.570395e-01	-1.064597e-02	4.671835e-02	4.666835e-02	-9.162833e-03	3.058093e-02	7.069467e-03	2.068569e-02	2.915734e-02	1.263621e+00	7.225256e-01
4.981683e+02	8.092437e-01	2.254848e-01	7.683873e-02	8.281283e-01	1.011952e+00	-9.570662e-01	-2.162544e-02	4.642166e-02	4.754748e-02	-1.137775e-02	1.905836e-02	1.185195e-02	2.216252e-02	2.291663e-02	1.262125e+00	7.184002e-01
4.961416e+02	8.088032e-01	2.256732e-01	7.621383e-02	8.310487e-01	1.014617e+00	-9.577699e-01	-1.036603e-02	4.296097e-02	4.492500e-02	-8.964741e-03	3.389121e-02	8.026325e-03	2.146854e-02	2.435125e-02	1.255984e+00	7.260648e-01
4.974149e+02	8.063767e-01	2.241138e-01	7.337067e-02	8.363188e-01	1.016929e+00	-9.556751e-01	-1.025606e-02	5.277017e-02	4.197955e-02	-1.807079e-02	3.396262e-02	1.550445e-02	2.133324e-02	8.779198e-03	1.257192e+00	7.271736e-01
4.980068e+02	8.098482e-01	2.285077e-01	7.698793e-02	8.367518e-01	1.016951e+00	-9.610361e-01	-5.800557e-03	4.184545e-02	4.387193e-02	-2.550133e-03	3.957269e-02	6.371923e-03	2.466916e-02	2.652307e-02	1.250820e+00	7.291122e-01
5.014602e+02	8.107392e-01	2.317610e-01	7.518734e-02	8.529212e-01	1.026674e+00	-9.631665e-01	-1.654445e-02	3.788425e-02	4.149343e-02	8.582730e-03	3.213581e-02	5.520713e-03	2.476750e-02	3.989386e-02	1.248102e+00	7.257397e-01
4.953471e+02	8.052102e-01	2.244840e-01	7.105483e-02	8.449555e-01	1.023039e+00	-9.593043e-01	-1.447046e-02	3.277059e-02	3.971184e-02	-2.041316e-03	3.352232e-02	5.066428e-04	2.430798e-02	2.335086e-02	1.251160e+00	7.225508e-01
4.955911e+02	8.065301e-01	2.258913e-01	7.437117e-02	8.348675e-01	1.015667e+00	-9.634169e-01	-1.632053e-02	3.629128e-02	4.139174e-02	1.823329e-03	3.108762e-02	5.952335e-03	2.728467e-02	2.759086e-02	1.248034e+00	7.245051e-01
4.966911e+02	8.078506e-01	2.287604e-01	7.490574e-02	8.432735e-01	1.020690e+00	-9.649787e-01	-9.574368e-03	3.754212e-02	4.227604e-02	1.989703e-03	3.829219e-02	9.101342e-03	2.900671e-02	2.493129e-02	1.242237e+00	7.294638e-01
5.006322e+02	8.085036e-01	2.318549e-01	7.385548e-02	8.577676e-01	1.030903e+00	-9.658993e-01	9.053849e-03	3.703610e-02	4.299472e-02	-1.529635e-03	5.851246e-02	7.388530e-03	3.179436e-02	1.568207e-02	1.233483e+00	7.398497e-01
4.959914e+02	8.027618e-01	2.240996e-01	6.849673e-02	8.519255e-01	1.026933e+00	-9.623554e-01	-2.245768e-02	3.391606e-02	3.703953e-02	3.098984e-04	2.882812e-02	7.883989e-03	2.831029e-02	1.852328e-02	1.243843e+00	7.238058e-01
5.009534e+02	8.072692e-01	2.301596e-01	7.479903e-02	8.468124e-01	1.019616e+00	-9.698284e-01	-2.850984e-02	3.410826e-02	4.206250e-02	1.210420e-02	2.090705e-02	1.266796e-02	3.380699e-02	3.615854e-02	1.242112e+00	7.223105e-01
4.957006e+02	8.049033e-01	2.283282e-01	7.191496e-02	8.510904e-01	1.023096e+00	-9.688734e-01	-2.306106e-02	3.415501e-02	3.737951e-02	1.042848e-02	3.057133e-02	1.281134e-02	3.164911e-02	2.964403e-02	1.235980e+00	7.281146e-01
4.994940e+02	7.989396e-01	2.224927e-01	6.422835e-02	8.600486e-01	1.029917e+00	-9.640801e-01	-2.095238e-02	3.558192e-02	2.773157e-02	3.319930e-03	3.348798e-02	1.709138e-02	2.565645e-02	1.314909e-02	1.232385e+00	7.302007e-01
5.082183e+02	8.085751e-01	2.356954e-01	7.557297e-02	8.591370e-01	1.027046e+00	-9.754910e-01	-1.083398e-02	3.750846e-02	3.987128e-02	1.543800e-02	4.473950e-02	1.932378e-02	3.711403e-02	2.890679e-02	1.222229e+00	7.398689e-01
4.973464e+02	8.042283e-01	2.302309e-01	7.389409e-02	8.465258e-01	1.020016e+00	-9.747350e-01	-4.673940e-04	2.402820e-02	4.287549e-02	6.178534e-03	5.096201e-02	8.460748e-03	4.190694e-02	9.394449e-03	1.221170e+00	7.388258e-01
5.001729e+02	7.966731e-01	2.214726e-01	6.564427e-02	8.487698e-01	1.023748e+00	-9.684039e-01	-2.659331e-02	2.333714e-02	3.313466e-02	4.080127e-03	3.016348e-02	6.581004e-03	3.313796e-02	9.809908e-03	1.233195e+00	7.240336e-01
5.026734e+02	8.042278e-01	2.316975e-01	7.465665e-02	8.481074e-01	1.022466e+00	-9.780768e-01	-3.622079e-02	3.072611e-02	3.815264e-02	2.117198e-02	1.941435e-02	1.844473e-02	3.776615e-02	3.420131e-02	1.229456e+00	7.226998e-01
4.942621e+02	7.985741e-01	2.264890e-01	6.852906e-02	8.530214e-01	1.026844e+00	-9.736499e-01	-2.055100e-02	2.942371e-02	3.300924e-02	7.794928e-03	4.111928e-02	1.465601e-02	3.379758e-02	1.183763e-02	1.223608e+00	7.349908e-01
4.996408e+02	8.022196e-01	2.339951e-01	7.134215e-02	8.657898e-01	1.032325e+00	-9.795729e-01	-7.401874e-03	3.420373e-02	3.583305e-02	1.058234e-02	6.072027e-02	1.924695e-02	3.880142e-02	1.018341e-02	1.209530e+00	7.516298e-01
4.937389e+02	7.980801e-01	2.276366e-01	6.821583e-02	8.562863e-01	1.027024e+00	-9.769600e-01	-3.004466e-02	2.499203e-02	3.286057e-02	1.446120e-02	3.692976e-02	1.049475e-02	3.766751e-02	1.698316e-02	1.221202e+00	7.354425e-01
5.050654e+02	8.040126e-01	2.371248e-01	7.387894e-02	8.640416e-01	1.027771e+00	-9.845012e-01	-2.760849e-02	3.170192e-02	4.183028e-02	1.776149e-02	3.873132e-02	1.884739e-02	4.911294e-02	1.693879e-02	1.213298e+00	7.424536e-01
5.030642e+02	7.920525e-01	2.211333e-01	6.417477e-02	8.487080e-01	1.022502e+00	-9.753803e-01	-3.979027e-02	1.774688e-02	2.671630e-02	1.450504e-02	2.634668e-02	3.628770e-03	3.399844e-02	1.557135e-02	1.227015e+00	7.265482e-01
4.978271e+02	7.926447e-01	2.229668e-01	6.577628e-02	8.467605e-01	1.021133e+00	-9.784528e-01	-2.245695e-02	2.208104e-02	2.093291e-02	1.903342e-02	4.385676e-02	1.055110e-02	2.980729e-02	1.786010e-02	1.217019e+00	7.365747e-01
5.618773e+02	8.089872e-01	2.442823e-01	8.402963e-02	8.478844e-01	1.016956e+00	-9.962011e-01	-2.452113e-02	3.374289e-02	3.795901e-02	4.148290e-02	4.446451e-02	2.476996e-02	4.535858e-02	4.849119e-02	1.203549e+00	7.471415e-01
5.506502e+02	7.778720e-01	2.125678e-01	5.544685e-02	8.552432e-01	1.028378e+00	-9.700355e-01	-3.996611e-02	5.246617e-04	1.505910e-02	-9.543143e-04	2.880876e-02	-1.448326e-02	1.774113e-02	7.986601e-03	1.240450e+00	7.171139e-01
4.951313e+02	7.899275e-01	2.314906e-01	7.247533e-02	8.525196e-01	1.024140e+00	-9.863418e-01	-3.045472e-02	9.822874e-03	2.754219e-02	1.205631e-02	4.018995e-02	-3.508169e-03	2.906152e-02	2.206049e-02	1.226159e+00	7.342772e-01
5.592882e+02	8.035444e-01	2.518050e-01	8.709965e-02	8.648124e-01	1.025132e+00	-1.002485e+00	-2.727207e-02	3.766076e-02	4.273557e-02	1.766997e-02	4.726111e-02	3.014952e-02	4.191601e-02	2.359016e-02	1.201605e+00	7.595292e-01
5.848390e+02	7.658612e-01	2.105148e-01	5.690154e-02	8.431123e-01	1.020576e+00	-9.741279e-01	-5.523191e-02	-1.263721e-02	6.521186e-03	-1.184654e-02	1.963960e-02	-2.717762e-02	8.886819e-03	-8.821120e-03	1.246432e+00	7.155739e-01
5.100626e+02	7.768124e-01	2.286080e-01	7.214135e-02	8.427097e-01	1.015349e+00	-9.910978e-01	-4.076799e-02	-9.884382e-03	1.190079e-02	8.535908e-03	3.770769e-02	-2.326630e-02	1.642222e-02	1.020257e-02	1.231153e+00	7.354166e-01
5.294816e+02	7.934524e-01	2.511328e-01	8.989347e-02	8.509065e-01	1.014209e+00	-1.009704e+00	-3.483094e-02	9.958377e-03	2.509788e-02	2.848684e-02	4.309179e-02	3.465544e-03	2.959088e-02	2.973705e-02	1.209407e+00	7.581735e-01
5.054614e+02	7.743266e-01	2.337199e-01	7.411073e-02	8.547156e-01	1.022987e+00	-9.952327e-01	-2.920658e-02	-8.066606e-03	1.080054e-02	-1.878586e-03	4.852299e-02	-1.649524e-02	1.808003e-02	-1.124727e-02	1.223896e+00	7.500731e-01
4.941573e+02	7.806025e-01	2.431451e-01	8.149332e-02	8.596371e-01	1.023391e+00	-1.003711e+00	-4.751927e-02	1.406432e-02	1.483017e-02	5.003561e-03	3.205112e-02	1.360729e-02	2.238923e-02	-9.891290e-03	1.214002e+00	7.582380e-01
5.006293e+02	7.752756e-01	2.394191e-01	7.527694e-02	8.722556e-01	1.035881e+00	-9.991691e-01	-5.939589e-02	9.595735e-03	8.491909e-03	1.586290e-03	1.388715e-02	1.900709e-02	1.753983e-02	-1.793707e-02	1.218370e+00	7.472866e-01
5.372865e+02	7.907523e-01	2.568384e-01	9.270864e-02	8.651528e-01	1.025450e+00	-1.015917e+00	-3.970571e-02	1.634080e-02	2.365742e-02	2.357930e-02	3.990509e-02	2.240814e-02	3.326960e-02	7.583028e-03	1.199665e+00	7.712441e-01
4.988179e+02	7.742732e-01	2.423026e-01	7.810454e-02	8.707894e-01	1.033168e+00	-1.004081e+00	-3.926197e-02	-6.781069e-03	2.163929e-02	-9.191669e-03	4.086778e-02	-9.470766e-03	3.758122e-02	-3.561419e-02	1.217773e+00	7.546813e-01
4.952818e+02	7.741421e-01	2.420131e-01	7.947695e-02	8.653476e-01	1.032114e+00	-1.005753e+00	-5.077384e-02	-7.940117e-03	1.319321e-02	6.310620e-03	3.303101e-02	-1.034876e-02	3.117443e-02	-1.228406e-02	1.218283e+00	7.526713e-01
4.965723e+02	7.783641e-01	2.490266e-01	8.097970e-02	8.830130e-01	1.040421e+00	-1.009851e+00	-6.350967e-02	9.900260e-03	7.297085e-03	1.819171e-02	2.183576e-02	1.089195e-02	2.719432e-02	6.874855e-04	1.211293e+00	7.588527e-01
5.041451e+02	7.815409e-01	2.514501e-01	8.681860e-02	8.682975e-01	1.032290e+00	-1.015115e+00	-4.679471e-02	5.245524e-03	1.241034e-02	2.427624e-02	4.033531e-02	6.196871e-03	3.230891e-02	7.390894e-03	1.203561e+00	7.689096e-01
5.173734e+02	7.630965e-01	2.316617e-01	7.303133e-02	8.542421e-01	1.026719e+00	-1.001836e+00	-5.776946e-02	-1.377506e-02	2.581210e-03	-7.615082e-04	2.448519e-02	-1.327352e-02	2.331679e-02	-1.499735e-02	1.229435e+00	7.417928e-01
5.074131e+02	7.796000e-01	2.517025e-01	9.123863e-02	8.547226e-01	1.021538e+00	-1.019972e+00	-4.069757e-02	5.177275e-03	1.247373e-02	2.189299e-02	4.634427e-02	8.903063e-03	3.334316e-02	5.460941e-03	1.203953e+00	7.713667e-01
5.007653e+02	7.695127e-01	2.441654e-01	8.373475e-02	8.580871e-01	1.026588e+00	-1.013632e+00	-7.282003e-02	2.564451e-02	1.316036e-02	-9.215317e-03	2.104462e-02	3.010377e-02	3.301300e-02	-2.955679e-02	1.215614e+00	7.644881e-01
4.946287e+02	7.708121e-01	2.451524e-01	8.590867e-02	8.547500e-01	1.024898e+00	-1.017224e+00	-5.315518e-02	-4.632516e-03	6.247846e-03	1.749283e-02	4.714707e-02	-2.160132e-03	3.033383e-02	6.320449e-03	1.209513e+00	7.703735e-01
5.110966e+02	7.735374e-01	2.513609e-01	8.529434e-02	8.783427e-01	1.038683e+00	-1.020532e+00	-2.314147e-02	-1.920896e-02	6.938928e-03	2.537398e-02	7.604922e-02	-1.918921e-02	3.304298e-02	1.744606e-02	1.200526e+00	7.815220e-01
5.044717e+02	7.619683e-01	2.381736e-01	7.725365e-02	8.649611e-01	1.033982e+00	-1.012906e+00	-9.466484e-02	-4.883163e-03	3.026614e-03	1.068690e-02	1.216812e-02	2.048170e-03	3.105852e-02	-3.723999e-03	1.214104e+00	7.655212e-01
5.145309e+02	7.706685e-01	2.472562e-01	8.639256e-02	8.605112e-01	1.030134e+00	-1.023009e+00	-1.308197e-01	8.147481e-03	1.438475e-02	2.532103e-02	-1.854517e-02	2.146467e-02	4.248435e-02	4.917611e-03	1.205998e+00	7.664009e-01
4.987130e+02	7.712908e-01	2.501230e-01	8.742537e-02	8.681403e-01	1.035200e+00	-1.025696e+00	-8.038080e-02	8.699149e-03	1.569180e-02	1.531094e-02	4.167057e-02	1.903739e-02	4.272295e-02	-8.325374e-03	1.176428e+00	8.194587e-01
4.936671e+02	7.643331e-01	2.442499e-01	8.101013e-02	8.725944e-01	1.038823e+00	-1.022647e+00	-7.662579e-02	4.257360e-03	5.956412e-03	1.080402e-02	5.458116e-02	1.530452e-02	3.590085e-02	-1.773702e-02	1.167670e+00	8.320715e-01
4.947728e+02	7.675237e-01	2.470502e-01	8.575192e-02	8.644371e-01	1.033491e+00	-1.026696e+00	-7.020871e-02	-2.578864e-03	9.481575e-03	2.046587e-02	5.800774e-02	7.147178e-03	3.924950e-02	-1.372778e-03	1.169903e+00	8.322448e-01
5.034002e+02	7.593323e-01	2.407543e-01	7.496579e-02	8.885166e-01	1.049763e+00	-1.020253e+00	-7.857113e-02	-2.872881e-02	-1.178807e-02	3.704380e-02	5.062809e-02	-1.359811e-02	2.225039e-02	1.932230e-02	1.177552e+00	8.181082e-01
5.108631e+02	7.719930e-01	2.552800e-01	8.978648e-02	8.800731e-01	1.041357e+00	-1.033261e+00	-8.160833e-02	2.116444e-03	1.150097e-02	3.359551e-02	4.509365e-02	1.915471e-02	4.104379e-02	9.559801e-03	1.164082e+00	8.338798e-01
4.968824e+02	7.582215e-01	2.415785e-01	8.206915e-02	8.598594e-01	1.025139e+00	-1.028710e+00	-8.935344e-02	-1.281753e-02	1.888369e-02	3.588967e-03	3.969434e-02	7.309912e-03	4.627725e-02	-2.865348e-02	1.171811e+00	8.258846e-01
4.954222e+02	7.645140e-01	2.485195e-01	8.762030e-02	8.634627e-01	1.029834e+00	-1.033288e+00	-9.093231e-02	6.781599e-04	1.285957e-02	2.095381e-02	3.524683e-02	1.999048e-02	4.034422e-02	-3.915446e-03	1.168495e+00	8.295546e-01
4.951976e+02	7.618501e-01	2.459078e-01	8.648119e-02	8.619498e-01	1.033393e+00	-1.031116e+00	-8.022185e-02	8.682288e-03	-2.494430e-03	2.592146e-02	4.320850e-02	2.470727e-02	2.802229e-02	3.139249e-03	1.167984e+00	8.324063e-01
4.936691e+02	7.624427e-01	2.469672e-01	8.717377e-02	8.617651e-01	1.033080e+00	-1.033051e+00	-8.332239e-02	-5.733906e-03	8.729274e-03	2.508797e-02	3.940748e-02	1.065396e-02	3.739748e-02	4.015359e-03	1.172468e+00	8.268047e-01
5.141859e+02	7.701772e-01	2.535320e-01	9.595659e-02	8.505739e-01	1.031185e+00	-1.039021e+00	-6.488200e-02	-2.792136e-03	2.242905e-02	2.550986e-02	5.585766e-02	1.025347e-02	5.216804e-02	-2.627833e-03	1.161663e+00	8.405835e-01
5.356556e+02	7.433941e-01	2.290860e-01	7.220929e-02	8.574300e-01	1.037918e+00	-1.020811e+00	-1.034202e-01	-1.733051e-02	-2.199548e-03	8.354046e-04	2.209228e-02	6.677389e-04	2.633400e-02	-1.994760e-02	1.189373e+00	8.109611e-01
5.061236e+02	7.621011e-01	2.548948e-01	8.893709e-02	8.836807e-01	1.044653e+00	-1.041004e+00	-1.086767e-01	-3.859744e-04	6.768226e-03	3.232776e-02	2.035794e-02	2.300410e-02	3.097497e-02	2.299226e-02	1.171680e+00	8.235805e-01
4.966390e+02	7.597446e-01	2.533119e-01	9.093685e-02	8.716440e-01	1.038238e+00	-1.041583e+00	-7.526151e-02	-9.786753e-03	1.231124e-02	1.891284e-02	5.282409e-02	7.562837e-03	3.728819e-02	2.731220e-03	1.168310e+00	8.368747e-01
4.949690e+02	7.559019e-01	2.499149e-01	9.070140e-02	8.593195e-01	1.028156e+00	-1.042335e+00	-7.329411e-02	-1.673985e-02	2.168335e-02	5.612430e-03	5.681618e-02	9.092665e-04	4.261330e-02	-6.750767e-03	1.173610e+00	8.360533e-01
4.947149e+02	7.504803e-01	2.445640e-01	8.643326e-02	8.588161e-01	1.032878e+00	-1.038042e+00	-8.687185e-02	-8.149464e-03	8.643105e-03	5.714937e-03	4.405089e-02	9.745826e-03	3.392358e-02	-1.179155e-02	1.177154e+00	8.312548e-01
5.305835e+02	7.666190e-01	2.619673e-01	9.940235e-02	8.671761e-01	1.037114e+00	-1.051447e+00	-7.989528e-02	-5.404764e-03	2.869644e-02	2.334311e-02	5.205818e-02	7.361774e-03	5.551836e-02	4.086259e-03	1.167893e+00	8.403035e-01
5.563629e+02	7.325672e-01	2.283112e-01	7.195711e-02	8.533939e-01	1.038672e+00	-1.027637e+00	-1.110211e-01	-8.317117e-03	-1.991534e-02	-1.487676e-03	2.262948e-02	9.509549e-03	5.784653e-03	-1.810953e-02	1.194800e+00	8.141388e-01
4.999243e+02	7.530043e-01	2.527432e-01	9.550163e-02	8.472912e-01	1.025233e+00	-1.050912e+00	-1.014394e-01	-3.848969e-03	-8.940530e-04	2.795055e-02	2.867701e-02	1.905937e-02	2.395725e-02	1.901097e-02	1.181577e+00	8.237245e-01
5.111159e+02	7.556611e-01	2.598747e-01	9.683648e-02	8.707642e-01	1.044711e+00	-1.054483e+00	-8.037990e-02	1.188068e-02	-4.400670e-03	2.370794e-02	5.476750e-02	3.517351e-02	2.420452e-02	4.723447e-03	1.161739e+00	8.467475e-01
4.945353e+02	7.477582e-01	2.500189e-01	9.399351e-02	8.494413e-01	1.038002e+00	-1.050220e+00	-8.052429e-02	-1.909568e-02	-5.361404e-03	2.330880e-02	5.393817e-02	1.127755e-03	2.699226e-02	6.691381e-03	1.177081e+00	8.334896e-01
5.012105e+02	7.403074e-01	2.460412e-01	8.549681e-02	8.663169e-01	1.047675e+00	-1.046175e+00	-1.018663e-01	-1.893812e-02	7.881446e-04	1.691709e-03	3.805037e-02	5.475212e-03	3.412274e-02	-2.312843e-02	1.180274e+00	8.276232e-01
5.087871e+02	7.555997e-01	2.625960e-01	9.762109e-02	8.765163e-01	1.054475e+00	-1.059435e+00	-8.194332e-02	-1.687052e-02	1.289611e-02	2.305518e-02	5.067459e-02	1.620847e-02	4.533002e-02	-2.545471e-03	1.160882e+00	8.417223e-01
4.986832e+02	7.402951e-01	2.480442e-01	8.663918e-02	8.646874e-01	1.044505e+00	-1.051597e+00	-1.152377e-01	-1.551035e-02	2.193728e-03	4.765449e-03	2.845858e-02	1.458436e-02	3.700149e-02	-1.730299e-02	1.177723e+00	8.264437e-01
5.054131e+02	7.508176e-01	2.580645e-01	9.759675e-02	8.538793e-01	1.029841e+00	-1.063139e+00	-1.209560e-01	-2.116367e-02	1.608847e-02	2.460780e-02	2.001348e-02	7.648616e-03	5.486390e-02	6.001202e-03	1.182854e+00	8.189121e-01
4.937833e+02	7.434774e-01	2.538052e-01	8.941968e-02	8.702162e-01	1.046292e+00	-1.058760e+00	-9.028389e-02	-5.641255e-03	-2.321050e-03	1.113100e-02	5.737437e-02	2.362453e-02	3.296550e-02	-9.350235e-03	1.161093e+00	8.485955e-01
4.946534e+02	7.453643e-01	2.530156e-01	9.533541e-02	8.462433e-01	1.027552e+00	-1.063926e+00	-1.121510e-01	-3.692612e-03	3.829591e-03	1.798058e-02	4.728761e-02	2.583935e-02	3.522347e-02	1.589312e-03	1.158691e+00	8.480883e-01
4.930677e+02	7.444960e-01	2.552057e-01	9.100968e-02	8.679996e-01	1.045620e+00	-1.062863e+00	-9.331979e-02	-1.433114e-02	2.273438e-03	1.802272e-02	5.835655e-02	1.450278e-02	3.707874e-02	-6.631241e-04	1.158318e+00	8.504012e-01
5.101765e+02	7.503953e-01	2.596354e-01	9.774352e-02	8.581666e-01	1.044130e+00	-1.066832e+00	-8.077092e-02	2.166351e-03	-1.342494e-03	2.787121e-02	6.499914e-02	3.012309e-02	2.945582e-02	1.668664e-02	1.152872e+00	8.606640e-01
5.378343e+02	7.260484e-01	2.380457e-01	7.609006e-02	8.627391e-01	1.051139e+00	-1.050857e+00	-1.251466e-01	-3.939324e-02	7.227376e-04	-3.989796e-03	2.429645e-02	-1.221252e-02	3.920345e-02	-2.818209e-02	1.186936e+00	8.232193e-01
5.100458e+02	7.488625e-01	2.654745e-01	9.458214e-02	8.845337e-01	1.055645e+00	-1.073037e+00	-1.256179e-01	-2.636681e-02	2.038576e-02	2.629060e-02	2.732243e-02	5.054546e-03	5.778323e-02	8.186329e-03	1.164399e+00	8.447806e-01
4.947514e+02	7.365395e-01	2.536270e-01	8.807726e-02	8.677777e-01	1.049688e+00	-1.067160e+00	-1.034503e-01	-3.236031e-02	3.779789e-03	1.384832e-02	4.650598e-02	-2.635613e-03	4.306483e-02	-4.742046e-03	1.167591e+00	8.470455e-01
4.951264e+02	7.403018e-01	2.582521e-01	9.184756e-02	8.641793e-01	1.046917e+00	-1.072950e+00	-1.194798e-01	-1.927183e-02	2.790706e-03	2.566912e-02	2.900857e-02	9.853415e-03	4.732984e-02	6.907742e-03	1.172524e+00	8.390606e-01
5.013651e+02	7.435054e-01	2.614093e-01	9.640110e-02	8.592614e-01	1.044307e+00	-1.076805e+00	-8.271378e-02	-9.571138e-03	9.035091e-04	2.433289e-02	6.779803e-02	1.964839e-02	4.239721e-02	5.051564e-03	1.153054e+00	8.666747e-01
4.935007e+02	7.359647e-01	2.490999e-01	9.766488e-02	8.178432e-01	1.024075e+00	-1.071154e+00	-8.688289e-02	-1.255522e-02	-1.282682e-03	1.373382e-02	5.933986e-02	1.258116e-02	3.949369e-02	-1.167976e-03	1.170721e+00	8.576453e-01
4.923896e+02	7.366278e-01	2.543405e-01	9.277539e-02	8.502396e-01	1.042558e+00	-1.073173e+00	-1.075095e-01	-1.077654e-02	8.751336e-04	1.627856e-02	4.450699e-02	1.959728e-02	4.360722e-02	-9.170416e-04	1.167827e+00	8.544685e-01
4.929092e+02	7.363685e-01	2.590589e-01	8.630611e-02	8.891462e-01	1.067911e+00	-1.073382e+00	-1.074254e-01	-1.384098e-02	-3.831496e-03	2.049740e-02	4.803465e-02	1.812959e-02	4.150403e-02	1.758548e-03	1.160795e+00	8.577708e-01
5.092026e+02	7.448907e-01	2.658492e-01	9.640972e-02	8.726021e-01	1.054498e+00	-1.081793e+00	-1.066162e-01	-1.135547e-02	1.017287e-02	2.929160e-02	4.424979e-02	2.139934e-02	5.573608e-02	1.075387e-02	1.160014e+00	8.574658e-01
5.087754e+02	7.410641e-01	2.541597e-01	1.034183e-01	8.045825e-01	1.011030e+00	-1.082960e+00	-1.299903e-01	-2.575975e-02	1.388251e-02	3.640604e-02	2.425697e-02	6.490970e-03	6.187601e-02	1.717811e-02	1.173718e+00	8.404186e-01
5.613205e+02	7.122523e-01	2.361014e-01	7.175640e-02	8.615294e-01	1.058548e+00	-1.059819e+00	-1.050017e-01	-2.137531e-02	-1.834780e-02	-1.242736e-02	5.065164e-02	1.209549e-02	2.750936e-02	-4.312099e-02	1.175270e+00	8.514053e-01
5.450132e+02	7.447519e-01	2.760496e-01	9.867013e-02	8.965642e-01	1.073065e+00	-1.088935e+00	-8.526429e-02	6.492620e-03	-7.679798e-03	3.718754e-02	6.719851e-02	4.290510e-02	3.302945e-02	2.256179e-02	1.143932e+00	8.807245e-01
5.334634e+02	7.133813e-01	2.482404e-01	7.625740e-02	8.818542e-01	1.073078e+00	-1.070331e+00	-1.173973e-01	-3.035593e-02	-1.196738e-02	-1.137670e-02	3.791173e-02	9.556884e-03	2.798937e-02	-3.084835e-02	1.184029e+00	8.509632e-01
5.055037e+02	7.342411e-01	2.736718e-01	9.403610e-02	8.995503e-01	1.082283e+00	-1.088551e+00	-9.656569e-02	-2.931642e-03	9.841606e-03	-1.844717e-03	5.257481e-02	3.163194e-02	4.827870e-02	-2.028070e-02	1.169969e+00	8.744672e-01
4.980557e+02	7.235767e-01	2.602342e-01	9.039671e-02	8.653697e-01	1.061133e+00	-1.085150e+00	-1.185985e-01	-4.590149e-02	9.005039e-04	1.136426e-02	3.508501e-02	-7.896799e-03	3.967025e-02	-1.954897e-03	1.187705e+00	8.513529e-01
4.961579e+02	7.316767e-01	2.692828e-01	9.658815e-02	8.750441e-01	1.068432e+00	-1.091432e+00	-1.029783e-01	-3.445276e-02	1.055030e-02	1.080300e-02	4.858835e-02	5.339919e-03	4.868555e-02	-7.248331e-03	1.170622e+00	8.710569e-01
4.982936e+02	7.310884e-01	2.661503e-01	9.989540e-02	8.482937e-01	1.049403e+00	-1.094741e+00	-1.148778e-01	-3.553640e-02	-1.361675e-03	3.151201e-02	3.936254e-02	6.218996e-03	3.690540e-02	1.724748e-02	1.174143e+00	8.652382e-01
5.161984e+02	7.150772e-01	2.514793e-01	8.817068e-02	8.398198e-01	1.048772e+00	-1.085126e+00	-1.428168e-01	-3.878068e-02	1.662603e-03	-1.287386e-03	1.463021e-02	1.342058e-02	3.305362e-02	-2.386733e-02	1.187063e+00	8.512890e-01
5.490328e+02	7.416569e-01	2.780727e-01	1.092638e-01	8.476147e-01	1.047351e+00	-1.107940e+00	-1.024547e-01	-1.543839e-02	1.035309e-02	3.605234e-02	5.684574e-02	3.344549e-02	4.303047e-02	1.709294e-02	1.154117e+00	8.902111e-01
5.946866e+02	6.948275e-01	2.354953e-01	7.769157e-02	8.086762e-01	1.032860e+00	-1.081583e+00	-1.359499e-01	-7.831576e-02	-3.904753e-02	1.506116e-02	3.356814e-02	-3.037960e-02	4.763618e-03	-8.707805e-03	1.196564e+00	8.480471e-01
5.013396e+02	7.226034e-01	2.676535e-01	1.032566e-01	8.222956e-01	1.027211e+00	-1.110993e+00	-1.223239e-01	-6.070766e-02	-1.129058e-02	3.943662e-02	4.488912e-02	-1.317781e-02	3.900542e-02	9.563932e-03	1.172675e+00	8.733205e-01
5.420133e+02	7.346367e-01	2.825360e-01	1.141315e-01	8.331916e-01	1.031460e+00	-1.124043e+00	-1.146885e-01	-1.702341e-02	9.108552e-04	3.354336e-02	5.134148e-02	2.926965e-02	5.513070e-02	-7.231649e-03	1.147887e+00	9.018925e-01
5.948546e+02	6.857774e-01	2.433950e-01	8.253951e-02	8.198465e-01	1.041434e+00	-1.093604e+00	-1.403038e-01	-6.554973e-02	-3.566942e-02	-1.865058e-02	2.787996e-02	-2.004393e-02	1.847834e-02	-4.890205e-02	1.194568e+00	8.626031e-01
5.002758e+02	7.187285e-01	2.792416e-01	1.101243e-01	8.391232e-01	1.044189e+00	-1.123926e+00	-1.081061e-01	-5.061114e-02	-8.959752e-03	1.575182e-02	5.692478e-02	-3.992608e-03	3.757907e-02	2.765876e-03	1.168214e+00	8.952764e-01
5.034504e+02	7.181458e-01	2.823775e-01	1.104148e-01	8.453079e-01	1.044200e+00	-1.128705e+00	-1.482806e-01	-4.064825e-02	-5.079626e-03	1.492840e-02	2.734101e-02	1.127579e-02	4.198492e-02	5.907323e-03	1.169703e+00	8.890570e-01
5.113449e+02	6.990981e-01	2.668228e-01	1.009338e-01	8.247822e-01	1.033389e+00	-1.119579e+00	-1.609518e-01	-2.481489e-02	-1.903998e-02	-1.938238e-02	1.645603e-02	2.640577e-02	2.677717e-02	-2.637814e-02	1.179484e+00	8.841033e-01
5.198102e+02	7.210099e-01	2.885288e-01	1.156662e-01	8.493439e-01	1.046289e+00	-1.135992e+00	-1.231119e-01	-3.316532e-02	-6.031244e-03	1.499236e-02	5.681494e-02	1.751145e-02	4.089265e-02	1.036264e-02	1.152546e+00	9.126111e-01
5.338083e+02	6.902155e-01	2.613467e-01	9.848120e-02	8.229824e-01	1.045828e+00	-1.117423e+00	-1.598222e-01	-8.272544e-02	-3.586784e-02	3.050738e-03	3.651877e-02	-2.944580e-02	1.284528e-02	2.620245e-04	1.178059e+00	8.822508e-01
5.448826e+02	7.218656e-01	2.945281e-01	1.226781e-01	8.534784e-01	1.055094e+00	-1.143091e+00	-1.481493e-01	-5.153379e-02	-8.052991e-03	3.164809e-02	4.442507e-02	4.373144e-03	4.111481e-02	2.396242e-02	1.147465e+00	9.137574e-01
4.970725e+02	7.051708e-01	2.833563e-01	1.158420e-01	8.518857e-01	1.067261e+00	-1.133925e+00	-1.428663e-01	-4.196079e-02	-3.813039e-02	1.478652e-02	4.816185e-02	1.195246e-02	1.257019e-02	3.590871e-03	1.155389e+00	9.152637e-01
5.220635e+02	6.854820e-01	2.696594e-01	1.046672e-01	8.470965e-01	1.066359e+00	-1.125142e+00	-1.605546e-01	-5.190645e-02	-3.202816e-02	-2.800838e-02	3.177339e-02	4.534915e-03	1.988123e-02	-4.370387e-02	1.171727e+00	8.987902e-01
5.028036e+02	6.959870e-01	2.837964e-01	1.087328e-01	8.903323e-01	1.092089e+00	-1.133011e+00	-1.886692e-01	-4.585403e-02	-1.422545e-02	-2.097141e-02	1.124294e-02	1.569516e-02	3.692233e-02	-3.713667e-02	1.163747e+00	8.995626e-01
6.512603e+02	7.279142e-01	3.087900e-01	1.351100e-01	8.763827e-01	1.072660e+00	-1.155936e+00	-1.263570e-01	-3.215117e-02	6.716542e-03	2.075974e-02	6.728623e-02	2.597468e-02	5.576097e-02	1.036636e-02	1.127862e+00	9.450080e-01
7.886823e+02	6.329103e-01	2.291481e-01	7.701854e-02	7.992860e-01	1.066377e+00	-1.103263e+00	-1.956364e-01	-5.228942e-02	-1.055522e-01	-7.115862e-02	9.666418e-03	1.181520e-03	-5.231860e-02	-8.059899e-02	1.201998e+00	8.859316e-01
6.999828e+02	6.451551e-01	2.479249e-01	9.227735e-02	8.067447e-01	1.074265e+00	-1.122508e+00	-1.957954e-01	-3.626478e-02	-1.051081e-01	-5.976650e-02	1.009509e-02	1.781875e-02	-5.382177e-02	-7.777305e-02	1.191507e+00	9.016681e-01
5.118694e+02	6.926295e-01	2.947507e-01	1.287741e-01	8.375841e-01	1.086855e+00	-1.161805e+00	-1.761888e-01	-1.550045e-02	-6.423986e-02	-1.061345e-02	2.755608e-02	4.033339e-02	-1.292756e-02	-4.444920e-02	1.151993e+00	9.385919e-01
6.053922e+02	7.169550e-01	3.170008e-01	1.468950e-01	8.444163e-01	1.086421e+00	-1.181311e+00	-1.436630e-01	-2.401160e-02	-3.723834e-02	1.706612e-02	5.825374e-02	3.099206e-02	1.571384e-02	-2.030052e-02	1.130804e+00	9.641868e-01
6.742933e+02	6.447195e-01	2.615161e-01	1.011932e-01	7.905351e-01	1.068764e+00	-1.147649e+00	-1.557925e-01	-1.175112e-01	-9.202490e-02	-5.823594e-02	4.946402e-02	-6.924645e-02	-2.833188e-02	-8.501524e-02	1.202327e+00	9.062784e-01
5.549967e+02	6.679522e-01	2.853828e-01	1.194716e-01	8.058011e-01	1.073767e+00	-1.170186e+00	-1.618555e-01	-1.241481e-01	-7.150573e-02	-2.552977e-02	4.287831e-02	-7.096327e-02	-1.706004e-04	-5.950218e-02	1.189255e+00	9.238579e-01
5.721375e+02	7.111100e-01	3.187001e-01	1.511182e-01	8.030673e-01	1.060228e+00	-1.201880e+00	-1.675595e-01	-8.774063e-02	-2.130053e-02	1.127660e-02	3.479651e-02	-2.293869e-02	5.323086e-02	-3.315675e-02	1.145320e+00	9.740743e-01
5.424637e+02	6.646763e-01	2.925183e-01	1.152358e-01	8.254923e-01	1.093494e+00	-1.182760e+00	-1.617428e-01	-6.567312e-02	-9.887153e-02	-3.429120e-02	3.570158e-02	2.850572e-03	-1.808333e-02	-8.561430e-02	1.149625e+00	9.737207e-01
5.350710e+02	6.695944e-01	2.989754e-01	1.175221e-01	8.318222e-01	1.102515e+00	-1.188372e+00	-1.399492e-01	-3.899543e-02	-1.120033e-01	-2.568595e-02	5.121918e-02	2.548065e-02	-3.016065e-02	-8.225887e-02	1.135100e+00	9.928791e-01
5.820043e+02	7.087524e-01	3.323926e-01	1.384986e-01	8.670671e-01	1.116543e+00	-1.212530e+00	-1.389717e-01	-4.524191e-02	-6.156253e-02	2.105991e-02	5.027771e-02	2.162414e-02	2.414986e-02	-4.676423e-02	1.113277e+00	1.010169e+00
5.393416e+02	6.661183e-01	2.990631e-01	1.081652e-01	8.382457e-01	1.112035e+00	-1.193450e+00	-1.986071e-01	-9.969783e-02	-9.293274e-02	-1.628370e-02	1.330865e-02	-3.742950e-02	5.532400e-03	-8.361152e-02	1.164890e+00	9.583463e-01
5.006878e+02	6.876460e-01	3.155994e-01	1.236117e-01	8.289483e-01	1.098225e+00	-1.210442e+00	-1.995527e-01	-1.050997e-01	-6.635123e-02	1.286129e-02	1.383604e-02	-3.912743e-02	3.187861e-02	-6.156352e-02	1.154426e+00	9.710538e-01
5.361345e+02	7.030883e-01	3.283080e-01	1.338487e-01	8.265342e-01	1.086781e+00	-1.222497e+00	-1.823726e-01	-9.573127e-02	-4.673426e-02	2.568243e-02	3.320556e-02	-3.057038e-02	4.737515e-02	-4.801528e-02	1.137250e+00	9.970676e-01
5.540486e+02	6.615825e-01	2.951703e-01	1.092911e-01	7.847727e-01	1.083278e+00	-1.203038e+00	-1.931263e-01	-6.141108e-02	-9.956382e-02	-3.097734e-02	1.813807e-02	9.145112e-03	-6.031166e-03	-1.189297e-01	1.146119e+00	9.917958e-01
5.018239e+02	6.882682e-01	3.168875e-01	1.274121e-01	7.877053e-01	1.077287e+00	-1.223020e+00	-1.812731e-01	-4.579575e-02	-7.534207e-02	9.258009e-04	2.495981e-02	2.762840e-02	1.482295e-02	-8.346643e-02	1.126208e+00	1.013058e+00
4.942853e+02	6.868001e-01	3.150387e-01	1.286758e-01	7.794893e-01	1.078603e+00	-1.223472e+00	-1.524154e-01	-6.707909e-02	-7.410902e-02	4.298390e-04	5.249246e-02	3.812065e-03	1.596183e-02	-7.848822e-02	1.123261e+00	1.019696e+00
4.971100e+02	6.867471e-01	3.146351e-01	1.289698e-01	7.800832e-01	1.082067e+00	-1.224135e+00	-1.488043e-01	-1.022884e-01	-6.506331e-02	6.390207e-03	5.995782e-02	-2.671349e-02	2.191618e-02	-6.730444e-02	1.127024e+00	1.012872e+00
4.931476e+02	6.852418e-01	3.127639e-01	1.293463e-01	7.681175e-01	1.078258e+00	-1.223523e+00	-1.935226e-01	-8.109862e-02	-6.251110e-02	3.035354e-03	1.981040e-02	-5.559876e-03	2.513142e-02	-6.833142e-02	1.137891e+00	1.003704e+00
5.104889e+02	6.854800e-01	3.121936e-01	1.293838e-01	7.583831e-01	1.069996e+00	-1.224354e+00	-2.385049e-01	-1.010981e-01	-4.362172e-02	4.552079e-03	-1.734848e-02	-2.210798e-02	3.706015e-02	-5.866210e-02	1.153770e+00	9.809057e-01
4.995830e+02	6.894730e-01	3.172334e-01	1.317212e-01	7.749763e-01	1.086132e+00	-1.227996e+00	-1.757023e-01	-5.917390e-02	-6.192768e-02	4.098815e-03	4.505181e-02	1.738691e-02	2.012261e-02	-6.295366e-02	1.109388e+00	1.049687e+00
5.106673e+02	6.716258e-01	3.031013e-01	1.225581e-01	7.552790e-01	1.084914e+00	-1.219453e+00	-1.819934e-01	-5.441287e-02	-6.114829e-02	-3.666578e-02	4.696394e-02	1.703422e-02	2.024057e-02	-1.092047e-01	1.118273e+00	1.051642e+00
5.092309e+02	6.940815e-01	3.206940e-01	1.347401e-01	7.731656e-01	1.091515e+00	-1.232481e+00	-1.669344e-01	-6.960984e-02	-5.263199e-02	1.225957e-02	5.590447e-02	3.723793e-03	2.971587e-02	-5.567324e-02	1.108100e+00	1.061206e+00
5.042057e+02	6.731363e-01	3.012968e-01	1.242485e-01	7.267420e-01	1.067261e+00	-1.224485e+00	-1.982547e-01	-9.990211e-02	-7.642692e-02	1.135060e-02	3.048360e-02	-1.410881e-02	1.219732e-02	-5.796853e-02	1.126328e+00	1.037385e+00
5.035024e+02	6.912331e-01	3.170984e-01	1.329280e-01	7.548157e-01	1.078910e+00	-1.235331e+00	-1.925526e-01	-8.069005e-02	-5.781614e-02	2.382225e-02	3.462444e-02	2.539579e-03	2.825535e-02	-4.055610e-02	1.115890e+00	1.050747e+00
4.915111e+02	6.817224e-01	3.117266e-01	1.257099e-01	7.626899e-01	1.087101e+00	-1.230342e+00	-1.764725e-01	-8.147116e-02	-5.712474e-02	-1.834711e-03	4.168224e-02	-9.229663e-07	2.525788e-02	-6.270144e-02	1.128299e+00	1.046499e+00
4.925441e+02	6.839805e-01	3.133803e-01	1.276503e-01	7.586212e-01	1.085000e+00	-1.233080e+00	-1.863272e-01	-7.404633e-02	-5.650347e-02	4.048400e-03	3.473109e-02	7.712312e-03	2.778587e-02	-5.681722e-02	1.127240e+00	1.046293e+00
4.964382e+02	6.757640e-01	3.059507e-01	1.241954e-01	7.373225e-01	1.072666e+00	-1.230546e+00	-2.004304e-01	-7.593681e-02	-7.074078e-02	6.502237e-03	2.481957e-02	4.247089e-03	2.195726e-02	-5.627260e-02	1.133447e+00	1.038523e+00
5.265689e+02	6.967145e-01	3.231230e-01	1.360323e-01	7.602627e-01	1.086153e+00	-1.241984e+00	-1.725584e-01	-6.702936e-02	-4.452037e-02	1.830885e-02	4.800960e-02	1.339420e-02	3.995503e-02	-4.045067e-02	1.117209e+00	1.057840e+00
5.260073e+02	6.631323e-01	2.979393e-01	1.142924e-01	7.421949e-01	1.090006e+00	-1.224237e+00	-1.758629e-01	-1.025467e-01	-5.726235e-02	-3.105808e-02	3.998399e-02	-2.075201e-02	2.142536e-02	-8.377283e-02	1.157196e+00	1.026942e+00
4.920334e+02	6.832618e-01	3.133781e-01	1.274296e-01	7.441311e-01	1.085499e+00	-1.238628e+00	-1.717152e-01	-7.710454e-02	-5.624056e-02	4.359017e-03	4.166566e-02	4.696288e-03	1.922998e-02	-5.303461e-02	1.140615e+00	1.046061e+00
5.296788e+02	6.963404e-01	3.215127e-01	1.395959e-01	7.245733e-01	1.073385e+00	-1.247154e+00	-1.319812e-01	-5.556651e-02	-4.549611e-02	8.835340e-03	6.805237e-02	2.265472e-02	2.394842e-02	-5.217934e-02	1.123761e+00	1.070719e+00
5.697724e+02	6.541680e-01	2.907503e-01	1.098885e-01	7.117614e-01	1.080128e+00	-1.225586e+00	-2.394663e-01	-1.038678e-01	-7.056534e-02	-1.824959e-02	-2.354305e-02	-2.388052e-02	9.823555e-03	-7.809142e-02	1.182401e+00	1.008491e+00
5.105332e+02	6.865572e-01	3.188256e-01	1.299811e-01	7.431202e-01	1.088907e+00	-1.249541e+00	-2.294699e-01	-7.375958e-02	-3.271597e-02	1.480304e-03	-9.239664e-03	8.002482e-03	4.457025e-02	-6.682653e-02	1.142782e+00	1.064230e+00
4.940559e+02	6.771706e-01	3.132811e-01	1.225257e-01	7.547195e-01	1.105497e+00	-1.246042e+00	-2.016148e-01	-9.134804e-02	-5.924851e-02	7.189958e-03	2.405434e-02	-8.817809e-03	1.996297e-02	-5.934285e-02	1.131612e+00	1.085091e+00
4.957690e+02	6.814821e-01	3.148127e-01	1.273481e-01	7.380225e-01	1.095895e+00	-1.249363e+00	-1.941872e-01	-1.031001e-01	-5.712466e-02	2.020905e-02	2.955180e-02	-1.689289e-02	2.030912e-02	-4.369805e-02	1.127616e+00	1.089831e+00
5.039309e+02	6.868882e-01	3.223459e-01	1.287837e-01	7.664576e-01	1.116410e+00	-1.253407e+00	-1.611316e-01	-6.997907e-02	-5.530356e-02	1.035739e-02	5.962598e-02	1.309264e-02	1.931661e-02	-5.689136e-02	1.105532e+00	1.120179e+00
5.022582e+02	6.829696e-01	3.162293e-01	1.335598e-01	7.156410e-01	1.079235e+00	-1.254479e+00	-1.727731e-01	-4.490327e-02	-4.545969e-02	-9.289274e-03	4.154395e-02	3.054783e-02	2.599074e-02	-7.099367e-02	1.124602e+00	1.112520e+00
5.219760e+02	6.613199e-01	3.012946e-01	1.155589e-01	7.317520e-01	1.100748e+00	-1.241331e+00	-1.976623e-01	-1.071023e-01	-6.481951e-02	-7.938454e-03	2.445889e-02	-2.885845e-02	1.522779e-02	-6.720987e-02	1.149144e+00	1.083644e+00
5.085421e+02	6.853798e-01	3.200775e-01	1.294662e-01	7.476049e-01	1.104318e+00	-1.256803e+00	-1.878151e-01	-1.157109e-01	-4.278204e-02	2.725022e-02	3.231492e-02	-2.881038e-02	3.378627e-02	-2.953077e-02	1.127787e+00	1.101051e+00
4.928021e+02	6.737065e-01	3.132772e-01	1.217136e-01	7.491249e-01	1.109163e+00	-1.252442e+00	-1.784696e-01	-7.918264e-02	-5.645479e-02	-1.792532e-03	3.987512e-02	1.708660e-03	2.246890e-02	-6.610498e-02	1.121923e+00	1.115618e+00
5.095973e+02	6.880919e-01	3.207458e-01	1.364623e-01	7.104016e-01	1.084432e+00	-1.262040e+00	-1.569239e-01	-5.965818e-02	-4.790461e-02	1.506529e-02	5.294464e-02	1.484345e-02	3.095273e-02	-4.936220e-02	1.111580e+00	1.130393e+00
5.196140e+02	6.593683e-01	3.030343e-01	1.139515e-01	7.320709e-01	1.105776e+00	-1.247099e+00	-1.948311e-01	-7.713915e-02	-6.437487e-02	-1.958932e-02	2.409414e-02	-5.227825e-04	1.830327e-02	-8.630179e-02	1.139964e+00	1.102616e+00
4.961450e+02	6.713521e-01	3.166603e-01	1.165162e-01	7.784917e-01	1.131938e+00	-1.254324e+00	-1.911118e-01	-6.547036e-02	-5.619190e-02	-8.387632e-03	3.150201e-02	7.266741e-03	2.262933e-02	-7.317692e-02	1.132125e+00	1.114454e+00
5.625418e+02	6.974160e-01	3.356230e-01	1.350856e-01	7.751551e-01	1.121855e+00	-1.270100e+00	-1.680982e-01	-6.157193e-02	-3.482726e-02	2.692253e-02	4.893931e-02	1.266463e-02	4.108096e-02	-4.268084e-02	1.114074e+00	1.131820e+00
4.985123e+02	6.779635e-01	3.191555e-01	1.251809e-01	7.362083e-01	1.103461e+00	-1.262379e+00	-1.786387e-01	-8.884596e-02	-2.917759e-02	-6.379978e-03	3.989550e-02	-2.059142e-02	5.009867e-02	-8.281997e-02	1.146175e+00	1.108499e+00
5.672185e+02	6.467912e-01	2.943349e-01	1.066252e-01	7.068631e-01	1.095027e+00	-1.247106e+00	-2.069929e-01	-9.584381e-02	-7.671180e-02	-1.815889e-02	1.409686e-02	-2.464259e-02	5.599628e-03	-9.258630e-02	1.169701e+00	1.080754e+00
