# loss | a0 ... a15
6.492239e+02	6.016000e-01	3.186000e-01	4.624000e-02	7.310000e-01	1.086800e+00	-8.202000e-01	-2.005000e-02	4.970000e-02	3.200000e-03	-4.020000e-02	-4.960000e-03	-4.710000e-03	1.053600e-02	1.041600e-02	1.272800e+00	7.936000e-01
1.248326e+03	6.785800e-01	3.955800e-01	1.232200e-01	8.079800e-01	1.163780e+00	-8.971800e-01	5.693004e-02	1.266800e-01	8.018004e-02	3.678004e-02	7.202004e-02	7.227004e-02	8.751604e-02	8.739604e-02	1.195820e+00	8.705800e-01
5.923940e+02	6.089394e-01	3.272049e-01	5.597929e-02	7.360376e-01	1.090957e+00	-8.336356e-01	-1.392342e-02	5.231152e-02	1.053446e-02	-3.093562e-02	3.688810e-03	-1.325905e-03	2.132079e-02	2.057398e-02	1.264284e+00	8.036509e-01
7.406781e+02	5.868371e-01	3.061078e-01	3.762286e-02	7.065110e-01	1.059912e+00	-8.191105e-01	-3.733456e-02	2.489483e-02	-1.248672e-02	-5.064259e-02	-1.636303e-02	-2.732770e-02	1.946735e-03	2.017764e-03	1.283342e+00	7.866961e-01
6.871524e+02	5.918875e-01	3.144571e-01	4.783568e-02	7.082773e-01	1.056338e+00	-8.390214e-01	-4.015397e-02	1.570162e-02	-8.734783e-03	-3.835236e-02	-1.426587e-02	-3.361136e-02	1.405143e-02	1.506435e-02	1.276223e+00	7.953423e-01
5.831113e+02	6.054706e-01	3.307217e-01	6.643374e-02	7.165458e-01	1.059014e+00	-8.663994e-01	-3.583379e-02	1.754114e-02	3.853151e-03	-1.953706e-02	-4.220037e-03	-2.738423e-02	3.198878e-02	3.713329e-02	1.258607e+00	8.155690e-01
4.999382e+02	6.251397e-01	3.521583e-01	8.896031e-02	7.331725e-01	1.071033e+00	-8.974495e-01	-1.992939e-02	2.241385e-02	2.138311e-02	6.755420e-03	1.770883e-02	-1.810954e-02	5.588232e-02	6.622081e-02	1.233588e+00	8.426735e-01
5.181575e+02	6.366766e-01	3.651205e-01	1.005211e-01	7.489705e-01	1.084584e+00	-9.156596e-01	-7.769285e-03	2.214265e-02	3.111590e-02	2.395984e-02	3.444417e-02	-1.584049e-02	7.070780e-02	8.351328e-02	1.216052e+00	8.594515e-01
5.365977e+02	6.402206e-01	3.685843e-01	1.062315e-01	7.464204e-01	1.082233e+00	-9.226132e-01	-5.823274e-05	2.867472e-02	2.681571e-02	3.086385e-02	4.446718e-02	-5.763173e-03	6.481709e-02	8.993316e-02	1.203237e+00	8.724790e-01
4.993357e+02	6.258986e-01	3.543153e-01	9.632922e-02	7.229304e-01	1.061575e+00	-9.107974e-01	-1.198889e-02	2.060518e-02	4.699361e-03	2.201159e-02	3.723899e-02	-1.284472e-02	3.893374e-02	7.952351e-02	1.209319e+00	8.638146e-01
4.978458e+02	6.240863e-01	3.530861e-01	9.551632e-02	7.215577e-01	1.061917e+00	-9.105968e-01	-1.176837e-02	2.579982e-02	2.658484e-03	1.527533e-02	3.882922e-02	-4.364833e-03	3.615836e-02	7.016525e-02	1.202898e+00	8.691420e-01
5.017478e+02	6.305582e-01	3.591634e-01	1.020789e-01	7.247806e-01	1.065911e+00	-9.185845e-01	-5.446198e-04	2.762664e-02	1.136442e-02	2.076038e-02	5.101734e-02	-2.751544e-03	4.625314e-02	7.366579e-02	1.194294e+00	8.779614e-01
4.955872e+02	6.267653e-01	3.557119e-01	9.923844e-02	7.213429e-01	1.066193e+00	-9.158677e-01	-1.098595e-02	2.975557e-02	1.030924e-02	1.290198e-02	4.350428e-02	3.655333e-03	4.533168e-02	6.217164e-02	1.189914e+00	8.775668e-01
4.945671e+02	6.261278e-01	3.543233e-01	9.975034e-02	7.156206e-01	1.062215e+00	-9.169806e-01	-2.228439e-02	2.896975e-02	9.738865e-03	1.558161e-02	3.341963e-02	7.901420e-03	4.850778e-02	5.844190e-02	1.183988e+00	8.748104e-01
4.948402e+02	6.271818e-01	3.553360e-01	1.008447e-01	7.166393e-01	1.067002e+00	-9.184387e-01	-1.904406e-02	2.864345e-02	1.349141e-02	1.460073e-02	3.913296e-02	8.458209e-03	5.268845e-02	5.631372e-02	1.178777e+00	8.790856e-01
4.941446e+02	6.246398e-01	3.530070e-01	9.818448e-02	7.149539e-01	1.068521e+00	-9.167614e-01	-2.578153e-02	2.901126e-02	9.729294e-03	1.299431e-02	3.609311e-02	1.086275e-02	4.822075e-02	5.242354e-02	1.174344e+00	8.794250e-01
4.981880e+02	6.293824e-01	3.569334e-01	1.033050e-01	7.157541e-01	1.072368e+00	-9.222009e-01	-1.649792e-02	2.576434e-02	1.622966e-02	1.993813e-02	4.586622e-02	8.128954e-03	5.723915e-02	5.862892e-02	1.167619e+00	8.845803e-01
4.971551e+02	6.281372e-01	3.545335e-01	1.042794e-01	7.055798e-01	1.067669e+00	-9.216304e-01	-1.649245e-02	1.676901e-02	1.968124e-02	2.115156e-02	4.703166e-02	1.444358e-03	6.008919e-02	5.896674e-02	1.166662e+00	8.830193e-01
4.954978e+02	6.267641e-01	3.533522e-01	1.027233e-01	7.059094e-01	1.071538e+00	-9.203632e-01	-1.803953e-02	1.728381e-02	1.469077e-02	2.188286e-02	4.662124e-02	2.647620e-03	5.594597e-02	5.783878e-02	1.163808e+00	8.832313e-01
4.958041e+02	6.262330e-01	3.516859e-01	1.038618e-01	6.969188e-01	1.065293e+00	-9.209216e-01	-1.990266e-02	1.839222e-02	7.525335e-03	2.744132e-02	4.469533e-02	7.418241e-03	4.718613e-02	6.084848e-02	1.157623e+00	8.841458e-01
4.950278e+02	6.264637e-01	3.523425e-01	1.030817e-01	7.018827e-01	1.074940e+00	-9.210119e-01	-2.217081e-02	1.757640e-02	1.059965e-02	2.595930e-02	4.396460e-02	7.296869e-03	5.280745e-02	5.735889e-02	1.154648e+00	8.847113e-01
4.956923e+02	6.231634e-01	3.493043e-01	9.956494e-02	7.032496e-01	1.086873e+00	-9.161986e-01	-1.655759e-02	1.419411e-02	3.176549e-03	2.381454e-02	4.946092e-02	5.881400e-03	4.260782e-02	5.335975e-02	1.149806e+00	8.872165e-01
4.976246e+02	6.286574e-01	3.543132e-01	1.048959e-01	7.059764e-01	1.089137e+00	-9.235372e-01	-2.252984e-02	1.531709e-02	1.520070e-02	2.877384e-02	4.515306e-02	8.490152e-03	5.960343e-02	5.598391e-02	1.144692e+00	8.880555e-01
4.985030e+02	6.288166e-01	3.542933e-01	1.058952e-01	7.009818e-01	1.080398e+00	-9.270524e-01	-2.911176e-02	1.238700e-02	1.774624e-02	3.261708e-02	3.877873e-02	9.102422e-03	6.576100e-02	5.711408e-02	1.142302e+00	8.860954e-01
4.932463e+02	6.243406e-01	3.497682e-01	1.023747e-01	6.958942e-01	1.083152e+00	-9.216368e-01	-3.048328e-02	1.069235e-02	1.299343e-02	2.656514e-02	3.899185e-02	7.579884e-03	5.959542e-02	4.953027e-02	1.141792e+00	8.849048e-01
4.944979e+02	6.262646e-01	3.521957e-01	1.027760e-01	7.044662e-01	1.099354e+00	-9.229519e-01	-2.743335e-02	1.310926e-02	1.389717e-02	2.724465e-02	4.179494e-02	1.352881e-02	5.934011e-02	4.907011e-02	1.134666e+00	8.900044e-01
4.934335e+02	6.239469e-01	3.489102e-01	1.025050e-01	6.940382e-01	1.091927e+00	-9.213669e-01	-2.547647e-02	9.064116e-03	9.842799e-03	2.825201e-02	4.472548e-02	8.984691e-03	5.541816e-02	4.885674e-02	1.132564e+00	8.895726e-01
4.948864e+02	6.266794e-01	3.511356e-01	1.047685e-01	6.968434e-01	1.099374e+00	-9.241257e-01	-3.407175e-02	7.405702e-03	1.884008e-02	2.993307e-02	3.873297e-02	9.853291e-03	6.369217e-02	5.118269e-02	1.129393e+00	8.885439e-01
4.940137e+02	6.247043e-01	3.484000e-01	1.047970e-01	6.870133e-01	1.092464e+00	-9.232371e-01	-2.548745e-02	5.574823e-03	1.098354e-02	3.255190e-02	4.714266e-02	8.363159e-03	5.709963e-02	5.128582e-02	1.124269e+00	8.918684e-01
4.959019e+02	6.198818e-01	3.463679e-01	9.688943e-02	7.014394e-01	1.112972e+00	-9.191275e-01	-1.636276e-02	5.041900e-03	2.237751e-03	2.525306e-02	5.402792e-02	1.358942e-02	4.890333e-02	3.758773e-02	1.114731e+00	8.967002e-01
5.004273e+02	6.283340e-01	3.524746e-01	1.076598e-01	6.944411e-01	1.107061e+00	-9.289054e-01	-2.028230e-02	5.874234e-03	1.147796e-02	4.037529e-02	5.164167e-02	1.440504e-02	6.151175e-02	5.584308e-02	1.109662e+00	8.985266e-01
5.129977e+02	6.315684e-01	3.550037e-01	1.123511e-01	6.910494e-01	1.107122e+00	-9.324622e-01	-1.249814e-02	1.915164e-03	2.880394e-02	3.511530e-02	5.842984e-02	8.909944e-03	7.999143e-02	5.208088e-02	1.107821e+00	9.013621e-01
5.059529e+02	6.130889e-01	3.369721e-01	9.711965e-02	6.685605e-01	1.089623e+00	-9.147854e-01	-4.369210e-02	-2.680432e-03	-2.637566e-03	2.838932e-02	3.120445e-02	6.588989e-03	4.742640e-02	4.440075e-02	1.121252e+00	8.852042e-01
4.983023e+02	6.209265e-01	3.432906e-01	1.069670e-01	6.637543e-01	1.080920e+00	-9.283485e-01	-4.210311e-02	-5.467470e-03	-3.504063e-03	5.191903e-02	3.514013e-02	6.519631e-03	5.339722e-02	6.910973e-02	1.109973e+00	8.890347e-01
4.983813e+02	6.257182e-01	3.487588e-01	1.103745e-01	6.758647e-01	1.098511e+00	-9.337029e-01	-3.705567e-02	2.933635e-03	6.151238e-03	4.736957e-02	4.193153e-02	1.805116e-02	6.588258e-02	6.336004e-02	1.095734e+00	8.997044e-01
4.994259e+02	6.258441e-01	3.488024e-01	1.104504e-01	6.762075e-01	1.103490e+00	-9.346782e-01	-2.169485e-02	-4.699202e-03	1.672877e-02	3.910870e-02	5.791900e-02	1.277986e-02	7.495546e-02	5.331478e-02	1.081560e+00	9.095853e-01
4.930898e+02	6.174895e-01	3.414239e-01	1.028224e-01	6.722382e-01	1.107782e+00	-9.255675e-01	-3.816658e-02	-8.722913e-04	5.881464e-03	2.935974e-02	4.314784e-02	1.807867e-02	6.566964e-02	4.117055e-02	1.086880e+00	9.040967e-01
4.997303e+02	6.254286e-01	3.466393e-01	1.142726e-01	6.608847e-01	1.098336e+00	-9.345119e-01	-2.309386e-02	3.524124e-03	4.923777e-03	4.499930e-02	5.462402e-02	2.224390e-02	6.251761e-02	6.233337e-02	1.078632e+00	9.143305e-01
4.927776e+02	6.172072e-01	3.408405e-01	1.037367e-01	6.695326e-01	1.116531e+00	-9.257838e-01	-4.443190e-02	-1.491862e-04	5.009884e-03	3.078446e-02	3.699824e-02	2.115317e-02	6.704159e-02	4.467176e-02	1.082486e+00	9.049773e-01
4.950457e+02	6.200686e-01	3.440859e-01	1.039576e-01	6.825964e-01	1.139840e+00	-9.287646e-01	-6.585882e-02	6.434908e-04	1.333900e-03	4.376930e-02	2.065405e-02	2.754924e-02	6.789097e-02	5.541401e-02	1.075379e+00	9.015064e-01
4.960609e+02	6.232892e-01	3.471678e-01	1.075560e-01	6.831888e-01	1.142062e+00	-9.331641e-01	-4.215899e-02	-4.719813e-03	1.243217e-02	4.087175e-02	4.734329e-02	2.094375e-02	7.950497e-02	5.256684e-02	1.065039e+00	9.130542e-01
4.982731e+02	6.131247e-01	3.397118e-01	9.421231e-02	6.939109e-01	1.164644e+00	-9.211281e-01	-3.603501e-02	-1.553201e-02	3.505263e-04	2.978073e-02	5.806932e-02	1.008418e-02	6.336747e-02	4.248651e-02	1.064907e+00	9.134813e-01
5.061818e+02	6.252772e-01	3.501023e-01	1.099868e-01	6.880226e-01	1.155613e+00	-9.368483e-01	-2.796537e-02	-1.147684e-02	1.399821e-02	4.570437e-02	6.438914e-02	1.468239e-02	7.990487e-02	6.051356e-02	1.055227e+00	9.206315e-01
4.985478e+02	6.222892e-01	3.463554e-01	1.106814e-01	6.731099e-01	1.138564e+00	-9.362625e-01	-4.133624e-02	-1.670023e-02	1.742656e-02	4.424491e-02	5.008768e-02	8.419994e-03	8.354469e-02	6.440177e-02	1.066012e+00	9.116779e-01
4.946083e+02	6.131760e-01	3.371913e-01	1.046499e-01	6.571994e-01	1.126740e+00	-9.284034e-01	-4.987132e-02	-1.324721e-02	2.410317e-03	3.644258e-02	4.245860e-02	1.486980e-02	6.790434e-02	5.478388e-02	1.065538e+00	9.104533e-01
4.932842e+02	6.140130e-01	3.365811e-01	1.086900e-01	6.441430e-01	1.115548e+00	-9.309940e-01	-4.006456e-02	-1.381838e-02	9.869531e-03	3.153675e-02	4.835342e-02	1.685589e-02	7.519099e-02	4.714247e-02	1.057468e+00	9.153725e-01
5.123068e+02	6.269775e-01	3.487768e-01	1.194428e-01	6.587360e-01	1.132372e+00	-9.453149e-01	-3.581981e-02	-3.219388e-03	1.250639e-02	5.209001e-02	5.228628e-02	3.139573e-02	7.977495e-02	6.868214e-02	1.040958e+00	9.252072e-01
4.996678e+02	6.213980e-01	3.430871e-01	1.148017e-01	6.499633e-01	1.129927e+00	-9.411234e-01	-3.037493e-02	-9.966482e-03	-3.353369e-03	5.624277e-02	5.384276e-02	2.550637e-02	6.604958e-02	7.338356e-02	1.041252e+00	9.232412e-01
4.988737e+02	6.097707e-01	3.327113e-01	1.037239e-01	6.440013e-01	1.130702e+00	-9.289202e-01	-4.661467e-02	-1.582970e-02	-5.675777e-03	3.733617e-02	4.108707e-02	2.083120e-02	6.328581e-02	5.605665e-02	1.049860e+00	9.149012e-01
4.964976e+02	6.192430e-01	3.407997e-01	1.142201e-01	6.446069e-01	1.134017e+00	-9.410849e-01	-3.402599e-02	-6.007565e-03	-4.110316e-03	5.001222e-02	5.085237e-02	3.607630e-02	6.556842e-02	6.743592e-02	1.030707e+00	9.263458e-01
4.969325e+02	6.208067e-01	3.431953e-01	1.138618e-01	6.544216e-01	1.146482e+00	-9.430065e-01	-4.223380e-02	-1.725101e-02	1.669619e-02	4.389082e-02	4.512545e-02	2.499701e-02	9.192210e-02	6.114835e-02	1.033302e+00	9.216659e-01
4.923430e+02	6.144506e-01	3.367783e-01	1.098530e-01	6.430604e-01	1.138936e+00	-9.376965e-01	-3.740926e-02	-2.343454e-02	1.806637e-02	3.131356e-02	4.839042e-02	2.066099e-02	9.647029e-02	4.467201e-02	1.031864e+00	9.213198e-01
4.923361e+02	6.162728e-01	3.386516e-01	1.103027e-01	6.491874e-01	1.150108e+00	-9.393362e-01	-3.699599e-02	-2.491039e-02	1.374247e-02	3.955085e-02	4.848325e-02	2.049999e-02	9.346898e-02	5.584369e-02	1.027850e+00	9.220030e-01
4.946052e+02	6.187499e-01	3.392121e-01	1.148850e-01	6.391262e-01	1.143476e+00	-9.417543e-01	-3.888228e-02	-1.940458e-02	6.317396e-03	4.982899e-02	4.638883e-02	2.751771e-02	8.346382e-02	7.032931e-02	1.025159e+00	9.235681e-01
4.928712e+02	6.167101e-01	3.381421e-01	1.114131e-01	6.454908e-01	1.156409e+00	-9.396348e-01	-3.374107e-02	-2.213992e-02	2.681290e-03	4.797842e-02	4.961622e-02	2.691983e-02	8.212535e-02	6.684578e-02	1.019397e+00	9.249759e-01
4.996146e+02	6.173547e-01	3.389833e-01	1.123655e-01	6.453191e-01	1.164728e+00	-9.398593e-01	1.757824e-03	-2.234648e-02	-1.628569e-04	4.406640e-02	7.571116e-02	2.738746e-02	7.908245e-02	6.062483e-02	1.006426e+00	9.371307e-01
4.916663e+02	6.131801e-01	3.344316e-01	1.085494e-01	6.401777e-01	1.161623e+00	-9.367838e-01	-4.044968e-02	-2.530567e-02	1.616971e-03	4.594511e-02	3.639762e-02	2.701392e-02	8.452254e-02	6.238199e-02	1.015688e+00	9.251192e-01
4.954656e+02	6.175463e-01	3.374275e-01	1.140366e-01	6.359013e-01	1.158556e+00	-9.437935e-01	-4.106943e-02	-3.203240e-02	4.354144e-03	5.987772e-02	3.792601e-02	1.931280e-02	9.492683e-02	7.146410e-02	1.007967e+00	9.281886e-01
4.922356e+02	6.158277e-01	3.362771e-01	1.122424e-01	6.370087e-01	1.164026e+00	-9.421448e-01	-4.302000e-02	-2.409712e-02	4.454165e-03	5.170979e-02	3.417559e-02	3.165984e-02	9.080777e-02	6.522245e-02	1.002285e+00	9.318350e-01
4.919587e+02	6.154842e-01	3.364975e-01	1.125473e-01	6.364667e-01	1.165168e+00	-9.418784e-01	-2.923656e-02	-1.596366e-02	4.341317e-03	4.357228e-02	4.368540e-02	4.168033e-02	8.926016e-02	5.743615e-02	9.972402e-01	9.397445e-01
4.917946e+02	6.151344e-01	3.353234e-01	1.128979e-01	6.320134e-01	1.166575e+00	-9.419486e-01	-2.616942e-02	-2.345869e-02	4.082238e-03	4.729940e-02	4.736543e-02	3.697849e-02	8.783305e-02	6.197085e-02	9.927692e-01	9.403797e-01
4.956690e+02	6.149190e-01	3.378456e-01	1.081720e-01	6.549227e-01	1.197777e+00	-9.402681e-01	-6.817126e-03	-2.218786e-02	3.359965e-03	3.982080e-02	6.227404e-02	4.108591e-02	7.945119e-02	5.935918e-02	9.821735e-01	9.489968e-01
4.918154e+02	6.142274e-01	3.344466e-01	1.109983e-01	6.350750e-01	1.177223e+00	-9.418244e-01	-2.811467e-02	-3.495900e-02	6.302023e-03	5.140098e-02	4.234325e-02	3.018141e-02	8.893205e-02	6.880454e-02	9.899945e-01	9.386530e-01
4.948344e+02	6.097548e-01	3.311780e-01	1.043757e-01	6.411798e-01	1.190690e+00	-9.358581e-01	-3.266019e-02	-4.426508e-02	-7.172149e-05	5.274898e-02	3.741116e-02	1.627516e-02	8.693666e-02	7.397523e-02	1.001215e+00	9.320122e-01
5.116693e+02	6.227571e-01	3.417829e-01	1.205785e-01	6.345745e-01	1.180779e+00	-9.530414e-01	-2.536255e-02	-3.477410e-02	1.597519e-02	6.459800e-02	4.271677e-02	3.136076e-02	1.039026e-01	7.943860e-02	9.818083e-01	9.424769e-01
4.946855e+02	6.153672e-01	3.334439e-01	1.177269e-01	6.102298e-01	1.156657e+00	-9.493454e-01	-2.174684e-02	-4.410834e-02	1.862124e-02	5.308158e-02	4.390053e-02	2.520279e-02	1.049073e-01	6.851216e-02	9.833153e-01	9.424953e-01
5.022031e+02	6.027750e-01	3.220234e-01	1.066831e-01	6.009909e-01	1.153677e+00	-9.366319e-01	-2.241432e-02	-3.794477e-02	-4.867740e-03	4.033608e-02	4.260868e-02	3.440614e-02	8.317006e-02	5.568577e-02	9.816480e-01	9.430845e-01
5.361562e+02	6.258259e-01	3.443182e-01	1.284389e-01	6.234371e-01	1.170797e+00	-9.647549e-01	-2.023123e-02	-1.038451e-02	1.154241e-02	6.247011e-02	4.436724e-02	6.489449e-02	1.009883e-01	8.220269e-02	9.593565e-01	9.553541e-01
5.190283e+02	5.955859e-01	3.170888e-01	9.908480e-02	6.048645e-01	1.165647e+00	-9.353593e-01	-1.392868e-02	-5.520163e-02	-6.815843e-03	2.975557e-02	4.714442e-02	2.709842e-02	9.169376e-02	5.180647e-02	9.834390e-01	9.431777e-01
4.957966e+02	6.109444e-01	3.315800e-01	1.163821e-01	6.065376e-01	1.162695e+00	-9.610581e-01	-3.708801e-03	-6.560358e-02	1.277686e-02	5.324923e-02	5.368921e-02	2.636788e-02	1.189037e-01	7.638906e-02	9.679340e-01	9.491012e-01
4.936488e+02	6.098812e-01	3.325523e-01	1.137117e-01	6.217970e-01	1.186415e+00	-9.594923e-01	5.663209e-03	-5.847621e-02	2.720581e-03	4.908558e-02	5.963691e-02	3.668568e-02	1.073590e-01	7.694366e-02	9.612527e-01	9.545419e-01
4.983310e+02	6.142543e-01	3.345252e-01	1.241708e-01	5.989839e-01	1.161625e+00	-9.665998e-01	-5.221378e-05	-3.393758e-02	7.036759e-03	4.634128e-02	4.919085e-02	5.874460e-02	1.082739e-01	8.104638e-02	9.648710e-01	9.568690e-01
4.955425e+02	6.017850e-01	3.250197e-01	1.072129e-01	6.152226e-01	1.191255e+00	-9.512641e-01	-1.023202e-02	-5.264919e-02	-1.091328e-02	4.171794e-02	4.042867e-02	4.945347e-02	9.357142e-02	7.449173e-02	9.683943e-01	9.486077e-01
4.945868e+02	6.039019e-01	3.291239e-01	1.039200e-01	6.407118e-01	1.222243e+00	-9.527396e-01	-2.087406e-02	-6.114964e-02	-1.398460e-02	5.362033e-02	3.056272e-02	4.819552e-02	9.148907e-02	8.489130e-02	9.658708e-01	9.437193e-01
5.379138e+02	6.217166e-01	3.453925e-01	1.224790e-01	6.478987e-01	1.230896e+00	-9.722339e-01	4.267669e-03	-5.703084e-02	8.560927e-03	6.839537e-02	5.653092e-02	5.236069e-02	1.139482e-01	9.569420e-02	9.445622e-01	9.580168e-01
5.156690e+02	5.936506e-01	3.174423e-01	9.955724e-02	6.108013e-01	1.198081e+00	-9.486018e-01	-1.941655e-02	-8.788432e-02	-3.663156e-03	3.807378e-02	4.306170e-02	2.370230e-02	1.028829e-01	6.332700e-02	9.717672e-01	9.429555e-01
5.008016e+02	6.135062e-01	3.365750e-01	1.198967e-01	6.250011e-01	1.209761e+00	-9.737869e-01	-1.490075e-02	-7.578400e-02	1.431009e-02	5.882660e-02	4.538098e-02	4.237730e-02	1.178583e-01	7.950644e-02	9.554867e-01	9.521845e-01
4.936175e+02	6.021138e-01	3.286424e-01	1.059613e-01	6.364252e-01	1.232727e+00	-9.622785e-01	-1.141096e-02	-7.503561e-02	-7.406004e-03	4.526184e-02	4.362262e-02	4.913856e-02	9.779294e-02	6.147395e-02	9.551391e-01	9.507307e-01
5.047435e+02	6.145587e-01	3.391977e-01	1.215043e-01	6.302636e-01	1.223436e+00	-9.789372e-01	-6.882388e-03	-6.388984e-02	3.126401e-03	6.000246e-02	4.671589e-02	6.042795e-02	1.030419e-01	7.775750e-02	9.441769e-01	9.573338e-01
4.949321e+02	6.104849e-01	3.323702e-01	1.227954e-01	5.982758e-01	1.192662e+00	-9.788186e-01	-1.330315e-02	-7.613784e-02	3.066315e-03	6.292631e-02	4.130732e-02	4.998382e-02	1.043744e-01	8.180907e-02	9.519845e-01	9.520020e-01
4.963157e+02	5.991537e-01	3.225065e-01	1.127851e-01	5.927048e-01	1.192181e+00	-9.679435e-01	-1.386806e-02	-7.483865e-02	-5.361595e-03	4.319798e-02	3.880848e-02	5.258518e-02	9.436322e-02	6.330614e-02	9.557392e-01	9.502266e-01
5.009719e+02	6.126964e-01	3.353446e-01	1.260062e-01	6.011224e-01	1.199918e+00	-9.832714e-01	1.366127e-03	-5.105856e-02	-9.307729e-04	5.337870e-02	5.250448e-02	7.228020e-02	9.763418e-02	7.196439e-02	9.369982e-01	9.652690e-01
4.905095e+02	6.037314e-01	3.268933e-01	1.173503e-01	5.963221e-01	1.200793e+00	-9.750269e-01	-5.522741e-03	-7.137853e-02	3.038321e-04	4.456130e-02	4.426825e-02	5.865188e-02	9.981220e-02	6.463003e-02	9.456588e-01	9.562484e-01
4.992491e+02	6.114993e-01	3.342613e-01	1.239471e-01	6.029498e-01	1.202782e+00	-9.860745e-01	-6.436259e-03	-8.507194e-02	1.504869e-02	5.942006e-02	4.701304e-02	4.775371e-02	1.164370e-01	7.878643e-02	9.408836e-01	9.571453e-01
4.929909e+02	6.007147e-01	3.237942e-01	1.147198e-01	5.919971e-01	1.200360e+00	-9.751268e-01	-1.212712e-02	-8.318375e-02	3.638766e-04	4.731526e-02	3.658083e-02	5.182522e-02	9.987785e-02	6.913919e-02	9.475143e-01	9.508821e-01
4.917867e+02	6.020643e-01	3.268140e-01	1.134494e-01	6.070044e-01	1.220895e+00	-9.766662e-01	3.026192e-03	-8.123805e-02	-4.460024e-03	4.879976e-02	4.552695e-02	5.480063e-02	9.702238e-02	7.020258e-02	9.422913e-01	9.532638e-01
5.311165e+02	6.194930e-01	3.416056e-01	1.313115e-01	6.110132e-01	1.225823e+00	-9.946279e-01	8.039289e-03	-6.991643e-02	1.274198e-02	6.721957e-02	4.966575e-02	6.553450e-02	1.106469e-01	8.573926e-02	9.275198e-01	9.601935e-01
4.985489e+02	5.987508e-01	3.196595e-01	1.153275e-01	5.747880e-01	1.197629e+00	-9.765145e-01	-2.975922e-02	-9.166303e-02	1.610328e-02	3.875035e-02	2.473783e-02	4.552224e-02	1.168408e-01	5.258819e-02	9.497945e-01	9.441265e-01
4.934300e+02	6.005504e-01	3.222635e-01	1.151907e-01	5.859749e-01	1.212850e+00	-9.788353e-01	-1.570389e-02	-8.709601e-02	5.109764e-04	4.792651e-02	4.357101e-02	5.102125e-02	9.750626e-02	6.709668e-02	9.402674e-01	9.532849e-01
5.232590e+02	6.181323e-01	3.392689e-01	1.303283e-01	6.086263e-01	1.240012e+00	-9.956632e-01	-2.922569e-03	-7.579827e-02	1.689337e-02	6.296530e-02	5.359314e-02	6.084471e-02	1.135103e-01	8.061093e-02	9.288822e-01	9.597233e-01
5.071135e+02	5.946778e-01	3.168330e-01	1.101195e-01	5.795707e-01	1.206026e+00	-9.786714e-01	-2.045533e-02	-8.851710e-02	-1.805893e-02	5.099280e-02	4.079881e-02	5.054252e-02	8.082892e-02	7.476816e-02	9.452359e-01	9.489983e-01
5.013695e+02	5.959640e-01	3.177242e-01	1.124780e-01	5.754709e-01	1.199604e+00	-9.840204e-01	-3.565761e-02	-8.423047e-02	-7.741421e-03	4.658009e-02	2.908580e-02	5.811883e-02	9.652765e-02	6.520319e-02	9.404470e-01	9.473046e-01
6.046241e+02	6.272716e-01	3.474911e-01	1.403819e-01	6.052310e-01	1.223967e+00	-1.018588e+00	-9.687473e-04	-7.254788e-02	1.477096e-02	8.237535e-02	6.595666e-02	6.722494e-02	1.178407e-01	1.010406e-01	9.094703e-01	9.681383e-01
5.731012e+02	5.787866e-01	3.028107e-01	9.821039e-02	5.567884e-01	1.185817e+00	-9.796137e-01	-6.098115e-02	-1.159517e-01	-2.842324e-02	4.143402e-02	1.461756e-02	3.134344e-02	7.939185e-02	5.302242e-02	9.603381e-01	9.373928e-01
4.929849e+02	6.047314e-01	3.311162e-01	1.215487e-01	5.995723e-01	1.224665e+00	-1.015509e+00	-5.338042e-02	-1.080011e-01	-7.273430e-04	6.155570e-02	2.895385e-02	4.833899e-02	1.095713e-01	7.164038e-02	9.332116e-01	9.575486e-01
5.682079e+02	6.220137e-01	3.468230e-01	1.407489e-01	6.041165e-01	1.234101e+00	-1.036156e+00	-2.331090e-02	-1.009330e-01	1.939768e-02	7.035778e-02	6.035432e-02	5.514870e-02	1.293774e-01	7.953299e-02	9.140429e-01	9.778065e-01
5.878109e+02	5.722495e-01	3.052892e-01	9.598813e-02	5.715961e-01	1.198584e+00	-1.001625e+00	-6.065514e-02	-1.096537e-01	-4.530807e-02	2.172819e-02	3.253538e-02	5.291703e-02	5.962933e-02	3.801619e-02	9.385588e-01	9.616706e-01
5.073890e+02	5.890188e-01	3.257507e-01	1.129139e-01	5.988805e-01	1.215880e+00	-1.030953e+00	-4.142644e-02	-9.620514e-02	-3.883729e-02	3.804411e-02	5.621829e-02	6.751123e-02	7.222630e-02	6.052319e-02	9.101150e-01	9.805628e-01
5.559464e+02	6.160190e-01	3.513726e-01	1.391622e-01	6.189496e-01	1.231734e+00	-1.062451e+00	-4.265347e-02	-8.623660e-02	-8.417273e-03	6.746086e-02	5.625445e-02	7.722252e-02	1.038884e-01	9.725643e-02	8.942370e-01	9.861885e-01
5.029302e+02	5.906553e-01	3.272260e-01	1.205073e-01	5.797330e-01	1.191108e+00	-1.048166e+00	-8.444630e-02	-1.290446e-01	-2.105179e-02	5.189919e-02	2.513732e-02	4.568019e-02	9.475005e-02	8.812730e-02	9.280519e-01	9.642453e-01
5.004963e+02	5.891500e-01	3.274098e-01	1.184198e-01	5.860292e-01	1.201207e+00	-1.049122e+00	-7.075333e-02	-1.310587e-01	-1.467694e-02	3.820064e-02	4.210202e-02	4.538544e-02	1.016066e-01	7.214302e-02	9.227413e-01	9.721104e-01
5.052936e+02	6.059020e-01	3.446591e-01	1.319225e-01	6.089174e-01	1.222704e+00	-1.067398e+00	-5.281041e-02	-1.035262e-01	9.034784e-05	4.444750e-02	5.690946e-02	6.926163e-02	1.141554e-01	7.557053e-02	9.007861e-01	9.864952e-01
4.914274e+02	5.953255e-01	3.344290e-01	1.232704e-01	5.953574e-01	1.215043e+00	-1.059359e+00	-4.953765e-02	-1.182878e-01	-1.048369e-02	3.519552e-02	6.026759e-02	6.027572e-02	1.022811e-01	6.811737e-02	9.060231e-01	9.864741e-01
5.047286e+02	6.049112e-01	3.421481e-01	1.335038e-01	5.954158e-01	1.217931e+00	-1.068823e+00	-3.437387e-02	-1.123792e-01	1.565239e-03	4.019835e-02	7.239047e-02	6.863862e-02	1.070880e-01	7.233562e-02	8.924112e-01	9.966164e-01
5.005855e+02	5.886103e-01	3.268231e-01	1.182443e-01	5.800332e-01	1.210107e+00	-1.054657e+00	-7.061400e-02	-1.254993e-01	-2.020943e-02	3.638615e-02	3.731830e-02	5.798173e-02	9.364416e-02	7.102397e-02	9.161973e-01	9.790419e-01
4.954828e+02	6.007035e-01	3.374903e-01	1.279700e-01	5.905446e-01	1.224435e+00	-1.065550e+00	-7.049338e-02	-1.305360e-01	-4.708169e-03	5.258164e-02	3.400489e-02	5.236495e-02	1.120872e-01	8.597232e-02	9.155881e-01	9.778524e-01
4.946503e+02	6.013765e-01	3.380112e-01	1.295919e-01	5.880192e-01	1.226520e+00	-1.067469e+00	-5.571498e-02	-1.147065e-01	-1.621263e-02	5.253356e-02	4.667893e-02	6.626891e-02	1.007778e-01	8.355863e-02	9.021524e-01	9.886843e-01
4.956707e+02	5.938406e-01	3.275927e-01	1.280823e-01	5.572171e-01	1.205652e+00	-1.060347e+00	-6.316710e-02	-1.047320e-01	-3.330762e-02	4.716124e-02	3.957805e-02	7.329444e-02	8.633604e-02	7.680765e-02	9.067607e-01	9.851810e-01
5.012861e+02	6.048006e-01	3.396423e-01	1.352288e-01	5.815790e-01	1.228692e+00	-1.071086e+00	-3.845513e-02	-1.019919e-01	-1.346171e-02	4.750659e-02	5.954030e-02	7.588803e-02	1.076194e-01	7.499944e-02	8.907289e-01	9.974603e-01
4.938755e+02	5.986479e-01	3.376171e-01	1.231530e-01	6.066039e-01	1.259038e+00	-1.065034e+00	-3.561635e-02	-1.240080e-01	-5.936712e-03	3.480906e-02	6.333699e-02	6.031816e-02	1.156446e-01	6.430443e-02	8.907009e-01	9.961152e-01
4.934529e+02	5.915351e-01	3.289388e-01	1.203830e-01	5.822488e-01	1.234629e+00	-1.060244e+00	-5.031392e-02	-1.221725e-01	-1.339551e-02	3.008969e-02	4.575331e-02	6.138652e-02	1.112964e-01	6.126291e-02	9.025096e-01	9.885207e-01
4.958636e+02	6.016575e-01	3.397817e-01	1.261990e-01	6.053352e-01	1.259668e+00	-1.068878e+00	-5.008618e-02	-1.126327e-01	-1.465155e-02	4.823366e-02	4.084446e-02	7.306564e-02	1.092116e-01	8.090731e-02	8.967195e-01	9.905190e-01
4.921945e+02	6.003475e-01	3.352219e-01	1.307260e-01	5.771675e-01	1.231054e+00	-1.069572e+00	-4.298672e-02	-1.139018e-01	-1.046430e-02	4.372805e-02	4.425146e-02	6.908358e-02	1.136600e-01	7.780989e-02	8.982654e-01	9.911144e-01
5.007668e+02	5.896768e-01	3.269651e-01	1.183485e-01	5.804611e-01	1.236261e+00	-1.059918e+00	-8.129986e-02	-1.251958e-01	1.827133e-03	2.374091e-02	9.092427e-03	6.259456e-02	1.264252e-01	6.237367e-02	9.235447e-01	9.709360e-01
5.051826e+02	6.052632e-01	3.392815e-01	1.357463e-01	5.772936e-01	1.236040e+00	-1.075466e+00	-3.896948e-02	-1.132314e-01	-4.699864e-03	5.016398e-02	5.747524e-02	7.027170e-02	1.167105e-01	8.843663e-02	8.910387e-01	1.001830e+00
5.042184e+02	6.021860e-01	3.373128e-01	1.334770e-01	5.744870e-01	1.239505e+00	-1.074601e+00	-3.232440e-02	-1.090780e-01	1.751002e-02	2.165041e-02	6.897716e-02	7.209721e-02	1.380130e-01	5.338201e-02	8.839173e-01	1.009271e+00
5.379365e+02	5.762704e-01	3.133408e-01	1.100252e-01	5.508213e-01	1.223380e+00	-1.051612e+00	-4.791141e-02	-1.179885e-01	-4.235040e-02	2.348406e-02	5.437940e-02	6.568204e-02	7.799984e-02	5.817259e-02	8.986920e-01	1.000995e+00
4.971152e+02	5.981454e-01	3.323113e-01	1.313980e-01	5.610860e-01	1.233201e+00	-1.075142e+00	-3.880732e-02	-1.171204e-01	-2.987755e-02	5.869722e-02	6.238372e-02	6.593300e-02	9.449255e-02	9.375857e-02	8.823280e-01	1.009578e+00
5.032868e+02	6.033473e-01	3.388993e-01	1.348103e-01	5.745556e-01	1.246069e+00	-1.082446e+00	-4.047004e-02	-1.061816e-01	-2.070884e-02	5.726937e-02	5.555423e-02	7.609234e-02	1.061173e-01	8.904637e-02	8.789290e-01	1.008258e+00
4.972548e+02	6.018982e-01	3.350334e-01	1.377941e-01	5.506417e-01	1.227503e+00	-1.083110e+00	-3.851212e-02	-1.037186e-01	-1.700203e-02	5.154902e-02	5.347624e-02	7.799068e-02	1.121094e-01	7.915877e-02	8.789328e-01	1.006627e+00
5.135402e+02	5.811271e-01	3.189993e-01	1.164091e-01	5.502857e-01	1.231672e+00	-1.065031e+00	-5.571849e-02	-1.188457e-01	-2.490652e-02	2.192505e-02	3.598170e-02	6.651494e-02	1.061721e-01	5.422692e-02	9.000659e-01	9.937898e-01
5.012442e+02	6.017674e-01	3.400845e-01	1.349970e-01	5.713828e-01	1.239625e+00	-1.090868e+00	-3.869850e-02	-1.041983e-01	-9.409150e-03	4.579387e-02	5.036061e-02	7.833439e-02	1.178118e-01	8.853702e-02	8.825307e-01	1.005666e+00
4.955685e+02	5.983650e-01	3.371626e-01	1.313106e-01	5.703676e-01	1.244776e+00	-1.088801e+00	-4.062345e-02	-1.259738e-01	-7.101220e-03	4.662355e-02	4.751970e-02	6.273730e-02	1.212540e-01	9.181026e-02	8.901125e-01	9.994662e-01
4.926506e+02	5.922896e-01	3.349548e-01	1.194819e-01	5.991082e-01	1.281145e+00	-1.080233e+00	-6.391725e-02	-1.342801e-01	-1.000179e-02	3.936838e-02	2.844728e-02	5.916478e-02	1.186058e-01	8.455055e-02	9.005893e-01	9.880272e-01
4.912505e+02	5.935422e-01	3.339717e-01	1.254891e-01	5.776021e-01	1.261633e+00	-1.083973e+00	-4.273364e-02	-1.281141e-01	-1.422590e-02	4.126018e-02	5.005875e-02	6.313631e-02	1.132120e-01	8.680703e-02	8.920111e-01	9.978472e-01
5.061996e+02	6.001235e-01	3.384551e-01	1.362851e-01	5.621370e-01	1.247282e+00	-1.091708e+00	-1.308517e-03	-1.105094e-01	-1.052691e-02	3.727988e-02	7.982304e-02	7.495304e-02	1.149177e-01	8.179188e-02	8.766666e-01	1.013934e+00
4.989330e+02	5.855443e-01	3.240477e-01	1.233824e-01	5.439401e-01	1.234868e+00	-1.079449e+00	-6.340392e-02	-1.196795e-01	-2.124103e-02	3.533406e-02	2.540741e-02	6.976227e-02	1.084009e-01	8.208624e-02	9.008104e-01	9.941399e-01
5.069916e+02	6.021716e-01	3.369275e-01	1.420943e-01	5.377111e-01	1.229504e+00	-1.098294e+00	-6.308425e-02	-1.085601e-01	-6.270100e-03	5.722201e-02	3.573389e-02	7.687334e-02	1.248682e-01	9.947388e-02	8.811544e-01	1.006826e+00
5.175641e+02	5.776352e-01	3.188280e-01	1.182665e-01	5.379508e-01	1.243496e+00	-1.076373e+00	-6.440768e-02	-1.132536e-01	-3.151526e-02	2.264265e-02	3.120854e-02	7.654580e-02	9.384690e-02	5.748037e-02	8.926220e-01	1.003254e+00
4.921138e+02	5.945993e-01	3.350350e-01	1.348464e-01	5.528433e-01	1.264430e+00	-1.093804e+00	-3.206154e-02	-1.139266e-01	-1.483544e-02	3.678109e-02	6.008213e-02	7.630488e-02	1.108092e-01	6.475522e-02	8.716625e-01	1.017013e+00
5.146084e+02	6.036839e-01	3.444136e-01	1.414941e-01	5.676546e-01	1.280950e+00	-1.102414e+00	-4.225977e-02	-1.085015e-01	-3.033808e-03	4.626021e-02	5.146934e-02	8.159443e-02	1.206111e-01	7.447966e-02	8.711107e-01	1.016223e+00
5.370487e+02	5.711648e-01	3.178598e-01	1.095602e-01	5.570883e-01	1.281490e+00	-1.075356e+00	-8.253002e-02	-1.459927e-01	-2.091217e-02	1.376591e-02	1.822505e-02	5.262918e-02	1.031071e-01	5.390405e-02	9.136809e-01	9.907290e-01
4.930540e+02	5.929950e-01	3.380377e-01	1.324216e-01	5.629535e-01	1.286072e+00	-1.101079e+00	-6.206343e-02	-1.344162e-01	-1.066089e-02	4.358393e-02	4.450288e-02	6.361097e-02	1.084151e-01	9.049132e-02	8.901756e-01	1.009884e+00
5.155804e+02	6.007383e-01	3.451565e-01	1.408532e-01	5.611917e-01	1.286219e+00	-1.110454e+00	-4.804564e-02	-1.221738e-01	-1.355634e-02	5.460240e-02	5.563020e-02	7.348165e-02	1.024881e-01	1.072227e-01	8.830873e-01	1.017278e+00
5.010192e+02	5.802217e-01	3.267182e-01	1.268977e-01	5.279513e-01	1.253433e+00	-1.098945e+00	-5.383040e-02	-1.307330e-01	-2.396069e-02	2.508880e-02	5.221477e-02	6.714389e-02	9.491817e-02	7.359643e-02	8.927244e-01	1.013853e+00
4.912076e+02	5.876991e-01	3.345479e-01	1.335258e-01	5.378594e-01	1.259348e+00	-1.109147e+00	-4.786495e-02	-1.280454e-01	-1.956039e-02	3.580781e-02	5.691563e-02	7.133727e-02	1.005139e-01	7.942805e-02	8.846805e-01	1.018113e+00
5.221308e+02	6.030241e-01	3.467628e-01	1.493784e-01	5.390021e-01	1.260835e+00	-1.123655e+00	-4.499808e-02	-1.163446e-01	4.248060e-03	4.440790e-02	5.644944e-02	8.034399e-02	1.226204e-01	8.327925e-02	8.747256e-01	1.020960e+00
5.003549e+02	5.864806e-01	3.276551e-01	1.465768e-01	4.681656e-01	1.189456e+00	-1.117425e+00	-7.853080e-02	-1.000048e-01	-2.240850e-02	3.725946e-02	2.618482e-02	9.169168e-02	9.965431e-02	7.336266e-02	8.882943e-01	1.006958e+00
5.076896e+02	5.765853e-01	3.244815e-01	1.301761e-01	5.173105e-01	1.239750e+00	-1.104497e+00	-6.380837e-02	-1.239936e-01	-2.470242e-02	1.735027e-02	4.321197e-02	7.032615e-02	9.357507e-02	5.573638e-02	8.910981e-01	1.010934e+00
6.130796e+02	6.116067e-01	3.580345e-01	1.579602e-01	5.691350e-01	1.282809e+00	-1.135830e+00	-6.034936e-03	-1.198729e-01	2.208045e-03	5.321219e-02	8.886920e-02	7.013030e-02	1.217321e-01	9.293113e-02	8.561236e-01	1.037141e+00
7.593015e+02	5.255488e-01	2.876533e-01	9.495804e-02	4.967374e-01	1.214347e+00	-1.079951e+00	-1.229673e-01	-1.668017e-01	-5.837818e-02	-4.200322e-02	-9.535455e-03	3.641330e-02	5.938864e-02	-3.092303e-03	9.332941e-01	9.928379e-01
6.892753e+02	5.344961e-01	3.004561e-01	1.157180e-01	4.914378e-01	1.196886e+00	-1.112949e+00	-1.630054e-01	-1.634818e-01	-2.688156e-02	-4.725986e-02	-3.960603e-02	4.623092e-02	1.011665e-01	-1.389671e-02	9.339395e-01	9.954946e-01
5.049187e+02	5.786817e-01	3.439882e-01	1.559540e-01	5.469689e-01	1.240542e+00	-1.167993e+00	-1.494296e-01	-1.400421e-01	-6.541016e-03	7.818410e-03	-1.444493e-02	7.016040e-02	1.239794e-01	4.142947e-02	8.847440e-01	1.041256e+00
6.122983e+02	6.053110e-01	3.709535e-01	1.771130e-01	5.879971e-01	1.272086e+00	-1.200104e+00	-1.155458e-01	-1.258175e-01	-8.507648e-03	4.942943e-02	2.989234e-02	8.134292e-02	1.224283e-01	8.848920e-02	8.386018e-01	1.086605e+00
6.030489e+02	5.426828e-01	3.208438e-01	1.410724e-01	5.226416e-01	1.202272e+00	-1.170816e+00	-8.634158e-02	-1.905979e-01	-9.010687e-02	-4.701416e-03	5.972091e-02	3.173181e-02	4.079313e-02	4.020263e-02	8.633722e-01	1.092227e+00
5.233152e+02	5.621340e-01	3.355636e-01	1.668068e-01	5.183680e-01	1.191128e+00	-1.199119e+00	-7.682580e-02	-1.855929e-01	-7.241252e-02	1.426664e-02	6.708389e-02	4.700346e-02	6.554768e-02	6.108097e-02	8.399386e-01	1.107084e+00
5.254925e+02	5.857384e-01	3.601137e-01	1.784966e-01	5.775048e-01	1.245290e+00	-1.220146e+00	-5.121082e-02	-1.732269e-01	-4.776364e-02	2.553254e-02	8.872202e-02	5.908170e-02	9.632756e-02	7.106973e-02	8.156131e-01	1.123077e+00
4.924884e+02	5.683514e-01	3.485638e-01	1.664732e-01	5.754541e-01	1.238189e+00	-1.213806e+00	-1.040860e-01	-1.735577e-01	-5.393145e-02	3.426988e-03	4.349600e-02	6.446402e-02	9.722634e-02	5.625134e-02	8.369832e-01	1.108383e+00
4.905679e+02	5.738365e-01	3.543964e-01	1.680242e-01	5.934307e-01	1.261685e+00	-1.217000e+00	-1.191817e-01	-1.611975e-01	-4.570886e-02	3.300731e-03	2.816765e-02	7.360314e-02	1.058505e-01	5.976224e-02	8.385187e-01	1.106958e+00
4.977065e+02	5.778757e-01	3.604326e-01	1.665075e-01	6.160989e-01	1.293318e+00	-1.218224e+00	-9.433432e-02	-1.641171e-01	-5.040220e-02	7.921586e-03	5.248825e-02	6.534158e-02	1.045947e-01	6.828516e-02	8.314172e-01	1.117771e+00
4.904890e+02	5.696720e-01	3.519238e-01	1.646049e-01	5.967217e-01	1.271873e+00	-1.214347e+00	-1.080015e-01	-1.637772e-01	-5.598224e-02	-1.110339e-03	4.224600e-02	6.729396e-02	1.006556e-01	6.256341e-02	8.397059e-01	1.112614e+00
4.942061e+02	5.662029e-01	3.474947e-01	1.645626e-01	5.834377e-01	1.261293e+00	-1.212202e+00	-1.211213e-01	-1.708836e-01	-6.151459e-02	3.788041e-03	3.001672e-02	6.133204e-02	9.723260e-02	7.203996e-02	8.526785e-01	1.104529e+00
5.197131e+02	5.864095e-01	3.627658e-01	1.799648e-01	5.949325e-01	1.272377e+00	-1.226379e+00	-9.776475e-02	-1.533915e-01	-3.969936e-02	1.793359e-02	5.241080e-02	7.532207e-02	1.148679e-01	8.126145e-02	8.290442e-01	1.120263e+00
4.916546e+02	5.679785e-01	3.495855e-01	1.669369e-01	5.855191e-01	1.262937e+00	-1.215979e+00	-9.540374e-02	-1.530394e-01	-6.110363e-02	-7.667420e-03	4.707583e-02	7.558734e-02	9.561685e-02	6.329278e-02	8.448803e-01	1.112225e+00
4.924439e+02	5.669509e-01	3.466741e-01	1.698301e-01	5.701688e-01	1.245394e+00	-1.217807e+00	-9.477644e-02	-1.618124e-01	-5.656854e-02	-7.261999e-03	4.922972e-02	6.836214e-02	1.015893e-01	6.277679e-02	8.439339e-01	1.112120e+00
4.904357e+02	5.722405e-01	3.492557e-01	1.754632e-01	5.659019e-01	1.242049e+00	-1.222482e+00	-1.071021e-01	-1.487022e-01	-5.531080e-02	1.391801e-03	4.408228e-02	7.930114e-02	1.044370e-01	6.690109e-02	8.351158e-01	1.114278e+00
5.155427e+02	5.855972e-01	3.595925e-01	1.834124e-01	5.794380e-01	1.261338e+00	-1.229642e+00	-8.928438e-02	-1.588835e-01	-3.805908e-02	1.643383e-02	5.293387e-02	7.071967e-02	1.187861e-01	8.191644e-02	8.305956e-01	1.117226e+00
4.945946e+02	5.694314e-01	3.415586e-01	1.819850e-01	5.321608e-01	1.216034e+00	-1.221154e+00	-9.040165e-02	-1.549111e-01	-3.472639e-02	-2.067374e-02	4.608462e-02	7.259651e-02	1.148324e-01	5.237504e-02	8.450026e-01	1.113604e+00
4.951466e+02	5.656858e-01	3.425436e-01	1.710111e-01	5.633112e-01	1.255761e+00	-1.214995e+00	-9.010949e-02	-1.711203e-01	-5.609548e-02	-9.817315e-03	4.409150e-02	5.896962e-02	9.869313e-02	6.755158e-02	8.508639e-01	1.108175e+00
5.016478e+02	5.796407e-01	3.560017e-01	1.744243e-01	5.976731e-01	1.294029e+00	-1.221740e+00	-9.539994e-02	-1.680494e-01	-5.962978e-02	2.029198e-02	3.601662e-02	6.269447e-02	9.765751e-02	9.658609e-02	8.476619e-01	1.104935e+00
4.921590e+02	5.701409e-01	3.491553e-01	1.679377e-01	5.936217e-01	1.293914e+00	-1.216364e+00	-8.187998e-02	-1.665802e-01	-6.561865e-02	-3.509130e-04	4.632181e-02	6.250009e-02	9.131044e-02	7.108984e-02	8.465778e-01	1.109451e+00
