# loss | a0 ... a15
5.572948e+02	8.496000e-01	1.772400e-01	4.611600e-02	7.037200e-01	9.181600e-01	-7.892000e-01	-2.780000e-02	-1.540000e-02	-1.230000e-02	-6.100000e-03	2.108000e-02	-3.594000e-03	1.872000e-02	5.952000e-03	1.816000e-01	-7.440000e-02
3.614606e+03	9.265800e-01	2.542200e-01	1.230960e-01	7.807000e-01	8.411800e-01	-8.661800e-01	4.918004e-02	6.158004e-02	6.468004e-02	7.088004e-02	9.806004e-02	7.338604e-02	9.570004e-02	8.293204e-02	1.046200e-01	2.580034e-03
5.481601e+02	8.503934e-01	1.787755e-01	4.722827e-02	8.585791e-01	9.181354e-01	-7.904103e-01	-2.717359e-02	-1.520646e-02	-1.111650e-02	-5.453712e-03	2.175822e-02	-3.307393e-03	2.038152e-02	6.664691e-03	1.809029e-01	-7.270020e-02
6.788498e+02	8.332818e-01	1.645110e-01	3.175771e-02	8.811939e-01	9.382188e-01	-7.749383e-01	-4.490189e-02	-3.483249e-02	-2.684376e-02	-2.272230e-02	4.086570e-03	-2.220360e-02	5.330949e-03	-9.579043e-03	1.985530e-01	-8.644038e-02
6.515295e+02	8.333454e-01	1.692296e-01	3.546392e-02	8.850909e-01	9.402250e-01	-7.782596e-01	-4.828452e-02	-3.658613e-02	-2.612955e-02	-2.154681e-02	8.762128e-04	-2.319136e-02	8.747334e-03	-7.857952e-03	1.994687e-01	-8.261834e-02
5.797869e+02	8.382230e-01	1.797541e-01	4.511402e-02	8.833337e-01	9.370529e-01	-7.872631e-01	-4.715623e-02	-3.384470e-02	-1.963486e-02	-1.595286e-02	2.301437e-03	-1.933658e-02	1.839548e-02	-1.708432e-03	1.953633e-01	-7.030316e-02
5.291499e+02	8.434467e-01	1.896123e-01	5.322497e-02	8.861811e-01	9.363635e-01	-7.952206e-01	-4.496570e-02	-3.092655e-02	-1.412864e-02	-9.529838e-03	4.631058e-03	-1.535981e-02	2.568724e-02	5.314247e-03	1.909238e-01	-5.890081e-02
5.010196e+02	8.484976e-01	1.983271e-01	6.041349e-02	8.888041e-01	9.357063e-01	-8.025318e-01	-4.371733e-02	-2.743825e-02	-7.382902e-03	-4.131535e-03	6.080917e-03	-1.083453e-02	3.431665e-02	1.105090e-02	1.866463e-01	-4.962526e-02
4.949033e+02	8.513975e-01	2.030268e-01	6.433786e-02	8.894494e-01	9.348382e-01	-8.066770e-01	-4.119805e-02	-2.617043e-02	-4.775749e-03	-2.389935e-04	8.403506e-03	-8.875026e-03	3.743771e-02	1.619657e-02	1.839338e-01	-4.261507e-02
4.955691e+02	8.530139e-01	2.049033e-01	6.744036e-02	8.826540e-01	9.313983e-01	-8.091838e-01	-3.908501e-02	-2.537828e-02	-4.267594e-03	2.815608e-03	1.027690e-02	-6.645974e-03	3.662046e-02	2.077328e-02	1.817805e-01	-3.698513e-02
4.944050e+02	8.523012e-01	2.048773e-01	6.525875e-02	8.932574e-01	9.373402e-01	-8.079433e-01	-3.958662e-02	-2.659462e-02	-3.278143e-03	5.073839e-04	9.495552e-03	-8.270814e-03	3.952430e-02	1.683207e-02	1.828866e-01	-4.045794e-02
4.966497e+02	8.541987e-01	2.078223e-01	6.796425e-02	8.923403e-01	9.359188e-01	-8.109033e-01	-3.764682e-02	-2.462110e-02	-1.721828e-03	2.934857e-03	1.099042e-02	-6.302684e-03	4.289808e-02	1.997532e-02	1.810360e-01	-3.589324e-02
4.952989e+02	8.506080e-01	2.031539e-01	6.241846e-02	9.000674e-01	9.425570e-01	-8.057542e-01	-3.945080e-02	-2.849225e-02	-4.181017e-03	-2.435825e-03	8.916512e-03	-9.830949e-03	3.940097e-02	1.219653e-02	1.843694e-01	-4.428297e-02
4.946857e+02	8.509505e-01	2.033823e-01	6.386747e-02	8.938036e-01	9.397710e-01	-8.065943e-01	-3.732928e-02	-2.886878e-02	1.155302e-03	-5.644298e-03	1.055796e-02	-1.033977e-02	4.659636e-02	7.196270e-03	1.838017e-01	-4.137811e-02
4.944881e+02	8.512004e-01	2.044732e-01	6.291552e-02	9.037030e-01	9.454324e-01	-8.066099e-01	-3.824294e-02	-2.910158e-02	-2.751267e-03	-2.078056e-03	9.554771e-03	-9.484931e-03	4.117509e-02	1.181347e-02	1.837434e-01	-4.337026e-02
4.967353e+02	8.498747e-01	2.028508e-01	6.026168e-02	9.098897e-01	9.495247e-01	-8.048550e-01	-4.104196e-02	-3.109418e-02	-6.290708e-03	-1.065470e-03	6.034809e-03	-1.127383e-02	3.746238e-02	1.338346e-02	1.865490e-01	-5.351534e-02
4.942723e+02	8.529623e-01	2.077373e-01	6.451780e-02	9.100401e-01	9.489929e-01	-8.090620e-01	-3.746789e-02	-2.896341e-02	-2.262785e-03	1.706502e-03	9.788286e-03	-8.133448e-03	4.217486e-02	1.680432e-02	1.824847e-01	-4.209385e-02
4.938628e+02	8.523865e-01	2.066812e-01	6.395141e-02	9.099623e-01	9.511991e-01	-8.077126e-01	-3.803549e-02	-2.837327e-02	-2.463247e-03	8.957791e-05	8.615368e-03	-6.158898e-03	4.133764e-02	1.390819e-02	1.828972e-01	-4.319286e-02
4.940788e+02	8.525862e-01	2.074910e-01	6.401326e-02	9.123022e-01	9.518888e-01	-8.086874e-01	-3.625649e-02	-2.997400e-02	-2.192893e-03	8.977871e-04	1.035817e-02	-8.019408e-03	4.256414e-02	1.525701e-02	1.823546e-01	-4.189393e-02
4.944004e+02	8.523031e-01	2.076818e-01	6.366269e-02	9.137596e-01	9.524852e-01	-8.087708e-01	-3.231425e-02	-3.075086e-02	-2.929142e-03	5.383338e-05	1.416019e-02	-7.745093e-03	4.273278e-02	1.271383e-02	1.801503e-01	-3.503848e-02
4.941214e+02	8.515393e-01	2.064341e-01	6.252099e-02	9.151083e-01	9.545631e-01	-8.079161e-01	-3.526718e-02	-3.202778e-02	-3.298282e-03	8.984982e-05	1.056619e-02	-9.241415e-03	4.222163e-02	1.386066e-02	1.828456e-01	-4.374359e-02
4.952820e+02	8.533293e-01	2.086705e-01	6.553183e-02	9.101203e-01	9.509863e-01	-8.114059e-01	-3.643181e-02	-3.336503e-02	7.710642e-04	3.544902e-03	9.293589e-03	-1.199209e-02	4.924995e-02	1.914508e-02	1.835436e-01	-4.823703e-02
4.948371e+02	8.504778e-01	2.051470e-01	6.114250e-02	9.169326e-01	9.571110e-01	-8.071282e-01	-3.604642e-02	-3.339575e-02	-4.530457e-03	-3.666495e-04	8.930381e-03	-1.013579e-02	4.123891e-02	1.323401e-02	1.844108e-01	-4.915609e-02
4.950129e+02	8.499982e-01	2.049002e-01	6.084248e-02	9.169006e-01	9.575758e-01	-8.067971e-01	-3.630050e-02	-2.773685e-02	-3.605875e-03	-4.594845e-03	7.906120e-03	-3.875859e-03	4.245630e-02	7.629876e-03	1.839230e-01	-4.660966e-02
4.939132e+02	8.519003e-01	2.077940e-01	6.289909e-02	9.197748e-01	9.593318e-01	-8.093573e-01	-3.421970e-02	-3.206742e-02	-3.196396e-03	1.351832e-03	9.935518e-03	-7.103635e-03	4.333729e-02	1.463822e-02	1.826176e-01	-4.539747e-02
4.946153e+02	8.528798e-01	2.086856e-01	6.503099e-02	9.147612e-01	9.585041e-01	-8.105007e-01	-3.221420e-02	-3.180428e-02	-6.758045e-04	1.429069e-03	1.117158e-02	-6.773127e-03	4.661688e-02	1.485695e-02	1.822781e-01	-4.327570e-02
4.944082e+02	8.507864e-01	2.063296e-01	6.151132e-02	9.213064e-01	9.623069e-01	-8.082936e-01	-3.337105e-02	-3.511848e-02	-4.940143e-03	1.319815e-03	9.871556e-03	-9.163683e-03	4.147820e-02	1.441605e-02	1.837866e-01	-4.914543e-02
4.938150e+02	8.511675e-01	2.060121e-01	6.379784e-02	9.096587e-01	9.565461e-01	-8.095679e-01	-3.372933e-02	-3.490231e-02	-1.439454e-03	6.751087e-04	9.443544e-03	-7.747106e-03	4.678805e-02	1.152613e-02	1.830171e-01	-4.817715e-02
4.941516e+02	8.510366e-01	2.070453e-01	6.192709e-02	9.226373e-01	9.638292e-01	-8.092813e-01	-3.276364e-02	-3.593415e-02	-4.856098e-03	2.602202e-03	9.798074e-03	-8.468835e-03	4.217565e-02	1.555300e-02	1.833470e-01	-4.993766e-02
4.950124e+02	8.522943e-01	2.080702e-01	6.513587e-02	9.106415e-01	9.562333e-01	-8.120961e-01	-3.308129e-02	-3.070278e-02	-6.848543e-03	6.099588e-03	8.184257e-03	-2.307701e-03	3.846629e-02	2.219963e-02	1.829536e-01	-4.880698e-02
4.947281e+02	8.501393e-01	2.063837e-01	6.041584e-02	9.271246e-01	9.674388e-01	-8.086644e-01	-3.213565e-02	-3.699494e-02	-5.815629e-03	1.657341e-03	9.277855e-03	-8.308134e-03	4.140083e-02	1.450708e-02	1.841388e-01	-5.277619e-02
4.957212e+02	8.496674e-01	2.063955e-01	5.924858e-02	9.333871e-01	9.718062e-01	-8.080969e-01	-2.948487e-02	-3.971913e-02	-6.610045e-03	1.313794e-03	1.229976e-02	-1.124928e-02	4.120825e-02	1.366686e-02	1.832360e-01	-4.978666e-02
4.943575e+02	8.519465e-01	2.098165e-01	6.243133e-02	9.322171e-01	9.709929e-01	-8.114698e-01	-2.995836e-02	-3.776927e-02	-2.552575e-03	3.799615e-03	1.094800e-02	-7.836468e-03	4.673911e-02	1.691360e-02	1.822169e-01	-4.973643e-02
4.956290e+02	8.498621e-01	2.078847e-01	5.821526e-02	9.438672e-01	9.774565e-01	-8.089689e-01	-3.227965e-02	-3.938400e-02	-9.780988e-03	5.125865e-03	9.005691e-03	-7.900940e-03	3.678026e-02	1.887564e-02	1.831704e-01	-5.465125e-02
4.944636e+02	8.519554e-01	2.103880e-01	6.246273e-02	9.344902e-01	9.731549e-01	-8.122711e-01	-3.020748e-02	-3.817788e-02	-2.414198e-03	4.605568e-03	9.877858e-03	-6.626571e-03	4.618946e-02	1.799786e-02	1.822325e-01	-5.205080e-02
4.948378e+02	8.514888e-01	2.098256e-01	6.233054e-02	9.327890e-01	9.719681e-01	-8.119683e-01	-2.620617e-02	-3.761471e-02	-6.033835e-03	4.649637e-03	1.338953e-02	-5.870556e-03	4.105873e-02	1.843893e-02	1.810523e-01	-4.555051e-02
4.942213e+02	8.499676e-01	2.074140e-01	6.070130e-02	9.310723e-01	9.733185e-01	-8.106295e-01	-2.955768e-02	-3.998330e-02	-3.532026e-03	1.808512e-03	9.134646e-03	-7.674173e-03	4.495617e-02	1.424090e-02	1.839825e-01	-5.620729e-02
4.950112e+02	8.492049e-01	2.063376e-01	5.965625e-02	9.317586e-01	9.751520e-01	-8.098631e-01	-2.957958e-02	-4.242493e-02	-4.894387e-03	2.299865e-03	8.651425e-03	-9.444280e-03	4.472686e-02	1.368428e-02	1.845873e-01	-5.937826e-02
4.942379e+02	8.513673e-01	2.096735e-01	6.294542e-02	9.300184e-01	9.739293e-01	-8.132850e-01	-2.864357e-02	-3.985378e-02	-1.281804e-03	4.148525e-03	9.099936e-03	-5.915621e-03	4.900229e-02	1.697109e-02	1.828686e-01	-5.577762e-02
4.940433e+02	8.508058e-01	2.085328e-01	6.291515e-02	9.255339e-01	9.720611e-01	-8.130097e-01	-2.793060e-02	-3.909520e-02	-5.154275e-03	5.487572e-03	9.315925e-03	-5.244830e-03	4.618022e-02	1.746221e-02	1.830635e-01	-5.532717e-02
4.940273e+02	8.495721e-01	2.071067e-01	6.121311e-02	9.281681e-01	9.749340e-01	-8.118660e-01	-2.820465e-02	-4.103659e-02	-3.943109e-03	2.738573e-03	8.420991e-03	-6.094162e-03	4.634771e-02	1.497284e-02	1.842738e-01	-5.952200e-02
4.947131e+02	8.502295e-01	2.091193e-01	6.137098e-02	9.353942e-01	9.778213e-01	-8.124673e-01	-2.211648e-02	-4.030212e-02	-6.329968e-03	3.360944e-03	1.413853e-02	-3.848302e-03	4.237746e-02	1.598539e-02	1.807138e-01	-4.754037e-02
4.938931e+02	8.497165e-01	2.077359e-01	6.154014e-02	9.295115e-01	9.766963e-01	-8.129092e-01	-2.697859e-02	-4.201106e-02	-3.584933e-03	3.571663e-03	8.406485e-03	-5.380382e-03	4.690155e-02	1.662741e-02	1.839438e-01	-5.978750e-02
4.945208e+02	8.491760e-01	2.076535e-01	5.914529e-02	9.410101e-01	9.844617e-01	-8.112742e-01	-2.912760e-02	-4.244195e-02	-5.553932e-03	3.762140e-03	5.658956e-03	-5.732954e-03	4.447083e-02	1.756583e-02	1.859429e-01	-6.669793e-02
4.940631e+02	8.505559e-01	2.092128e-01	6.278386e-02	9.301892e-01	9.785162e-01	-8.146789e-01	-2.676173e-02	-4.222137e-02	-2.264556e-03	5.410241e-03	7.620766e-03	-4.417837e-03	4.927318e-02	1.951038e-02	1.838856e-01	-6.153362e-02
4.961385e+02	8.468572e-01	2.025878e-01	6.045266e-02	9.149878e-01	9.744615e-01	-8.111115e-01	-3.071995e-02	-3.978563e-02	-5.806995e-03	3.416265e-04	3.049396e-03	-2.143468e-04	4.569826e-02	1.014981e-02	1.859602e-01	-6.825353e-02
4.957213e+02	8.513997e-01	2.103353e-01	6.516938e-02	9.237409e-01	9.766389e-01	-8.171379e-01	-2.478485e-02	-4.199291e-02	-1.658655e-03	7.450856e-03	8.937204e-03	-2.413488e-03	5.108494e-02	2.078046e-02	1.821763e-01	-5.765133e-02
4.950121e+02	8.480238e-01	2.055321e-01	6.012761e-02	9.281524e-01	9.807873e-01	-8.130323e-01	-2.779407e-02	-5.177658e-02	2.922124e-03	8.812452e-04	3.932792e-03	-1.171739e-02	5.788979e-02	1.169141e-02	1.886166e-01	-7.852980e-02
4.938849e+02	8.491887e-01	2.078375e-01	6.216807e-02	9.277639e-01	9.807945e-01	-8.148502e-01	-2.323325e-02	-4.487486e-02	-3.731716e-03	4.482705e-03	9.190586e-03	-3.452641e-03	4.879648e-02	1.628125e-02	1.833592e-01	-5.889290e-02
4.953167e+02	8.473112e-01	2.039067e-01	6.192770e-02	9.137795e-01	9.751776e-01	-8.138506e-01	-2.261746e-02	-4.716370e-02	-8.927731e-03	5.878771e-03	9.915119e-03	-6.477002e-03	4.441567e-02	1.701291e-02	1.842149e-01	-5.991634e-02
4.952414e+02	8.504206e-01	2.098007e-01	6.467035e-02	9.243059e-01	9.797799e-01	-8.176142e-01	-2.082322e-02	-4.295950e-02	-4.853005e-03	7.742550e-03	1.095765e-02	1.726842e-05	4.842632e-02	2.041432e-02	1.811243e-01	-5.300796e-02
5.003918e+02	8.445693e-01	2.019325e-01	5.649137e-02	9.289478e-01	9.825390e-01	-8.118599e-01	-2.951868e-02	-4.781169e-02	-5.759121e-03	-5.512780e-04	-5.848731e-05	-3.077770e-03	4.725648e-02	1.017849e-02	1.895367e-01	-8.054267e-02
4.983685e+02	8.513829e-01	2.124101e-01	6.631877e-02	9.264764e-01	9.807437e-01	-8.205253e-01	-2.096504e-02	-4.409814e-02	3.222526e-04	7.637713e-03	9.709296e-03	1.005759e-03	5.630896e-02	1.923782e-02	1.808371e-01	-5.343434e-02
4.936678e+02	8.479752e-01	2.076723e-01	6.265683e-02	9.236440e-01	9.811827e-01	-8.166286e-01	-2.632780e-02	-3.654496e-02	-4.294163e-03	1.099524e-03	4.365569e-03	9.764165e-03	5.041545e-02	8.402157e-03	1.821729e-01	-5.611358e-02
4.947320e+02	8.466880e-01	2.057310e-01	6.102210e-02	9.244274e-01	9.836014e-01	-8.154475e-01	-2.096790e-02	-4.773922e-02	-6.490829e-03	3.161698e-03	9.030059e-03	-2.357819e-03	4.799611e-02	1.212475e-02	1.835803e-01	-5.714478e-02
4.969812e+02	8.501607e-01	2.111757e-01	6.592847e-02	9.253165e-01	9.843181e-01	-8.198878e-01	-1.490000e-02	-4.698379e-02	-3.811549e-03	7.667709e-03	1.489533e-02	-1.653448e-04	5.287521e-02	1.649834e-02	1.785031e-01	-4.350209e-02
4.983923e+02	8.445836e-01	2.028229e-01	5.892711e-02	9.224812e-01	9.850534e-01	-8.142085e-01	-2.001671e-02	-5.345663e-02	-8.958062e-03	2.937204e-03	8.264010e-03	-6.940838e-03	4.627202e-02	1.170456e-02	1.859114e-01	-6.313136e-02
4.989211e+02	8.442000e-01	2.019573e-01	5.902942e-02	9.172406e-01	9.815914e-01	-8.145260e-01	-2.467154e-02	-4.727224e-02	-1.276941e-02	4.168790e-03	2.548407e-03	2.303832e-04	4.084822e-02	1.411924e-02	1.873070e-01	-6.878640e-02
5.002856e+02	8.508808e-01	2.126907e-01	6.762984e-02	9.208292e-01	9.825594e-01	-8.238527e-01	-1.801184e-02	-4.914482e-02	-1.084724e-03	1.139257e-02	9.357138e-03	-4.738175e-04	5.666537e-02	2.347486e-02	1.811035e-01	-5.416622e-02
4.943910e+02	8.480611e-01	2.089464e-01	6.485045e-02	9.182753e-01	9.817085e-01	-8.216296e-01	-1.781889e-02	-5.057990e-02	-3.408004e-03	7.269094e-03	9.051797e-03	-3.530242e-04	5.305378e-02	1.781330e-02	1.821622e-01	-5.590910e-02
4.980871e+02	8.437824e-01	2.027838e-01	5.927091e-02	9.194887e-01	9.854853e-01	-8.164878e-01	-1.867424e-02	-5.504512e-02	-8.789110e-03	3.004660e-03	7.169453e-03	-5.012608e-03	4.728003e-02	1.176914e-02	1.863080e-01	-6.569163e-02
4.941372e+02	8.465301e-01	2.079810e-01	6.226831e-02	9.270884e-01	9.896732e-01	-8.196624e-01	-1.517604e-02	-4.993247e-02	-7.420689e-03	5.047546e-03	1.075496e-02	1.786431e-03	4.954045e-02	1.330554e-02	1.815284e-01	-5.226334e-02
4.939840e+02	8.472182e-01	2.083251e-01	6.406653e-02	9.198975e-01	9.863718e-01	-8.217936e-01	-1.657591e-02	-5.263320e-02	-5.258823e-03	7.995125e-03	8.068647e-03	-5.052774e-04	5.290581e-02	1.847566e-02	1.835420e-01	-6.060760e-02
4.988005e+02	8.438016e-01	2.030827e-01	5.959514e-02	9.192548e-01	9.894139e-01	-8.179943e-01	-1.512012e-02	-5.911849e-02	-1.608118e-02	1.039022e-02	8.128771e-03	-7.576618e-03	4.007838e-02	2.324425e-02	1.877745e-01	-6.911980e-02
4.970913e+02	8.488520e-01	2.111749e-01	6.650593e-02	9.197398e-01	9.877477e-01	-8.250215e-01	-1.487417e-02	-5.334492e-02	-2.846763e-03	1.102272e-02	8.136011e-03	3.061961e-04	5.631833e-02	2.283847e-02	1.830437e-01	-6.115856e-02
4.959858e+02	8.479509e-01	2.099051e-01	6.650398e-02	9.127635e-01	9.845717e-01	-8.249035e-01	-1.179370e-02	-4.910264e-02	-7.431077e-03	1.002307e-02	1.099538e-02	4.666224e-03	5.058078e-02	2.132570e-02	1.810636e-01	-5.248976e-02
5.010791e+02	8.417345e-01	2.011381e-01	5.804052e-02	9.179748e-01	9.909377e-01	-8.172651e-01	-1.688156e-02	-5.668617e-02	-9.454034e-03	1.038151e-03	4.385935e-03	-1.781296e-03	4.808928e-02	8.759268e-03	1.883317e-01	-7.270963e-02
4.983282e+02	8.431082e-01	2.048551e-01	5.795079e-02	9.353540e-01	1.002172e+00	-8.175882e-01	-1.173860e-02	-6.012624e-02	-9.127081e-03	2.829718e-03	9.628045e-03	-4.725147e-05	4.751826e-02	8.093841e-03	1.836886e-01	-6.117085e-02
5.023261e+02	8.496960e-01	2.138964e-01	6.850352e-02	9.212027e-01	9.914263e-01	-8.284337e-01	-1.238462e-02	-5.332900e-02	-1.137679e-04	1.189012e-02	8.148259e-03	4.956370e-03	6.096448e-02	2.156946e-02	1.812953e-01	-5.871540e-02
4.971785e+02	8.440798e-01	2.047255e-01	6.226695e-02	9.136601e-01	9.922129e-01	-8.226045e-01	-1.301980e-02	-6.464114e-02	-1.709554e-02	1.663567e-02	7.293162e-03	-5.856468e-03	3.954733e-02	2.956430e-02	1.864165e-01	-7.110252e-02
4.944836e+02	8.435686e-01	2.053702e-01	6.168537e-02	9.169806e-01	9.923995e-01	-8.226589e-01	-1.371707e-02	-5.709654e-02	-8.259404e-03	6.079863e-03	5.280074e-03	2.514874e-03	5.177100e-02	1.318184e-02	1.854922e-01	-6.812244e-02
4.937242e+02	8.444156e-01	2.056622e-01	6.515288e-02	9.030962e-01	9.873440e-01	-8.239314e-01	-1.493656e-02	-4.483134e-02	-9.012371e-03	4.576813e-03	2.800825e-03	1.753547e-02	4.887669e-02	1.037278e-02	1.829873e-01	-6.153804e-02
4.937638e+02	8.451319e-01	2.080331e-01	6.466355e-02	9.142682e-01	9.917049e-01	-8.260066e-01	-1.083232e-02	-5.715582e-02	-3.502988e-03	6.895298e-03	6.902261e-03	2.220632e-03	5.902289e-02	1.403466e-02	1.835199e-01	-6.323080e-02
4.946126e+02	8.446004e-01	2.081540e-01	6.378521e-02	9.175406e-01	9.919867e-01	-8.269825e-01	-9.621452e-03	-6.271249e-02	2.400560e-03	4.125448e-03	6.001681e-03	-2.191111e-03	6.940020e-02	9.594874e-03	1.852639e-01	-7.069535e-02
4.951604e+02	8.424910e-01	2.047664e-01	6.146134e-02	9.162503e-01	9.946150e-01	-8.240558e-01	-8.942304e-03	-6.122795e-02	-9.828541e-03	7.264119e-03	7.158352e-03	-7.693592e-04	5.360564e-02	1.477729e-02	1.851997e-01	-6.724259e-02
4.931550e+02	8.438813e-01	2.076981e-01	6.306359e-02	9.198484e-01	9.958135e-01	-8.266644e-01	-1.484043e-02	-5.169417e-02	-5.548504e-03	5.921577e-03	6.066702e-05	1.280823e-02	5.759643e-02	1.312200e-02	1.843926e-01	-7.071665e-02
4.942688e+02	8.439087e-01	2.070796e-01	6.394545e-02	9.145007e-01	9.953656e-01	-8.269113e-01	-6.637725e-03	-5.945229e-02	-1.194881e-02	1.199789e-02	8.905227e-03	2.530115e-03	5.137462e-02	2.172065e-02	1.825408e-01	-6.006535e-02
5.004208e+02	8.463842e-01	2.110721e-01	6.822424e-02	9.092060e-01	9.914768e-01	-8.309854e-01	4.720689e-03	-6.257084e-02	-4.807206e-03	1.120817e-02	2.065557e-02	-7.144156e-05	6.122506e-02	1.961195e-02	1.762659e-01	-3.888880e-02
5.071149e+02	8.378691e-01	1.985797e-01	5.682612e-02	9.123974e-01	9.982615e-01	-8.208436e-01	-8.536955e-03	-6.393432e-02	-1.925196e-02	6.100814e-03	4.113465e-03	-1.078098e-03	4.450311e-02	1.398435e-02	1.874421e-01	-6.888855e-02
4.975067e+02	8.444098e-01	2.089908e-01	6.603068e-02	9.103020e-01	9.926916e-01	-8.321390e-01	-1.130966e-02	-5.581306e-02	-2.063257e-02	2.223998e-02	8.625020e-04	9.185206e-03	4.370761e-02	3.736424e-02	1.831622e-01	-6.484199e-02
4.936307e+02	8.420513e-01	2.065439e-01	6.226849e-02	9.187127e-01	1.002113e+00	-8.274384e-01	-7.884516e-03	-5.932434e-02	-8.592630e-03	6.954634e-03	3.220896e-03	5.727032e-03	6.034697e-02	1.370495e-02	1.838104e-01	-6.238936e-02
5.019150e+02	8.381785e-01	2.005675e-01	5.848211e-02	9.127028e-01	1.003032e+00	-8.227724e-01	-5.305725e-03	-6.079762e-02	-1.383483e-02	1.516160e-03	5.164400e-03	5.157415e-03	5.337367e-02	6.220005e-03	1.849389e-01	-5.996163e-02
5.079563e+02	8.476520e-01	2.153513e-01	7.055036e-02	9.159360e-01	1.001623e+00	-8.357196e-01	-1.488049e-03	-5.760215e-02	-3.302054e-04	1.283676e-02	8.734555e-03	9.213790e-03	7.257460e-02	1.976162e-02	1.783642e-01	-4.868587e-02
5.057289e+02	8.363498e-01	1.997354e-01	5.725528e-02	9.106938e-01	1.001721e+00	-8.240752e-01	-3.007953e-03	-6.823418e-02	-9.704064e-03	-2.548447e-03	6.722858e-03	-1.176638e-03	6.351433e-02	-3.728439e-03	1.857103e-01	-6.224456e-02
4.944357e+02	8.429779e-01	2.102485e-01	6.578233e-02	9.141028e-01	1.002482e+00	-8.329972e-01	-1.369836e-03	-6.148220e-02	-9.852036e-03	1.052815e-02	7.608136e-03	7.171796e-03	6.273744e-02	1.085373e-02	1.809536e-01	-5.323845e-02
4.952652e+02	8.431579e-01	2.081286e-01	6.898770e-02	8.912714e-01	9.936251e-01	-8.357983e-01	-8.321244e-03	-6.707554e-02	-7.457837e-03	1.672063e-02	-6.897115e-04	1.614857e-03	6.733126e-02	1.895544e-02	1.863124e-01	-7.430790e-02
4.999455e+02	8.375609e-01	2.024371e-01	5.984033e-02	9.102130e-01	1.005509e+00	-8.274109e-01	-3.006848e-03	-6.376674e-02	-2.006073e-02	7.247867e-03	4.364812e-03	6.525838e-03	5.088823e-02	5.049931e-03	1.851643e-01	-6.168823e-02
4.958271e+02	8.390748e-01	2.047785e-01	6.182628e-02	9.096714e-01	1.005797e+00	-8.301228e-01	-7.701307e-03	-5.569315e-02	-2.063698e-02	1.015029e-02	-2.212842e-03	1.470914e-02	4.955588e-02	1.113676e-02	1.871391e-01	-7.013979e-02
5.046782e+02	8.456655e-01	2.152732e-01	7.042217e-02	9.124810e-01	1.005162e+00	-8.388949e-01	2.798346e-03	-5.929914e-02	-9.762381e-03	1.687727e-02	9.801894e-03	1.268194e-02	6.521227e-02	1.753122e-02	1.779527e-01	-4.471397e-02
4.984095e+02	8.375047e-01	2.061260e-01	5.857976e-02	9.268528e-01	1.011015e+00	-8.297510e-01	1.752822e-03	-6.273926e-02	-1.363540e-02	4.306451e-04	6.662884e-03	1.261585e-02	6.006601e-02	-6.224330e-03	1.822935e-01	-5.393871e-02
4.963721e+02	8.428272e-01	2.127825e-01	6.712575e-02	9.151235e-01	1.005767e+00	-8.384205e-01	1.591754e-03	-6.725873e-02	-1.298751e-02	1.733432e-02	6.286404e-03	6.861728e-03	6.376437e-02	1.196877e-02	1.817680e-01	-5.767834e-02
4.960695e+02	8.407316e-01	2.116473e-01	6.282695e-02	9.308714e-01	1.013420e+00	-8.365229e-01	2.757670e-03	-6.680587e-02	-2.993242e-02	2.373928e-02	7.190783e-03	6.384622e-03	4.845537e-02	1.848426e-02	1.821304e-01	-5.785943e-02
4.963368e+02	8.375654e-01	2.054600e-01	6.114023e-02	9.135544e-01	1.008107e+00	-8.337760e-01	-7.679311e-04	-7.207531e-02	-2.148478e-02	1.491150e-02	2.002418e-03	2.482459e-03	5.686460e-02	7.195454e-03	1.873826e-01	-7.237110e-02
4.937803e+02	8.409882e-01	2.114027e-01	6.389541e-02	9.260374e-01	1.016706e+00	-8.370742e-01	-2.076906e-03	-6.830486e-02	-1.493583e-02	1.678696e-02	-2.294168e-04	7.631797e-03	6.312272e-02	1.098760e-02	1.865141e-01	-7.333493e-02
4.940135e+02	8.385697e-01	2.067018e-01	6.379624e-02	9.067309e-01	1.006794e+00	-8.361515e-01	1.784672e-03	-7.112409e-02	-1.784576e-02	1.456643e-02	3.299395e-03	5.357296e-03	6.083511e-02	7.078236e-03	1.862372e-01	-6.888131e-02
4.939654e+02	8.406536e-01	2.107841e-01	6.572690e-02	9.145142e-01	1.010252e+00	-8.399563e-01	-8.675557e-04	-7.026695e-02	-1.247523e-02	1.694843e-02	-8.070544e-05	8.222341e-03	6.865186e-02	9.896095e-03	1.857905e-01	-7.484394e-02
4.960083e+02	8.367162e-01	2.040021e-01	6.298164e-02	8.995863e-01	1.005183e+00	-8.356853e-01	4.174874e-03	-7.080391e-02	-2.182271e-02	1.337726e-02	4.499044e-03	7.764827e-03	5.719132e-02	5.461793e-03	1.859982e-01	-6.716061e-02
5.149738e+02	8.449553e-01	2.158446e-01	7.554310e-02	8.881213e-01	9.947133e-01	-8.485864e-01	5.692605e-03	-6.331759e-02	-7.641778e-03	2.148511e-02	4.482618e-03	1.981503e-02	7.584440e-02	1.408380e-02	1.793710e-01	-5.808576e-02
5.458454e+02	8.259497e-01	1.906759e-01	5.103160e-02	8.962762e-01	1.008824e+00	-8.258643e-01	3.235400e-03	-8.175767e-02	-3.539742e-02	2.950196e-03	1.164360e-03	-4.148776e-03	4.423582e-02	-9.186209e-03	1.944736e-01	-8.353384e-02
4.950204e+02	8.376601e-01	2.116108e-01	6.736573e-02	9.074806e-01	1.013443e+00	-8.406846e-01	1.182784e-02	-6.943150e-02	-2.587062e-02	1.474987e-02	1.064657e-02	8.585952e-03	5.591074e-02	3.014453e-03	1.824632e-01	-4.807275e-02
4.998840e+02	8.398594e-01	2.148892e-01	7.183438e-02	8.995042e-01	1.006802e+00	-8.469486e-01	5.920056e-03	-7.619130e-02	-1.863582e-02	2.211150e-02	3.022720e-03	2.875578e-03	6.760775e-02	1.225361e-02	1.862183e-01	-6.639709e-02
5.130472e+02	8.286321e-01	1.970535e-01	6.035561e-02	8.801491e-01	1.002576e+00	-8.351058e-01	-6.661327e-03	-8.937586e-02	-2.432313e-02	9.887395e-03	-1.226745e-02	-8.056559e-03	6.332561e-02	-7.019470e-03	2.001680e-01	-1.089636e-01
5.009683e+02	8.396895e-01	2.159095e-01	7.305885e-02	8.947186e-01	1.005017e+00	-8.494414e-01	2.822963e-03	-7.521148e-02	-1.556464e-02	2.029732e-02	-1.401583e-03	7.735777e-03	7.222281e-02	5.560843e-03	1.869021e-01	-6.609968e-02
5.027921e+02	8.302051e-01	2.040985e-01	6.080843e-02	9.005966e-01	1.012023e+00	-8.392096e-01	1.236018e-03	-7.910360e-02	-2.964578e-02	9.340200e-03	-4.666823e-03	2.465209e-03	5.605239e-02	-4.920921e-03	1.949988e-01	-7.918242e-02
4.968682e+02	8.377408e-01	2.154630e-01	7.086170e-02	8.987655e-01	1.010388e+00	-8.489344e-01	7.440117e-03	-7.363466e-02	-2.205468e-02	1.804191e-02	2.228376e-03	1.031721e-02	6.545039e-02	3.119883e-03	1.865551e-01	-5.606696e-02
4.998901e+02	8.376428e-01	2.138070e-01	7.504051e-02	8.681280e-01	9.929362e-01	-8.525206e-01	6.369072e-03	-6.882790e-02	-1.512674e-02	1.419489e-02	7.348759e-04	1.612633e-02	7.541473e-02	-3.426825e-03	1.852840e-01	-5.457806e-02
5.272772e+02	8.244515e-01	1.974057e-01	5.568370e-02	8.928355e-01	1.014594e+00	-8.349249e-01	4.449491e-03	-8.393234e-02	-4.015304e-02	5.358115e-03	-3.100257e-03	1.913244e-04	4.517399e-02	-1.050019e-02	1.969449e-01	-7.734994e-02
4.998616e+02	8.372702e-01	2.164723e-01	7.417295e-02	8.866875e-01	1.012513e+00	-8.508134e-01	9.414953e-03	-7.234440e-02	-2.332749e-02	1.769021e-02	3.442949e-03	1.431500e-02	6.260428e-02	3.512760e-03	1.848075e-01	-4.656132e-02
5.052850e+02	8.280618e-01	2.062399e-01	6.105398e-02	9.023567e-01	1.022735e+00	-8.413477e-01	9.483424e-03	-8.496140e-02	-4.209143e-02	1.380673e-02	9.734973e-04	4.055860e-04	4.405284e-02	4.790006e-04	1.937194e-01	-6.494683e-02
4.952558e+02	8.331129e-01	2.166415e-01	6.509578e-02	9.241071e-01	1.032066e+00	-8.480067e-01	1.115623e-02	-7.428912e-02	-3.882689e-02	1.829249e-02	1.830380e-03	1.023924e-02	5.313854e-02	4.459678e-03	1.895521e-01	-5.407994e-02
4.952212e+02	8.339455e-01	2.160755e-01	6.874823e-02	9.047102e-01	1.021928e+00	-8.508977e-01	1.135076e-02	-8.306157e-02	-3.022994e-02	1.970036e-02	8.000341e-04	3.384394e-03	6.095063e-02	8.079311e-03	1.909788e-01	-6.209337e-02
4.942586e+02	8.304784e-01	2.086224e-01	6.898116e-02	8.703018e-01	9.995318e-01	-8.521167e-01	-7.121704e-04	-8.789854e-02	-2.499747e-02	1.764737e-02	-1.609026e-02	-1.302250e-03	6.918606e-02	8.550796e-03	2.030176e-01	-1.042486e-01
4.942502e+02	8.305033e-01	2.108194e-01	6.646350e-02	8.941742e-01	1.017276e+00	-8.487836e-01	1.084450e-02	-8.292958e-02	-3.094152e-02	1.327941e-02	-1.931065e-03	5.818471e-03	5.952626e-02	1.193000e-03	1.927498e-01	-6.043520e-02
4.988477e+02	8.285021e-01	2.109181e-01	6.019881e-02	9.241535e-01	1.030771e+00	-8.462163e-01	8.232731e-03	-8.681739e-02	-3.414484e-02	1.201990e-02	-6.105366e-03	4.008972e-03	5.769860e-02	-4.123055e-04	1.956901e-01	-7.116609e-02
5.109873e+02	8.375740e-01	2.227629e-01	7.460061e-02	9.056807e-01	1.022701e+00	-8.575155e-01	1.832058e-02	-7.685649e-02	-2.412176e-02	2.084047e-02	5.814881e-03	1.472951e-02	6.773998e-02	9.392169e-03	1.838102e-01	-3.468201e-02
4.954834e+02	8.276555e-01	2.067840e-01	6.767274e-02	8.686270e-01	1.006695e+00	-8.499139e-01	9.949919e-03	-8.037825e-02	-2.998597e-02	8.027837e-03	-5.438608e-03	1.180820e-02	6.218548e-02	-7.199323e-03	1.944641e-01	-6.098173e-02
4.964274e+02	8.279917e-01	2.089925e-01	6.601919e-02	8.863820e-01	1.017179e+00	-8.493496e-01	1.454603e-02	-8.138926e-02	-3.529923e-02	1.015822e-02	-9.790031e-05	1.153408e-02	5.432538e-02	-3.990278e-03	1.920443e-01	-4.990521e-02
4.940899e+02	8.316387e-01	2.137473e-01	7.062854e-02	8.843051e-01	1.015791e+00	-8.537973e-01	1.301983e-02	-7.603892e-02	-3.484098e-02	1.710950e-02	-2.996529e-03	1.757710e-02	5.389836e-02	5.340496e-03	1.916711e-01	-5.179634e-02
4.938516e+02	8.310154e-01	2.137238e-01	6.983211e-02	8.879362e-01	1.018901e+00	-8.543628e-01	1.742126e-02	-8.432725e-02	-2.909775e-02	1.444309e-02	1.592093e-03	9.565289e-03	6.245374e-02	1.829836e-03	1.908191e-01	-4.874888e-02
4.962457e+02	8.323023e-01	2.146603e-01	7.333911e-02	8.763681e-01	1.015762e+00	-8.567339e-01	2.234597e-02	-8.324461e-02	-2.774395e-02	1.562840e-02	5.442656e-03	1.294522e-02	6.371999e-02	3.065289e-03	1.880193e-01	-3.981363e-02
5.056633e+02	8.239835e-01	2.041320e-01	6.212278e-02	8.833540e-01	1.021528e+00	-8.481231e-01	1.447331e-02	-9.038442e-02	-3.492379e-02	6.738688e-03	-4.075633e-03	5.432493e-03	5.666616e-02	-6.101399e-03	1.976654e-01	-6.657954e-02
4.937203e+02	8.293838e-01	2.136833e-01	6.635457e-02	9.000490e-01	1.028202e+00	-8.551616e-01	1.375993e-02	-8.948565e-02	-3.106003e-02	1.682162e-02	-4.684570e-03	7.069698e-03	6.323834e-02	4.731340e-03	1.948155e-01	-6.537801e-02
5.046046e+02	8.343322e-01	2.198731e-01	7.520121e-02	8.858222e-01	1.019479e+00	-8.626871e-01	1.850364e-02	-8.317267e-02	-2.326943e-02	2.051404e-02	-6.800654e-04	1.506599e-02	7.138771e-02	1.004687e-02	1.898884e-01	-5.184587e-02
5.014548e+02	8.251172e-01	2.086461e-01	6.244434e-02	8.993822e-01	1.035324e+00	-8.496325e-01	2.204601e-02	-8.692479e-02	-3.571824e-02	5.053227e-03	1.910245e-03	1.001361e-02	5.478244e-02	-8.077777e-03	1.950570e-01	-5.397601e-02
4.934496e+02	8.287784e-01	2.131444e-01	6.968934e-02	8.812846e-01	1.022261e+00	-8.582067e-01	1.958316e-02	-8.641122e-02	-3.233158e-02	1.536689e-02	-2.025932e-03	1.254266e-02	5.979551e-02	4.284667e-03	1.947920e-01	-6.049328e-02
4.943933e+02	8.292924e-01	2.119739e-01	7.350010e-02	8.578826e-01	1.007043e+00	-8.623395e-01	1.468707e-02	-8.866982e-02	-3.199286e-02	2.192624e-02	-1.038490e-02	1.195486e-02	5.963623e-02	1.481356e-02	1.992868e-01	-8.138474e-02
4.946496e+02	8.261067e-01	2.095532e-01	6.793572e-02	8.741664e-01	1.020438e+00	-8.573826e-01	1.982970e-02	-8.821576e-02	-3.282085e-02	1.174504e-02	-3.986086e-03	1.325993e-02	5.881674e-02	-1.101962e-03	1.971026e-01	-6.629711e-02
4.979727e+02	8.263817e-01	2.118823e-01	6.727168e-02	8.877538e-01	1.031334e+00	-8.563331e-01	3.448058e-02	-8.555809e-02	-3.721245e-02	8.218954e-03	1.455490e-02	1.702829e-02	5.055355e-02	-5.660695e-03	1.870270e-01	-2.417377e-02
4.978869e+02	8.310466e-01	2.172228e-01	7.406803e-02	8.780715e-01	1.023794e+00	-8.645023e-01	2.201504e-02	-8.644671e-02	-2.323532e-02	1.671825e-02	-2.471413e-03	1.748695e-02	7.173208e-02	4.557799e-03	1.929445e-01	-5.323487e-02
5.327183e+02	8.162954e-01	1.965490e-01	5.683400e-02	8.704141e-01	1.025886e+00	-8.494134e-01	9.981403e-03	-1.069350e-01	-2.243036e-02	-5.827538e-03	-1.876010e-02	-5.766719e-03	7.482675e-02	-2.051254e-02	2.124368e-01	-1.048304e-01
5.251206e+02	8.346078e-01	2.255098e-01	8.008370e-02	8.794992e-01	1.023324e+00	-8.734157e-01	1.846456e-02	-8.622725e-02	-1.660801e-02	2.238032e-02	-9.525911e-03	1.888409e-02	8.017475e-02	1.601304e-02	1.931243e-01	-5.007939e-02
5.203632e+02	8.159883e-01	1.999013e-01	6.400272e-02	8.421495e-01	1.012299e+00	-8.556533e-01	1.532068e-02	-9.752101e-02	-5.203850e-02	9.980334e-03	-1.600545e-02	5.654353e-03	4.046240e-02	-7.739066e-04	2.075388e-01	-7.261450e-02
4.963651e+02	8.216352e-01	2.113384e-01	6.994491e-02	8.617172e-01	1.021490e+00	-8.621332e-01	2.426297e-02	-8.748317e-02	-4.411351e-02	8.582890e-03	-5.266402e-03	1.744373e-02	4.852668e-02	-4.376560e-03	1.961294e-01	-3.391118e-02
5.089517e+02	8.298649e-01	2.219420e-01	8.035364e-02	8.558001e-01	1.019678e+00	-8.732094e-01	2.729025e-02	-9.557045e-02	-3.468673e-02	2.576857e-02	-2.682551e-03	9.851922e-03	5.916554e-02	1.706042e-02	1.931153e-01	-3.129041e-02
5.260360e+02	8.132717e-01	2.032765e-01	6.146744e-02	8.691906e-01	1.033172e+00	-8.539825e-01	2.301288e-02	-9.116062e-02	-4.549861e-02	-9.025460e-03	-9.061403e-03	1.494960e-02	4.653005e-02	-3.494337e-02	2.020803e-01	-4.363389e-02
5.027022e+02	8.262657e-01	2.231424e-01	7.827050e-02	8.719150e-01	1.030498e+00	-8.698747e-01	3.095652e-02	-7.577987e-02	-3.044783e-02	1.561942e-03	-1.534565e-03	3.396376e-02	6.537608e-02	-2.213058e-02	1.901232e-01	-1.135697e-02
5.038436e+02	8.160669e-01	2.099572e-01	6.729769e-02	8.665746e-01	1.033761e+00	-8.612782e-01	2.342972e-02	-1.026008e-01	-3.637730e-02	-3.006565e-03	-9.566832e-03	4.508264e-03	5.967910e-02	-2.457755e-02	2.028887e-01	-4.498996e-02
5.002122e+02	8.167981e-01	2.140861e-01	6.636608e-02	8.880697e-01	1.041148e+00	-8.644508e-01	2.414520e-02	-1.072909e-01	-4.020085e-02	3.925938e-03	-9.180148e-03	3.078914e-03	5.452823e-02	-1.289805e-02	2.014474e-01	-4.518792e-02
5.314966e+02	8.301527e-01	2.306760e-01	8.524433e-02	8.689993e-01	1.031737e+00	-8.800510e-01	2.983227e-02	-9.665930e-02	-2.251711e-02	1.855643e-02	-2.863544e-03	1.289341e-02	7.706843e-02	3.196464e-03	1.913627e-01	-2.003306e-02
5.354573e+02	8.062735e-01	1.998770e-01	6.496385e-02	8.368359e-01	1.022878e+00	-8.581640e-01	1.343365e-02	-1.060587e-01	-5.093239e-02	-7.518514e-03	-2.487226e-02	7.334482e-03	4.293403e-02	-2.542524e-02	2.126842e-01	-7.340689e-02
4.948603e+02	8.151601e-01	2.143281e-01	7.570158e-02	8.479226e-01	1.028830e+00	-8.685744e-01	2.222207e-02	-1.003509e-01	-4.406536e-02	1.379891e-03	-1.620739e-02	1.169374e-02	5.055872e-02	-9.890646e-03	2.037671e-01	-3.781758e-02
4.941355e+02	8.186917e-01	2.200855e-01	8.028378e-02	8.529225e-01	1.029628e+00	-8.737696e-01	2.765413e-02	-1.027861e-01	-4.304037e-02	8.453460e-03	-1.095009e-02	1.195362e-02	5.298861e-02	-2.225002e-03	1.984607e-01	-2.317229e-02
4.960379e+02	8.200534e-01	2.221626e-01	8.177198e-02	8.540169e-01	1.033511e+00	-8.752356e-01	2.848136e-02	-9.976935e-02	-3.625570e-02	5.464328e-03	-1.109946e-02	1.409907e-02	6.128169e-02	-3.732315e-03	1.988266e-01	-2.228960e-02
5.013931e+02	8.117353e-01	2.134135e-01	7.131490e-02	8.674572e-01	1.042351e+00	-8.675953e-01	2.017835e-02	-9.978960e-02	-5.247004e-02	2.267019e-04	-2.206196e-02	1.293188e-02	4.303216e-02	-5.094271e-03	2.087283e-01	-5.086430e-02
4.933786e+02	8.173280e-01	2.203323e-01	8.008165e-02	8.551960e-01	1.037609e+00	-8.741480e-01	3.034689e-02	-1.002159e-01	-3.891712e-02	1.505017e-03	-1.190672e-02	1.440742e-02	5.830503e-02	-5.071216e-03	2.001375e-01	-1.955604e-02
4.980629e+02	8.117984e-01	2.124359e-01	7.522329e-02	8.447930e-01	1.033744e+00	-8.706517e-01	2.362030e-02	-1.128966e-01	-4.478926e-02	2.158955e-03	-2.239339e-02	1.215244e-03	5.324769e-02	-1.439281e-03	2.109012e-01	-5.357495e-02
5.014273e+02	8.200478e-01	2.245980e-01	8.490596e-02	8.516728e-01	1.036648e+00	-8.791061e-01	3.591175e-02	-1.032914e-01	-3.263496e-02	4.218924e-03	-9.060153e-03	1.228750e-02	6.701230e-02	-9.442167e-04	1.966061e-01	-3.993371e-03
4.929106e+02	8.155358e-01	2.198264e-01	8.049177e-02	8.544904e-01	1.042082e+00	-8.748671e-01	3.254955e-02	-1.012543e-01	-4.034887e-02	-4.908239e-04	-1.435140e-02	1.421036e-02	5.782931e-02	-3.275965e-03	2.017865e-01	-1.288906e-02
5.037838e+02	8.084827e-01	2.108092e-01	7.363583e-02	8.486749e-01	1.042818e+00	-8.679995e-01	3.448193e-02	-1.103809e-01	-4.856855e-02	-7.883324e-03	-1.373158e-02	6.260066e-03	4.907129e-02	-1.186090e-02	2.055059e-01	-1.919706e-02
5.257199e+02	8.226004e-01	2.293004e-01	9.316278e-02	8.377209e-01	1.032920e+00	-8.850785e-01	4.547836e-02	-9.469451e-02	-3.804727e-02	9.174367e-03	-7.932609e-04	2.252121e-02	6.414641e-02	4.540247e-03	1.891374e-01	2.558861e-02
5.527409e+02	7.963401e-01	2.006304e-01	6.582358e-02	8.522573e-01	1.051210e+00	-8.596064e-01	2.422896e-02	-1.225606e-01	-5.427671e-02	-2.362208e-02	-2.856929e-02	-5.176988e-03	4.366398e-02	-2.893430e-02	2.186704e-01	-4.711790e-02
4.930241e+02	8.105782e-01	2.227346e-01	8.542004e-02	8.535127e-01	1.048561e+00	-8.786880e-01	3.033449e-02	-1.109581e-01	-3.623809e-02	-9.241992e-03	-2.393939e-02	1.009537e-02	6.149653e-02	-6.014371e-03	2.055721e-01	-6.796022e-03
4.959622e+02	8.054980e-01	2.184509e-01	8.035445e-02	8.588391e-01	1.053044e+00	-8.745345e-01	3.162380e-02	-1.176936e-01	-4.844207e-02	-1.037562e-02	-2.257652e-02	1.981354e-03	5.049577e-02	-6.497086e-03	2.076646e-01	-7.394404e-03
4.935426e+02	8.089674e-01	2.216344e-01	8.675885e-02	8.405685e-01	1.042699e+00	-8.805578e-01	3.258277e-02	-1.183520e-01	-4.509816e-02	-2.170283e-03	-2.201773e-02	2.223435e-03	5.552746e-02	2.544938e-03	2.054606e-01	-4.560372e-03
4.932002e+02	8.072802e-01	2.220071e-01	8.366798e-02	8.604516e-01	1.056463e+00	-8.772125e-01	3.839618e-02	-1.112634e-01	-4.760136e-02	-1.126909e-02	-1.663064e-02	1.043669e-02	5.210180e-02	-8.595041e-03	2.014216e-01	1.429308e-02
4.969531e+02	8.101814e-01	2.236752e-01	8.952204e-02	8.405522e-01	1.049175e+00	-8.813528e-01	4.728433e-02	-1.200216e-01	-4.456824e-02	-3.837602e-03	-7.523752e-03	1.336891e-03	5.543180e-02	1.065347e-03	1.984726e-01	2.788914e-02
5.000753e+02	8.022407e-01	2.170729e-01	7.917476e-02	8.643589e-01	1.062767e+00	-8.731854e-01	3.685787e-02	-1.113710e-01	-5.449394e-02	-1.679101e-02	-2.203150e-02	1.258654e-02	4.445735e-02	-1.366409e-02	2.055722e-01	5.196546e-03
5.011504e+02	8.023422e-01	2.203466e-01	7.581634e-02	8.958716e-01	1.079320e+00	-8.728600e-01	3.756549e-02	-1.185481e-01	-5.875710e-02	-1.183320e-02	-2.116468e-02	7.811755e-03	4.332235e-02	-1.137297e-02	2.036654e-01	6.281003e-03
5.297571e+02	8.164543e-01	2.371499e-01	9.551636e-02	8.758162e-01	1.064922e+00	-8.899947e-01	4.268982e-02	-1.035432e-01	-3.609462e-02	8.847290e-04	-1.742197e-02	2.299227e-02	6.787597e-02	4.767761e-03	1.937683e-01	2.949572e-02
5.001778e+02	7.997045e-01	2.156859e-01	8.368638e-02	8.440367e-01	1.049088e+00	-8.781487e-01	3.127432e-02	-1.198400e-01	-6.106091e-02	-7.961412e-03	-3.094715e-02	9.362167e-03	3.833282e-02	-4.009245e-03	2.082130e-01	-1.041542e-02
4.960492e+02	8.005096e-01	2.184054e-01	8.411850e-02	8.530057e-01	1.055490e+00	-8.793360e-01	3.645842e-02	-1.212805e-01	-5.214833e-02	-1.400191e-02	-2.746948e-02	5.923073e-03	5.190444e-02	-1.081554e-02	2.072052e-01	-6.629612e-05
4.989342e+02	8.081556e-01	2.279420e-01	9.378602e-02	8.470491e-01	1.046289e+00	-8.888206e-01	4.819880e-02	-1.129057e-01	-4.626677e-02	-6.632600e-03	-1.692621e-02	1.336011e-02	6.199509e-02	-4.106095e-03	1.962165e-01	3.673082e-02
5.005722e+02	7.972651e-01	2.161433e-01	8.293275e-02	8.512281e-01	1.056536e+00	-8.787687e-01	3.959814e-02	-1.227244e-01	-5.376400e-02	-1.954150e-02	-2.746564e-02	6.063007e-03	5.199136e-02	-1.599433e-02	2.069829e-01	7.960670e-03
