# loss | a0 ... a15
5.005586e+02	7.107200e-01	3.260400e-01	4.500000e-02	6.541200e-01	9.677600e-01	-9.938000e-01	6.520000e-02	-3.400000e-02	5.900000e-02	-4.950000e-02	-1.054000e-02	1.203000e-02	7.560000e-03	3.720000e-03	4.048000e-01	7.440000e-01
6.388355e+02	6.337400e-01	2.490600e-01	1.219800e-01	5.771400e-01	8.907800e-01	-1.070780e+00	-1.178004e-02	-1.109800e-01	-1.798004e-02	2.748004e-02	-8.752004e-02	-6.495004e-02	8.454004e-02	8.070004e-02	4.817800e-01	6.670200e-01
5.105611e+02	7.089804e-01	3.243094e-01	4.510182e-02	6.520974e-01	9.660291e-01	-1.148099e+00	3.385314e-02	-3.453917e-02	-9.293323e-02	-8.761780e-03	-3.467292e-02	1.150288e-02	7.765362e-03	4.096450e-02	4.096008e-01	7.391381e-01
1.105299e+03	7.767606e-01	3.634160e-01	1.073201e-01	6.573550e-01	9.725964e-01	-1.226061e+00	3.675922e-02	-2.114146e-02	-2.028004e-04	-4.297452e-02	-2.975154e-02	1.734212e-02	9.475810e-02	5.687834e-03	3.942401e-01	7.495103e-01
7.848219e+02	6.805888e-01	2.684991e-01	1.129169e-02	6.328078e-01	1.028124e+00	-1.130122e+00	-5.451233e-02	-1.161603e-01	-9.508240e-02	-1.401176e-01	-1.177101e-01	-7.645809e-02	9.682294e-04	-9.143801e-02	4.876908e-01	6.634733e-01
7.134107e+02	6.844577e-01	2.830942e-01	2.536550e-02	6.443328e-01	1.030096e+00	-1.152166e+00	-5.081875e-02	-1.189270e-01	-9.722146e-02	-1.284294e-01	-1.088959e-01	-7.765542e-02	4.784108e-03	-8.156099e-02	4.801521e-01	6.839629e-01
5.756975e+02	7.017152e-01	3.077005e-01	5.088862e-02	6.507030e-01	1.027275e+00	-1.181800e+00	-3.862339e-02	-1.062108e-01	-8.465405e-02	-1.058670e-01	-9.439406e-02	-6.318979e-02	2.203374e-02	-6.233588e-02	4.618190e-01	7.122848e-01
4.985234e+02	7.219344e-01	3.313835e-01	7.733774e-02	6.429843e-01	1.004878e+00	-1.211504e+00	-2.100554e-02	-9.344565e-02	-7.630079e-02	-6.944629e-02	-7.181843e-02	-4.841347e-02	3.046756e-02	-1.979052e-02	4.401178e-01	7.423331e-01
4.934841e+02	7.221655e-01	3.343787e-01	7.548392e-02	6.749545e-01	1.043134e+00	-1.210284e+00	2.733245e-03	-8.448109e-02	-7.708893e-02	-7.769122e-02	-4.545781e-02	-3.793408e-02	2.861388e-02	-2.909674e-02	4.296596e-01	7.637462e-01
5.027392e+02	7.146761e-01	3.278768e-01	6.551973e-02	6.916697e-01	1.065277e+00	-1.201109e+00	-9.107808e-03	-7.426992e-02	-8.910111e-02	-8.844983e-02	-6.087149e-02	-3.037602e-02	1.693351e-02	-3.890264e-02	4.373231e-01	7.574410e-01
4.940216e+02	7.230394e-01	3.355917e-01	7.753734e-02	6.694771e-01	1.039959e+00	-1.212854e+00	6.092032e-03	-8.067264e-02	-8.063509e-02	-7.212146e-02	-4.159396e-02	-3.407003e-02	2.632365e-02	-2.191050e-02	4.276468e-01	7.681604e-01
4.971889e+02	7.161072e-01	3.280397e-01	7.053645e-02	6.632845e-01	1.039237e+00	-1.205261e+00	-4.242283e-03	-8.536160e-02	-8.239705e-02	-8.452418e-02	-5.408113e-02	-3.769441e-02	2.403552e-02	-3.486845e-02	4.366385e-01	7.579446e-01
4.928167e+02	7.214747e-01	3.330787e-01	7.760323e-02	6.522181e-01	1.029840e+00	-1.212545e+00	7.620324e-04	-8.142238e-02	-8.295790e-02	-7.086173e-02	-4.658946e-02	-3.402669e-02	2.390895e-02	-1.901184e-02	4.302420e-01	7.646958e-01
4.947206e+02	7.221146e-01	3.341061e-01	7.831015e-02	6.496897e-01	1.026094e+00	-1.215042e+00	-5.398417e-03	-7.254403e-02	-8.636341e-02	-6.734106e-02	-5.434358e-02	-2.413862e-02	2.193668e-02	-1.642291e-02	4.287989e-01	7.648996e-01
5.051715e+02	7.113566e-01	3.215427e-01	6.823515e-02	6.323715e-01	1.024699e+00	-1.202495e+00	-4.686626e-03	-8.891755e-02	-9.061438e-02	-8.237279e-02	-5.309305e-02	-4.102629e-02	1.610671e-02	-2.972938e-02	4.393406e-01	7.558610e-01
4.955787e+02	7.215145e-01	3.312378e-01	8.244001e-02	6.062541e-01	9.856483e-01	-1.218321e+00	2.779355e-04	-8.517076e-02	-7.892716e-02	-6.852357e-02	-4.921093e-02	-3.591753e-02	3.081939e-02	-1.437958e-02	4.315150e-01	7.619333e-01
4.937354e+02	7.165267e-01	3.286388e-01	7.328728e-02	6.481228e-01	1.044242e+00	-1.208909e+00	-2.768103e-04	-8.200714e-02	-8.654027e-02	-7.788140e-02	-4.848387e-02	-3.218737e-02	2.133690e-02	-2.308541e-02	4.331811e-01	7.626196e-01
5.043591e+02	7.118113e-01	3.241449e-01	6.677008e-02	6.600148e-01	1.066327e+00	-1.201632e+00	-9.037526e-03	-8.671448e-02	-8.561116e-02	-8.892546e-02	-5.808995e-02	-3.332418e-02	1.766070e-02	-3.341505e-02	4.370906e-01	7.568259e-01
5.064657e+02	7.264770e-01	3.399382e-01	8.499126e-02	6.489718e-01	1.045413e+00	-1.221856e+00	1.284147e-02	-7.733123e-02	-7.798448e-02	-6.382310e-02	-3.265666e-02	-2.655127e-02	3.075595e-02	-6.213113e-03	4.223254e-01	7.750170e-01
4.969258e+02	7.222735e-01	3.325719e-01	8.574477e-02	6.054972e-01	1.018865e+00	-1.217823e+00	1.235389e-02	-7.504671e-02	-8.684295e-02	-6.388959e-02	-3.450551e-02	-2.861475e-02	2.231419e-02	-4.132184e-03	4.296167e-01	7.717371e-01
5.760363e+02	6.943132e-01	3.058803e-01	5.385488e-02	6.202331e-01	1.047391e+00	-1.188025e+00	-4.810850e-02	-9.691838e-02	-1.000924e-01	-1.017660e-01	-9.111415e-02	-4.566029e-02	8.516629e-03	-3.878049e-02	4.611632e-01	7.284759e-01
4.939037e+02	7.154992e-01	3.327276e-01	7.972937e-02	6.325428e-01	1.039525e+00	-1.219559e+00	-1.288889e-02	-7.235964e-02	-8.081586e-02	-8.435296e-02	-4.589643e-02	-2.111480e-02	3.913816e-02	-2.233157e-02	4.301625e-01	7.775562e-01
4.959193e+02	7.142928e-01	3.306073e-01	7.801631e-02	6.300274e-01	1.044889e+00	-1.217854e+00	-2.955551e-02	-9.601800e-02	-8.064085e-02	-7.417628e-02	-6.351797e-02	-3.778089e-02	3.574882e-02	-7.656036e-03	4.382069e-01	7.616245e-01
4.973074e+02	7.123674e-01	3.295602e-01	7.538119e-02	6.355360e-01	1.054345e+00	-1.216496e+00	-3.340641e-02	-8.731807e-02	-8.031526e-02	-8.242216e-02	-6.658513e-02	-2.723066e-02	3.770119e-02	-1.871954e-02	4.343398e-01	7.649632e-01
4.932760e+02	7.151893e-01	3.315758e-01	8.019140e-02	6.216645e-01	1.045806e+00	-1.219677e+00	5.911790e-03	-9.128170e-02	-8.799181e-02	-6.966544e-02	-2.375212e-02	-3.161993e-02	2.601174e-02	-2.366431e-03	4.232808e-01	7.883659e-01
4.947124e+02	7.146170e-01	3.322735e-01	7.770322e-02	6.407295e-01	1.060913e+00	-1.219554e+00	-2.735391e-02	-8.114863e-02	-9.237593e-02	-6.650905e-02	-5.450353e-02	-1.967968e-02	2.179114e-02	2.445598e-03	4.274160e-01	7.774508e-01
5.094517e+02	7.038074e-01	3.189459e-01	6.896810e-02	6.078505e-01	1.045035e+00	-1.208631e+00	-2.269913e-02	-9.940026e-02	-8.948583e-02	-8.661990e-02	-4.875182e-02	-3.808605e-02	2.434899e-02	-1.701682e-02	4.373671e-01	7.716798e-01
5.162142e+02	7.199848e-01	3.379639e-01	8.634073e-02	6.242159e-01	1.049557e+00	-1.228785e+00	3.388947e-02	-8.855912e-02	-8.050307e-02	-6.880830e-02	9.570646e-03	-2.616275e-02	3.533038e-02	-6.576825e-04	4.119656e-01	8.085949e-01
5.735887e+02	6.918256e-01	3.067502e-01	5.781146e-02	5.946220e-01	1.044224e+00	-1.200662e+00	-1.200293e-01	-9.523112e-02	-9.060773e-02	-9.486291e-02	-1.320050e-01	-2.903278e-02	2.524662e-02	-2.237457e-02	4.592076e-01	7.471796e-01
5.283278e+02	7.177921e-01	3.388129e-01	8.314396e-02	6.450473e-01	1.077196e+00	-1.232619e+00	-1.104620e-01	-6.999404e-02	-6.721145e-02	-7.180963e-02	-1.115089e-01	-7.446487e-03	4.834118e-02	7.446070e-03	4.301239e-01	7.958567e-01
5.412328e+02	6.936667e-01	3.103203e-01	6.469161e-02	5.798668e-01	1.035950e+00	-1.210320e+00	-6.235875e-02	-1.171211e-01	-8.963900e-02	-9.291716e-02	-5.821026e-02	-5.006481e-02	1.776299e-02	-1.740786e-02	4.199360e-01	8.391396e-01
4.979656e+02	7.151225e-01	3.369126e-01	8.411916e-02	6.330635e-01	1.080310e+00	-1.233294e+00	-3.846335e-02	-8.278912e-02	-7.450508e-02	-8.153610e-02	-3.330150e-02	-8.084118e-03	3.325308e-02	-1.001608e-02	3.889714e-01	8.773467e-01
5.121591e+02	6.997800e-01	3.167944e-01	7.404903e-02	5.706960e-01	1.022855e+00	-1.222558e+00	-4.669992e-02	-1.220320e-01	-8.860762e-02	-7.987211e-02	-3.947826e-02	-4.395678e-02	2.045740e-02	-4.931542e-03	4.087544e-01	8.596548e-01
5.004143e+02	7.152769e-01	3.360389e-01	8.415683e-02	6.279237e-01	1.067489e+00	-1.238236e+00	-2.345404e-02	-1.189752e-01	-8.343131e-02	-5.720361e-02	-1.455638e-02	-3.654848e-02	2.618790e-02	1.320432e-02	3.871771e-01	8.795772e-01
5.164358e+02	7.004102e-01	3.179968e-01	7.435777e-02	5.810973e-01	1.034205e+00	-1.225373e+00	-8.647399e-02	-9.407522e-02	-8.766024e-02	-8.598539e-02	-8.014832e-02	-1.298663e-02	2.147122e-02	-1.842640e-02	4.112182e-01	8.562021e-01
4.983975e+02	7.065352e-01	3.250012e-01	8.162909e-02	5.805415e-01	1.029665e+00	-1.234239e+00	-5.422983e-02	-9.891245e-02	-6.928042e-02	-9.274466e-02	-4.393714e-02	-2.127614e-02	4.676809e-02	-3.005882e-02	3.951762e-01	8.834762e-01
5.132268e+02	7.193254e-01	3.389791e-01	9.201544e-02	6.091839e-01	1.059021e+00	-1.246045e+00	-5.049711e-02	-8.192924e-02	-8.385677e-02	-5.616655e-02	-3.912583e-02	-1.444950e-03	2.329152e-02	1.498144e-02	3.814074e-01	8.948746e-01
5.059729e+02	6.999423e-01	3.186343e-01	7.613375e-02	5.805718e-01	1.057179e+00	-1.226794e+00	-3.574384e-02	-1.024919e-01	-9.821951e-02	-8.142385e-02	-2.427143e-02	-2.191371e-02	9.642174e-03	-1.623223e-02	3.915057e-01	8.964190e-01
5.071417e+02	6.997062e-01	3.193739e-01	7.451487e-02	5.913610e-01	1.062913e+00	-1.228360e+00	-6.485854e-02	-1.035857e-01	-8.781884e-02	-8.568717e-02	-5.231096e-02	-2.016992e-02	2.163087e-02	-1.785110e-02	3.999861e-01	8.804436e-01
4.980487e+02	7.130113e-01	3.318838e-01	8.812892e-02	5.918678e-01	1.074135e+00	-1.239921e+00	-7.295246e-02	-9.870004e-02	-6.787238e-02	-7.556825e-02	-6.053021e-02	-1.397458e-02	3.418749e-02	-1.774804e-03	3.978019e-01	8.792130e-01
4.952077e+02	7.045585e-01	3.253541e-01	8.026276e-02	5.938037e-01	1.069776e+00	-1.235006e+00	-3.072930e-02	-1.020761e-01	-9.245688e-02	-7.529711e-02	-1.526433e-02	-1.828855e-02	1.566021e-02	-7.951987e-03	3.831592e-01	9.046176e-01
4.954389e+02	7.056021e-01	3.248164e-01	8.212392e-02	5.882598e-01	1.080258e+00	-1.233372e+00	-6.349304e-02	-1.044615e-01	-7.303011e-02	-8.608611e-02	-4.707203e-02	-2.003181e-02	3.589164e-02	-1.658547e-02	3.950319e-01	8.895352e-01
4.963324e+02	7.121717e-01	3.329414e-01	8.810250e-02	5.951877e-01	1.072686e+00	-1.244647e+00	-4.564047e-02	-9.620803e-02	-8.666339e-02	-5.975890e-02	-2.901471e-02	-1.243935e-02	2.562568e-02	8.325166e-03	3.814801e-01	9.032370e-01
5.828308e+02	6.805337e-01	3.058785e-01	5.108661e-02	6.281296e-01	1.125234e+00	-1.210640e+00	-4.177072e-02	-1.129969e-01	-1.089478e-01	-1.095155e-01	-2.823951e-02	-3.107536e-02	4.295361e-03	-4.278372e-02	4.030941e-01	8.941137e-01
5.372221e+02	7.182526e-01	3.490986e-01	9.870621e-02	6.257053e-01	1.111818e+00	-1.259587e+00	-4.185731e-02	-9.153609e-02	-7.269594e-02	-6.282706e-02	-2.859888e-02	-8.824472e-03	5.348045e-02	6.050955e-03	3.792873e-01	9.074685e-01
6.236405e+02	6.689356e-01	2.978282e-01	6.099751e-02	5.452823e-01	1.065829e+00	-1.217542e+00	-8.087849e-02	-1.165195e-01	-1.333818e-01	-1.022746e-01	-6.574491e-02	-3.288773e-02	-1.512961e-02	-3.461021e-02	4.244022e-01	8.725696e-01
4.967871e+02	6.972743e-01	3.315578e-01	9.338905e-02	5.655130e-01	1.053404e+00	-1.260200e+00	-5.228305e-02	-9.472933e-02	-1.116625e-01	-7.245919e-02	-3.302930e-02	-8.591097e-03	1.036053e-02	2.718198e-03	3.907212e-01	9.094855e-01
4.966014e+02	7.040261e-01	3.413904e-01	9.652303e-02	6.084505e-01	1.095096e+00	-1.267050e+00	-4.364369e-02	-1.066582e-01	-9.320789e-02	-7.402856e-02	-2.075114e-02	-2.007984e-02	3.664589e-02	-1.376782e-03	3.825565e-01	9.152175e-01
5.253640e+02	6.837605e-01	3.197517e-01	8.056210e-02	5.685337e-01	1.062744e+00	-1.251297e+00	-8.831133e-02	-1.176636e-01	-1.042018e-01	-9.533709e-02	-6.579332e-02	-2.863514e-02	2.499601e-02	-1.642189e-02	4.121541e-01	8.846517e-01
5.157031e+02	7.063084e-01	3.424008e-01	1.039252e-01	5.731863e-01	1.051196e+00	-1.278423e+00	-9.434759e-02	-9.777713e-02	-7.074661e-02	-8.229635e-02	-7.205820e-02	-3.931018e-03	5.557404e-02	-4.855481e-03	3.944301e-01	8.944017e-01
5.093653e+02	6.873778e-01	3.263256e-01	8.599700e-02	5.797512e-01	1.085383e+00	-1.258547e+00	-3.363807e-02	-1.355884e-01	-1.114097e-01	-8.114219e-02	-8.663310e-03	-4.691655e-02	1.238429e-02	-3.745602e-03	3.920449e-01	9.222468e-01
5.094441e+02	7.046287e-01	3.473911e-01	9.941737e-02	6.253862e-01	1.117282e+00	-1.277758e+00	-4.941060e-02	-9.263206e-02	-9.836880e-02	-6.997335e-02	-2.310196e-02	2.292153e-03	2.916968e-02	2.524836e-03	3.709477e-01	9.386902e-01
5.356855e+02	6.788814e-01	3.190348e-01	7.873539e-02	5.817327e-01	1.092661e+00	-1.254911e+00	-9.678331e-02	-1.502454e-01	-9.843426e-02	-9.574494e-02	-6.654432e-02	-4.572103e-02	3.397847e-02	-2.027078e-02	4.124926e-01	8.972776e-01
5.128948e+02	7.048881e-01	3.481310e-01	1.027838e-01	6.205328e-01	1.113389e+00	-1.283642e+00	-7.413481e-02	-1.252080e-01	-8.597973e-02	-6.286631e-02	-4.251909e-02	-2.328763e-02	5.445890e-02	1.271647e-02	3.876823e-01	9.260322e-01
5.418154e+02	6.742193e-01	3.168884e-01	8.177087e-02	5.599736e-01	1.068150e+00	-1.261071e+00	-7.795169e-02	-1.417237e-01	-1.027573e-01	-1.087837e-01	-4.617064e-02	-2.898320e-02	2.654313e-02	-3.958086e-02	4.005488e-01	9.203986e-01
5.014624e+02	7.001051e-01	3.452265e-01	1.044330e-01	6.028135e-01	1.092952e+00	-1.290185e+00	-5.351646e-02	-1.298465e-01	-7.997505e-02	-8.254188e-02	-2.199659e-02	-1.502892e-02	4.921723e-02	-1.053284e-02	3.751887e-01	9.424848e-01
4.948404e+02	6.964686e-01	3.397361e-01	1.036281e-01	5.812994e-01	1.079105e+00	-1.287420e+00	-8.420205e-02	-1.289877e-01	-9.281717e-02	-7.183031e-02	-4.739841e-02	-1.469271e-02	3.731218e-02	-2.973257e-03	3.855058e-01	9.286529e-01
5.608603e+02	6.683549e-01	3.141755e-01	7.832520e-02	5.665431e-01	1.085910e+00	-1.260885e+00	-7.778098e-02	-1.419848e-01	-1.323088e-01	-9.468797e-02	-4.560317e-02	-3.002754e-02	1.327548e-03	-2.689902e-02	4.046819e-01	9.199885e-01
5.522336e+02	7.083497e-01	3.555432e-01	1.194958e-01	5.907763e-01	1.092511e+00	-1.306180e+00	-5.597130e-02	-1.088228e-01	-9.443065e-02	-5.762476e-02	-2.221296e-02	2.299150e-03	4.425230e-02	1.572770e-02	3.683508e-01	9.516529e-01
6.474076e+02	6.487895e-01	3.040648e-01	6.896150e-02	5.547722e-01	1.073167e+00	-1.264850e+00	-1.015539e-01	-1.550941e-01	-1.241409e-01	-1.386137e-01	-5.798559e-02	-4.457282e-02	1.926506e-02	-7.437430e-02	4.206611e-01	9.131882e-01
4.960683e+02	6.833317e-01	3.418705e-01	1.054381e-01	5.807238e-01	1.072043e+00	-1.308682e+00	-7.697484e-02	-1.256904e-01	-1.011745e-01	-1.007754e-01	-3.085344e-02	-8.367008e-03	4.356931e-02	-4.585585e-02	3.845949e-01	9.500456e-01
5.066820e+02	6.953927e-01	3.520231e-01	1.162700e-01	5.860632e-01	1.080108e+00	-1.319187e+00	-8.569722e-02	-1.409043e-01	-1.019539e-01	-6.307600e-02	-4.209922e-02	-2.344842e-02	4.423109e-02	3.581524e-03	3.930076e-01	9.368837e-01
5.395689e+02	6.643690e-01	3.275654e-01	8.935057e-02	5.832328e-01	1.084088e+00	-1.297576e+00	-9.388964e-02	-1.341309e-01	-1.254823e-01	-1.130266e-01	-4.772834e-02	-1.404734e-02	1.605160e-02	-4.711490e-02	4.006850e-01	9.354041e-01
5.404950e+02	6.999391e-01	3.607853e-01	1.218477e-01	6.040300e-01	1.092211e+00	-1.331779e+00	-9.615779e-02	-1.104068e-01	-1.040041e-01	-6.203213e-02	-5.295203e-02	9.553393e-03	3.859765e-02	1.104889e-02	3.802840e-01	9.433779e-01
7.004982e+02	6.323216e-01	3.028762e-01	6.536560e-02	5.652943e-01	1.079050e+00	-1.283413e+00	-7.251000e-02	-1.810848e-01	-1.463172e-01	-1.521833e-01	-2.590878e-02	-5.344135e-02	-7.618880e-03	-8.334836e-02	4.166018e-01	9.359736e-01
5.050658e+02	6.754206e-01	3.465738e-01	1.142103e-01	5.597599e-01	1.044590e+00	-1.338656e+00	-4.263404e-02	-1.724518e-01	-1.066055e-01	-1.011762e-01	-1.829455e-03	-4.228424e-02	3.959852e-02	-4.149841e-02	3.873376e-01	9.617898e-01
5.267854e+02	6.892275e-01	3.660138e-01	1.177853e-01	6.493566e-01	1.130092e+00	-1.350495e+00	-1.046349e-01	-1.079164e-01	-1.174574e-01	-8.042445e-02	-6.136997e-02	2.481754e-02	3.621955e-02	-2.556156e-02	3.759987e-01	9.642806e-01
6.570490e+02	6.357978e-01	3.172258e-01	7.173175e-02	6.103625e-01	1.094332e+00	-1.315376e+00	-1.151831e-01	-2.216456e-01	-1.587111e-01	-1.117761e-01	-6.985789e-02	-8.490566e-02	6.062192e-03	-5.551527e-02	4.258228e-01	9.266357e-01
5.332817e+02	6.878066e-01	3.696670e-01	1.236181e-01	6.401997e-01	1.107981e+00	-1.369663e+00	-8.125125e-02	-1.968094e-01	-1.105560e-01	-5.840915e-02	-3.703401e-02	-6.106487e-02	6.386415e-02	2.254325e-03	3.801125e-01	9.779112e-01
5.569437e+02	6.488795e-01	3.365545e-01	9.475052e-02	6.046957e-01	1.111739e+00	-1.343712e+00	-1.024580e-01	-1.679442e-01	-1.618876e-01	-1.095364e-01	-5.682102e-02	-2.468702e-02	-1.480486e-04	-4.323412e-02	3.894208e-01	9.821555e-01
4.941506e+02	6.740736e-01	3.604984e-01	1.169150e-01	6.256091e-01	1.133428e+00	-1.365334e+00	-7.573017e-02	-1.427831e-01	-1.364892e-01	-9.258728e-02	-2.824110e-02	-6.496388e-03	2.880441e-02	-2.382897e-02	3.653473e-01	1.010714e+00
5.034430e+02	6.753604e-01	3.558901e-01	1.282889e-01	5.491924e-01	1.021028e+00	-1.375417e+00	-1.121650e-01	-1.248970e-01	-1.340703e-01	-8.424598e-02	-5.863427e-02	5.266448e-03	3.391362e-02	-1.118819e-02	3.754831e-01	9.965212e-01
5.545962e+02	6.474012e-01	3.385689e-01	9.413963e-02	6.295439e-01	1.149562e+00	-1.343984e+00	-1.049701e-01	-1.880672e-01	-1.384565e-01	-1.271759e-01	-5.111479e-02	-4.837779e-02	2.982820e-02	-4.972578e-02	4.029038e-01	9.801500e-01
5.405210e+02	6.864855e-01	3.744310e-01	1.316872e-01	6.390347e-01	1.142974e+00	-1.379901e+00	-7.162253e-02	-1.626625e-01	-1.029154e-01	-8.461826e-02	-1.980119e-02	-2.073672e-02	6.554602e-02	-5.850828e-03	3.674090e-01	1.015392e+00
6.912439e+02	6.198621e-01	3.167923e-01	7.720301e-02	5.870627e-01	1.122244e+00	-1.337383e+00	-1.657801e-01	-1.669562e-01	-1.812611e-01	-1.494131e-01	-9.933803e-02	-2.349652e-02	-1.353120e-02	-5.867685e-02	4.260871e-01	9.673256e-01
5.007640e+02	6.651178e-01	3.626170e-01	1.208887e-01	6.180126e-01	1.127563e+00	-1.388712e+00	-1.436114e-01	-1.502965e-01	-1.429998e-01	-9.432083e-02	-7.702275e-02	-6.208825e-03	3.964594e-02	-1.976575e-03	3.856306e-01	1.007324e+00
5.048255e+02	6.730387e-01	3.697896e-01	1.313289e-01	6.059323e-01	1.109887e+00	-1.398279e+00	-1.056108e-01	-1.299774e-01	-1.268665e-01	-1.042410e-01	-3.642405e-02	5.808760e-03	5.253538e-02	-6.786115e-03	3.646692e-01	1.044857e+00
5.335247e+02	6.456312e-01	3.465520e-01	1.100652e-01	5.740961e-01	1.066978e+00	-1.384060e+00	-1.473476e-01	-1.582787e-01	-1.410307e-01	-1.305116e-01	-7.360737e-02	-2.554458e-02	4.493713e-02	-2.299311e-02	4.034192e-01	1.007959e+00
5.223442e+02	6.781348e-01	3.730238e-01	1.366523e-01	5.904357e-01	1.080523e+00	-1.408842e+00	-1.010998e-01	-1.552904e-01	-1.233554e-01	-8.483736e-02	-2.544184e-02	-2.024013e-02	6.279660e-02	2.255485e-02	3.669314e-01	1.050064e+00
5.531280e+02	6.384640e-01	3.440984e-01	1.049826e-01	5.809457e-01	1.094998e+00	-1.384504e+00	-8.767798e-02	-1.720078e-01	-1.428378e-01	-1.519092e-01	-1.598247e-02	-3.541692e-02	4.557804e-02	-5.593654e-02	3.858088e-01	1.048706e+00
4.964354e+02	6.641382e-01	3.662833e-01	1.252278e-01	6.012521e-01	1.108591e+00	-1.405577e+00	-1.168731e-01	-1.455333e-01	-1.228459e-01	-1.194685e-01	-4.360893e-02	-8.052636e-03	6.876506e-02	-2.281858e-02	3.743805e-01	1.048676e+00
5.222863e+02	6.452708e-01	3.528279e-01	1.052590e-01	6.262919e-01	1.151178e+00	-1.389450e+00	-1.022649e-01	-1.787609e-01	-1.636160e-01	-1.169999e-01	-3.324674e-02	-3.472946e-02	2.795435e-02	-1.685638e-02	3.869937e-01	1.041322e+00
5.433591e+02	6.802326e-01	3.814780e-01	1.384675e-01	6.127881e-01	1.123867e+00	-1.419422e+00	-9.996343e-02	-1.368863e-01	-1.287974e-01	-8.265542e-02	-3.096444e-02	1.944244e-03	5.749993e-02	1.378561e-02	3.603193e-01	1.062625e+00
5.956243e+02	6.289878e-01	3.349246e-01	1.051815e-01	5.179796e-01	1.054185e+00	-1.390802e+00	-1.124597e-01	-2.071979e-01	-1.646668e-01	-1.300804e-01	-4.387646e-02	-5.954224e-02	2.129108e-02	-3.206593e-02	4.120846e-01	1.029178e+00
4.943506e+02	6.596075e-01	3.633986e-01	1.270877e-01	5.684851e-01	1.083887e+00	-1.417873e+00	-1.119220e-01	-1.671488e-01	-1.307933e-01	-1.156518e-01	-4.557789e-02	-1.582233e-02	5.378809e-02	-1.974624e-02	3.859530e-01	1.052933e+00
5.613374e+02	6.832186e-01	3.836862e-01	1.436993e-01	6.040022e-01	1.127034e+00	-1.432191e+00	-1.069379e-01	-1.366035e-01	-1.293153e-01	-8.173387e-02	-4.210295e-02	1.677975e-02	5.254928e-02	1.016090e-02	3.631478e-01	1.070330e+00
8.178756e+02	5.884124e-01	3.042616e-01	7.615548e-02	5.055553e-01	1.064869e+00	-1.376412e+00	-1.512487e-01	-2.558656e-01	-1.834530e-01	-1.891894e-01	-8.398620e-02	-9.666622e-02	-4.324320e-03	-8.980006e-02	4.560483e-01	1.003904e+00
5.935297e+02	6.291495e-01	3.450394e-01	1.131981e-01	5.527509e-01	1.079482e+00	-1.425730e+00	-1.372079e-01	-2.378750e-01	-1.509301e-01	-1.464332e-01	-6.847754e-02	-7.963643e-02	3.744240e-02	-5.697070e-02	4.251671e-01	1.041819e+00
6.164206e+02	6.870838e-01	3.961935e-01	1.588271e-01	6.036550e-01	1.101679e+00	-1.474735e+00	-8.284054e-02	-1.860216e-01	-1.107246e-01	-8.728512e-02	-1.404338e-02	-2.785163e-02	7.552868e-02	2.850629e-03	3.581576e-01	1.121706e+00
7.463988e+02	5.961145e-01	3.252937e-01	1.028797e-01	5.108971e-01	1.053377e+00	-1.430026e+00	-2.364090e-01	-1.670613e-01	-2.269454e-01	-1.700913e-01	-1.577573e-01	-3.409809e-03	-4.838346e-02	-5.810803e-02	4.417565e-01	1.057024e+00
5.639737e+02	6.342202e-01	3.612274e-01	1.296449e-01	5.807004e-01	1.094548e+00	-1.467592e+00	-2.184450e-01	-1.543110e-01	-1.954282e-01	-1.305538e-01	-1.361687e-01	5.648557e-03	-1.164199e-02	-1.359419e-02	4.006440e-01	1.116826e+00
5.344899e+02	6.683464e-01	3.899766e-01	1.566311e-01	6.051247e-01	1.100705e+00	-1.494532e+00	-1.627250e-01	-1.469113e-01	-1.580001e-01	-9.849031e-02	-7.539357e-02	1.254724e-02	2.985684e-02	1.270641e-02	3.460661e-01	1.193680e+00
6.205993e+02	6.122207e-01	3.466535e-01	1.234385e-01	5.509703e-01	1.076284e+00	-1.465233e+00	-1.354839e-01	-2.302285e-01	-1.677035e-01	-1.832387e-01	-4.849868e-02	-6.502221e-02	2.037078e-02	-6.892278e-02	3.853243e-01	1.190039e+00
4.963826e+02	6.496520e-01	3.802325e-01	1.501862e-01	6.042258e-01	1.112290e+00	-1.494993e+00	-1.125150e-01	-2.080943e-01	-1.467884e-01	-1.352924e-01	-2.375372e-02	-4.627582e-02	4.553810e-02	-2.650567e-02	3.531742e-01	1.219442e+00
5.035043e+02	6.604571e-01	3.864712e-01	1.616290e-01	5.862927e-01	1.089999e+00	-1.502890e+00	-1.391202e-01	-1.721190e-01	-1.422200e-01	-1.228199e-01	-5.220752e-02	-6.229780e-03	4.526183e-02	-1.226807e-02	3.479050e-01	1.219747e+00
5.403301e+02	6.308166e-01	3.630690e-01	1.437043e-01	5.512882e-01	1.061893e+00	-1.487680e+00	-1.842245e-01	-1.899854e-01	-1.768725e-01	-1.420306e-01	-9.566853e-02	-1.799125e-02	7.484938e-03	-2.486822e-02	3.804966e-01	1.190881e+00
5.120211e+02	6.631103e-01	3.898272e-01	1.645514e-01	5.972533e-01	1.098051e+00	-1.508878e+00	-1.314297e-01	-1.835884e-01	-1.391521e-01	-1.179043e-01	-4.527817e-02	-1.388285e-02	5.208979e-02	-4.925050e-03	3.397072e-01	1.237962e+00
5.007658e+02	6.435143e-01	3.726861e-01	1.552882e-01	5.622819e-01	1.079084e+00	-1.497969e+00	-1.504683e-01	-1.896333e-01	-1.610736e-01	-1.369481e-01	-6.319551e-02	-2.006298e-02	2.040573e-02	-1.274324e-02	3.599796e-01	1.224782e+00
4.960372e+02	6.431847e-01	3.760974e-01	1.507998e-01	5.982475e-01	1.118103e+00	-1.498138e+00	-1.354148e-01	-2.001462e-01	-1.621643e-01	-1.363459e-01	-4.976494e-02	-2.820354e-02	2.537210e-02	-1.452671e-02	3.560396e-01	1.229657e+00
5.018846e+02	6.454577e-01	3.825830e-01	1.469315e-01	6.433074e-01	1.179918e+00	-1.497005e+00	-1.310929e-01	-1.551673e-01	-1.774750e-01	-1.414541e-01	-4.939927e-02	5.626850e-03	1.113449e-02	-1.820329e-02	3.478867e-01	1.240988e+00
4.985532e+02	6.496110e-01	3.796271e-01	1.566204e-01	5.947273e-01	1.111542e+00	-1.502375e+00	-1.309454e-01	-2.263030e-01	-1.423263e-01	-1.244407e-01	-4.853529e-02	-4.939159e-02	5.020150e-02	-2.469900e-03	3.579849e-01	1.226136e+00
5.012564e+02	6.528329e-01	3.819876e-01	1.617242e-01	5.811219e-01	1.090822e+00	-1.507676e+00	-1.282652e-01	-1.897120e-01	-1.289398e-01	-1.397104e-01	-4.943384e-02	-1.058539e-02	6.582532e-02	-1.930355e-02	3.443906e-01	1.241957e+00
5.684810e+02	6.163847e-01	3.556605e-01	1.361864e-01	5.753221e-01	1.128970e+00	-1.482963e+00	-1.370385e-01	-2.237976e-01	-1.990941e-01	-1.459887e-01	-5.765930e-02	-3.899784e-02	-5.747317e-03	-1.897632e-02	3.740862e-01	1.224114e+00
4.963502e+02	6.486459e-01	3.824512e-01	1.613722e-01	5.991909e-01	1.150481e+00	-1.505476e+00	-1.446292e-01	-1.851181e-01	-1.573858e-01	-1.265023e-01	-6.696104e-02	-2.400993e-03	3.984663e-02	-4.699483e-03	3.506348e-01	1.237564e+00
5.012255e+02	6.448073e-01	3.803542e-01	1.594769e-01	6.019013e-01	1.162966e+00	-1.502988e+00	-8.636222e-02	-2.061895e-01	-1.843650e-01	-1.124498e-01	-1.189833e-02	-2.171718e-02	1.324717e-02	1.155037e-02	3.402704e-01	1.263823e+00
5.300929e+02	6.231199e-01	3.684608e-01	1.388732e-01	6.372222e-01	1.229944e+00	-1.487777e+00	-1.421360e-01	-2.374624e-01	-1.614252e-01	-1.607645e-01	-6.086201e-02	-4.497861e-02	3.258371e-02	-3.338044e-02	3.716669e-01	1.234065e+00
5.596679e+02	6.632717e-01	3.976964e-01	1.772286e-01	6.201442e-01	1.186373e+00	-1.515928e+00	-1.495507e-01	-1.910611e-01	-1.427028e-01	-9.839207e-02	-7.056458e-02	-2.275822e-03	5.250518e-02	2.749995e-02	3.462510e-01	1.249694e+00
7.203865e+02	5.808086e-01	3.370193e-01	1.198799e-01	5.825885e-01	1.199813e+00	-1.473963e+00	-1.449079e-01	-2.527603e-01	-2.346436e-01	-1.817104e-01	-6.750165e-02	-4.981998e-02	-5.259476e-02	-5.282492e-02	4.022647e-01	1.228675e+00
4.984515e+02	6.365426e-01	3.866189e-01	1.662376e-01	6.196921e-01	1.225566e+00	-1.520322e+00	-1.025966e-01	-2.158075e-01	-1.815790e-01	-1.304486e-01	-2.648415e-02	-1.320695e-02	-1.421178e-03	-5.029809e-03	3.505184e-01	1.283419e+00
5.011534e+02	6.445453e-01	3.880878e-01	1.794742e-01	5.792389e-01	1.172816e+00	-1.527412e+00	-9.034166e-02	-2.454217e-01	-1.545321e-01	-1.227443e-01	-2.083868e-02	-3.544255e-02	2.094312e-02	8.588253e-03	3.546218e-01	1.279420e+00
5.454437e+02	6.173113e-01	3.715939e-01	1.570883e-01	5.904284e-01	1.190849e+00	-1.515792e+00	-2.187141e-01	-2.055939e-01	-1.663590e-01	-1.644679e-01	-1.287364e-01	2.912048e-04	2.035298e-02	-3.561461e-02	3.902154e-01	1.234978e+00
5.005908e+02	6.348704e-01	3.859392e-01	1.665726e-01	6.165532e-01	1.218987e+00	-1.524792e+00	-1.827775e-01	-2.280005e-01	-1.547436e-01	-1.325750e-01	-8.633637e-02	-1.784634e-02	3.191677e-02	-1.816824e-03	3.619952e-01	1.280095e+00
5.032485e+02	6.452739e-01	3.919457e-01	1.790462e-01	5.934248e-01	1.181919e+00	-1.534232e+00	-1.425214e-01	-1.905745e-01	-1.506075e-01	-1.298415e-01	-4.722416e-02	1.003217e-02	3.538796e-02	-1.083278e-03	3.325164e-01	1.322260e+00
5.977894e+02	5.998758e-01	3.517822e-01	1.564777e-01	5.070846e-01	1.094861e+00	-1.514651e+00	-1.667530e-01	-2.528499e-01	-1.835432e-01	-1.656695e-01	-7.099340e-02	-4.314266e-02	7.254145e-03	-2.254995e-02	3.805961e-01	1.291840e+00
5.424426e+02	6.560183e-01	3.975735e-01	1.867245e-01	6.062442e-01	1.168880e+00	-1.551143e+00	-1.272599e-01	-1.951115e-01	-1.444835e-01	-1.188936e-01	-3.437281e-02	1.558793e-02	5.091643e-02	1.585892e-02	3.206132e-01	1.346645e+00
6.700912e+02	5.863657e-01	3.382874e-01	1.478194e-01	5.060552e-01	1.060647e+00	-1.524155e+00	-1.765332e-01	-2.656354e-01	-1.898058e-01	-1.929602e-01	-7.444783e-02	-4.482639e-02	9.201162e-03	-5.786919e-02	3.843910e-01	1.306516e+00
5.136149e+02	6.253318e-01	3.706821e-01	1.704593e-01	5.748431e-01	1.106887e+00	-1.553286e+00	-1.604541e-01	-2.209140e-01	-1.517036e-01	-1.729268e-01	-5.749669e-02	1.142197e-03	4.765022e-02	-4.221457e-02	3.462816e-01	1.343344e+00
5.181041e+02	6.512178e-01	3.887426e-01	1.890767e-01	5.810565e-01	1.099616e+00	-1.570160e+00	-1.359610e-01	-1.857569e-01	-1.495713e-01	-1.351053e-01	-3.866431e-02	2.813818e-02	5.133036e-02	-3.703080e-03	3.229646e-01	1.362450e+00
5.508860e+02	6.121647e-01	3.625273e-01	1.568375e-01	5.913557e-01	1.142294e+00	-1.547827e+00	-1.773593e-01	-2.782694e-01	-1.660226e-01	-1.647393e-01	-6.815567e-02	-5.124592e-02	3.397670e-02	-2.071850e-02	3.683524e-01	1.328042e+00
5.236576e+02	6.501670e-01	3.887259e-01	1.855442e-01	5.981805e-01	1.140229e+00	-1.570610e+00	-1.631863e-01	-2.630910e-01	-1.415384e-01	-1.099146e-01	-5.650326e-02	-3.745451e-02	5.743130e-02	3.204121e-02	3.437450e-01	1.345062e+00
5.735076e+02	6.033758e-01	3.620439e-01	1.489695e-01	6.159272e-01	1.182865e+00	-1.551067e+00	-1.421084e-01	-2.112663e-01	-1.949343e-01	-1.910383e-01	-3.588847e-02	9.197024e-03	-3.936288e-03	-5.758422e-02	3.405274e-01	1.375953e+00
5.015544e+02	6.391987e-01	3.894786e-01	1.776403e-01	6.246937e-01	1.166313e+00	-1.577032e+00	-1.301490e-01	-2.021842e-01	-1.492578e-01	-1.527446e-01	-2.681758e-02	2.087590e-02	4.258516e-02	-2.042917e-02	3.140957e-01	1.390528e+00
5.032539e+02	6.233324e-01	3.769007e-01	1.667091e-01	6.163025e-01	1.171922e+00	-1.568054e+00	-1.624264e-01	-2.274955e-01	-1.777348e-01	-1.468014e-01	-5.370136e-02	-6.260734e-03	2.025876e-02	-9.262882e-03	3.421185e-01	1.366754e+00
5.094120e+02	6.444563e-01	3.928541e-01	1.809167e-01	6.226602e-01	1.176117e+00	-1.579144e+00	-1.125084e-01	-2.118692e-01	-1.609253e-01	-1.282381e-01	-7.996186e-03	-2.017803e-03	3.307177e-02	9.100827e-03	3.211360e-01	1.392071e+00
5.839252e+02	6.030955e-01	3.570190e-01	1.559393e-01	5.756870e-01	1.134728e+00	-1.560394e+00	-2.573184e-01	-2.527253e-01	-1.814877e-01	-1.574634e-01	-1.310488e-01	-2.609780e-02	1.738394e-02	-1.494710e-02	3.810152e-01	1.333685e+00
5.192652e+02	6.464874e-01	3.917426e-01	1.831921e-01	6.238747e-01	1.168945e+00	-1.587831e+00	-2.017708e-01	-2.431528e-01	-1.409383e-01	-1.142771e-01	-7.224496e-02	-2.131068e-02	5.825510e-02	2.099249e-02	3.285404e-01	1.405582e+00
5.353657e+02	6.155983e-01	3.665525e-01	1.655780e-01	5.862925e-01	1.136796e+00	-1.575964e+00	-2.350503e-01	-2.278109e-01	-1.732468e-01	-1.529925e-01	-9.831054e-02	-6.979504e-03	1.718352e-02	-1.816837e-02	3.465925e-01	1.398597e+00
5.376440e+02	6.529639e-01	3.982055e-01	1.845314e-01	6.428788e-01	1.193511e+00	-1.595570e+00	-1.982989e-01	-1.973048e-01	-1.351815e-01	-1.274926e-01	-6.501573e-02	1.313188e-02	4.629379e-02	6.839473e-03	3.108649e-01	1.434912e+00
6.265485e+02	5.949290e-01	3.455213e-01	1.532806e-01	5.492155e-01	1.087284e+00	-1.573163e+00	-1.684851e-01	-2.937639e-01	-2.026429e-01	-1.584539e-01	-3.945414e-02	-6.592713e-02	-1.802593e-02	-1.975603e-02	3.482442e-01	1.425908e+00
5.013951e+02	6.345011e-01	3.786137e-01	1.739313e-01	6.185557e-01	1.150953e+00	-1.596644e+00	-1.745005e-01	-2.560961e-01	-1.820893e-01	-1.149701e-01	-4.565887e-02	-2.937175e-02	5.016393e-03	1.971968e-02	3.193884e-01	1.442472e+00
5.386800e+02	6.549726e-01	3.952867e-01	1.903891e-01	6.283511e-01	1.154343e+00	-1.611323e+00	-1.274357e-01	-2.149965e-01	-1.449902e-01	-1.233891e-01	-7.489390e-03	3.057414e-03	4.566750e-02	3.439732e-03	2.864818e-01	1.475948e+00
5.812040e+02	6.059971e-01	3.492170e-01	1.655081e-01	5.456658e-01	1.070538e+00	-1.590420e+00	-1.986165e-01	-2.784453e-01	-1.823287e-01	-1.578137e-01	-7.657503e-02	-4.440829e-02	1.173326e-02	-1.927978e-02	3.503009e-01	1.433786e+00
4.978799e+02	6.334301e-01	3.752127e-01	1.743288e-01	6.143415e-01	1.127810e+00	-1.607332e+00	-1.894190e-01	-2.369150e-01	-1.663649e-01	-1.371797e-01	-6.789255e-02	-6.142954e-03	2.775969e-02	-9.906177e-04	3.236387e-01	1.457855e+00
5.036792e+02	6.411187e-01	3.791200e-01	1.814909e-01	6.055467e-01	1.107762e+00	-1.614340e+00	-1.893275e-01	-2.666955e-01	-1.394249e-01	-1.273887e-01	-6.863033e-02	-2.285061e-02	5.224628e-02	7.451085e-03	3.219592e-01	1.454065e+00
5.055033e+02	6.287782e-01	3.751803e-01	1.696065e-01	6.323208e-01	1.166659e+00	-1.605449e+00	-1.329562e-01	-2.060651e-01	-1.823938e-01	-1.556585e-01	-1.824501e-02	1.778589e-02	8.301862e-04	-2.123387e-02	2.998345e-01	1.495928e+00
4.996134e+02	6.406579e-01	3.844664e-01	1.747058e-01	6.422367e-01	1.171898e+00	-1.611351e+00	-1.660916e-01	-2.089804e-01	-1.748445e-01	-1.265287e-01	-4.916650e-02	1.684808e-02	1.050722e-02	9.030636e-03	3.048863e-01	1.484244e+00
5.309576e+02	6.159497e-01	3.618751e-01	1.635448e-01	6.030094e-01	1.130150e+00	-1.601221e+00	-1.686881e-01	-2.588498e-01	-1.627244e-01	-1.660266e-01	-5.076674e-02	-2.943774e-02	2.381908e-02	-2.526305e-02	3.277629e-01	1.471493e+00
5.081026e+02	6.463294e-01	3.879281e-01	1.796316e-01	6.516951e-01	1.204275e+00	-1.613838e+00	-1.304892e-01	-2.395948e-01	-1.364841e-01	-1.438378e-01	-1.773090e-02	-1.476574e-02	4.672413e-02	-7.383899e-03	3.000644e-01	1.494826e+00
5.238799e+02	6.235359e-01	3.644880e-01	1.686165e-01	6.028945e-01	1.133731e+00	-1.606338e+00	-2.253528e-01	-2.300687e-01	-1.761355e-01	-1.431912e-01	-9.423451e-02	-9.232238e-03	5.318906e-03	9.051389e-04	3.371228e-01	1.462621e+00
5.548569e+02	6.600178e-01	3.882247e-01	1.984486e-01	5.884717e-01	1.102107e+00	-1.629863e+00	-1.976883e-01	-2.048257e-01	-1.358428e-01	-1.091477e-01	-6.952121e-02	1.312925e-02	4.849977e-02	2.366499e-02	3.001077e-01	1.492831e+00
7.356133e+02	5.732833e-01	3.302839e-01	1.306016e-01	5.910359e-01	1.148742e+00	-1.588417e+00	-1.649908e-01	-2.759540e-01	-2.150061e-01	-2.102110e-01	-3.794314e-02	-5.596766e-02	-4.260303e-02	-7.274441e-02	3.544743e-01	1.490989e+00
5.133306e+02	6.232591e-01	3.734735e-01	1.764888e-01	6.088743e-01	1.155665e+00	-1.629782e+00	-1.214677e-01	-2.340139e-01	-1.694321e-01	-1.685126e-01	-5.319804e-03	-1.915608e-02	8.192624e-03	-4.399542e-02	3.122191e-01	1.529987e+00
5.119527e+02	6.461554e-01	3.960728e-01	1.832158e-01	6.638379e-01	1.216620e+00	-1.641501e+00	-1.966293e-01	-2.312140e-01	-1.446435e-01	-1.296919e-01	-7.053443e-02	-8.063908e-03	3.205250e-02	-2.027036e-03	3.143127e-01	1.512425e+00
5.152020e+02	6.211199e-01	3.774009e-01	1.625653e-01	6.583847e-01	1.222483e+00	-1.630015e+00	-2.036936e-01	-2.733979e-01	-1.722711e-01	-1.443993e-01	-7.505863e-02	-3.879412e-02	1.142954e-02	-1.178443e-02	3.351096e-01	1.500074e+00
4.970564e+02	6.408431e-01	3.906323e-01	1.815296e-01	6.432841e-01	1.195019e+00	-1.643410e+00	-1.618078e-01	-2.390827e-01	-1.577030e-01	-1.293852e-01	-3.928137e-02	-1.182022e-02	2.401610e-02	3.932735e-04	3.062244e-01	1.532710e+00
5.109374e+02	6.280295e-01	3.760958e-01	1.786460e-01	6.042956e-01	1.151113e+00	-1.639024e+00	-2.297686e-01	-2.097790e-01	-1.684230e-01	-1.462595e-01	-9.492660e-02	1.442510e-02	1.354445e-02	-1.406141e-02	3.230591e-01	1.512783e+00
4.972604e+02	6.280865e-01	3.773425e-01	1.779928e-01	6.071503e-01	1.153043e+00	-1.640236e+00	-1.584229e-01	-2.562484e-01	-1.548744e-01	-1.471252e-01	-2.850945e-02	-3.030730e-02	2.969251e-02	-1.153140e-02	3.054601e-01	1.549315e+00
5.014973e+02	6.430533e-01	3.888086e-01	1.891300e-01	6.128409e-01	1.149005e+00	-1.649939e+00	-1.620290e-01	-2.241720e-01	-1.424323e-01	-1.346702e-01	-3.386215e-02	-8.549157e-03	4.297504e-02	1.328772e-03	2.970911e-01	1.555241e+00
5.744118e+02	6.018157e-01	3.555596e-01	1.611325e-01	5.776632e-01	1.132947e+00	-1.629764e+00	-2.112486e-01	-2.468869e-01	-1.953755e-01	-1.611292e-01	-7.107607e-02	-2.304257e-02	-8.498447e-03	-2.124688e-02	3.323760e-01	1.529864e+00
4.965078e+02	6.352818e-01	3.861708e-01	1.765118e-01	6.413337e-01	1.190887e+00	-1.648712e+00	-1.971316e-01	-2.110631e-01	-1.661807e-01	-1.366560e-01	-5.876020e-02	3.680896e-03	2.333221e-02	1.734789e-03	3.076742e-01	1.548903e+00
4.951791e+02	6.389146e-01	3.821918e-01	1.889184e-01	5.918162e-01	1.130717e+00	-1.653520e+00	-1.577236e-01	-2.320670e-01	-1.548442e-01	-1.303782e-01	-2.302491e-02	-1.122739e-02	3.311799e-02	6.029844e-03	2.960857e-01	1.562597e+00
5.031647e+02	6.227111e-01	3.750167e-01	1.717357e-01	6.203062e-01	1.174408e+00	-1.644525e+00	-1.509662e-01	-2.543735e-01	-1.554326e-01	-1.593786e-01	-2.254918e-02	-3.076902e-02	3.471635e-02	-1.627831e-02	3.149252e-01	1.554649e+00
4.965255e+02	6.312026e-01	3.774004e-01	1.825601e-01	5.949385e-01	1.139371e+00	-1.650797e+00	-2.039611e-01	-2.158734e-01	-1.609080e-01	-1.378260e-01	-6.444912e-02	2.560916e-03	2.897759e-02	2.529703e-03	3.130889e-01	1.546401e+00
4.956640e+02	6.292294e-01	3.786471e-01	1.778591e-01	6.177699e-01	1.173558e+00	-1.649012e+00	-1.798496e-01	-2.513482e-01	-1.419379e-01	-1.490343e-01	-3.841351e-02	-2.537119e-02	4.787315e-02	-8.624903e-03	3.071748e-01	1.553009e+00
4.953007e+02	6.306618e-01	3.771740e-01	1.832150e-01	5.947561e-01	1.148792e+00	-1.650811e+00	-1.839645e-01	-2.070199e-01	-1.699002e-01	-1.354800e-01	-4.838708e-02	8.824155e-03	1.668696e-02	4.073326e-03	3.050925e-01	1.557819e+00
5.229636e+02	6.469302e-01	3.909374e-01	1.923496e-01	6.201249e-01	1.194288e+00	-1.656728e+00	-1.598363e-01	-1.978769e-01	-1.551640e-01	-1.234715e-01	-2.732450e-02	2.129747e-02	2.471667e-02	1.219398e-02	2.850236e-01	1.572202e+00
7.133162e+02	5.736723e-01	3.274135e-01	1.460881e-01	5.301231e-01	1.081585e+00	-1.627737e+00	-2.460912e-01	-2.899085e-01	-1.943374e-01	-1.916920e-01	-9.471433e-02	-6.574558e-02	1.915561e-03	-4.696350e-02	3.691455e-01	1.516573e+00
5.217604e+02	6.266655e-01	3.648392e-01	1.908622e-01	5.312338e-01	1.060460e+00	-1.669472e+00	-2.099395e-01	-2.670679e-01	-1.433748e-01	-1.427420e-01	-5.925836e-02	-4.584511e-02	6.151741e-02	4.190893e-04	3.254672e-01	1.562468e+00
5.319607e+02	6.471686e-01	3.973451e-01	1.859111e-01	6.732784e-01	1.194242e+00	-1.681004e+00	-1.906861e-01	-1.987568e-01	-1.566734e-01	-1.298317e-01	-4.353072e-02	2.434678e-02	4.649400e-02	1.184088e-02	2.861680e-01	1.595947e+00
7.173994e+02	5.702001e-01	3.376234e-01	1.295215e-01	6.344830e-01	1.156055e+00	-1.649750e+00	-1.941823e-01	-2.717258e-01	-2.170455e-01	-2.208563e-01	-4.727928e-02	-3.595526e-02	-1.631964e-02	-7.546613e-02	3.316957e-01	1.580498e+00
4.928059e+02	6.310558e-01	3.894538e-01	1.825773e-01	6.582159e-01	1.158675e+00	-1.696134e+00	-1.725559e-01	-2.420145e-01	-1.651661e-01	-1.493358e-01	-2.956666e-02	-1.198485e-02	4.054195e-02	-1.884212e-02	2.945026e-01	1.603348e+00
5.170740e+02	6.456202e-01	3.970109e-01	1.988768e-01	6.315217e-01	1.121366e+00	-1.706491e+00	-1.847118e-01	-2.252685e-01	-1.533197e-01	-1.277023e-01	-3.663712e-02	1.014012e-03	5.165954e-02	-3.402544e-04	2.856235e-01	1.604868e+00
6.604586e+02	5.798717e-01	3.473475e-01	1.517793e-01	5.999280e-01	1.112787e+00	-1.677910e+00	-2.408660e-01	-2.757843e-01	-2.220495e-01	-1.848241e-01	-8.484381e-02	-3.830670e-02	-1.553840e-02	-4.139114e-02	3.514135e-01	1.565305e+00
