# loss | a0 ... a5
5.475915e+02	8.035879e-01	1.896727e-01	4.975394e-02	7.062788e-01	1.037673e+00	-1.130061e+00
6.251455e+02	8.526984e-01	2.387832e-01	9.886446e-02	7.553893e-01	1.086783e+00	-1.179171e+00
5.181916e+02	8.092214e-01	1.980796e-01	5.660600e-02	7.238140e-01	1.049343e+00	-1.138989e+00
4.981570e+02	8.238521e-01	2.168718e-01	7.744301e-02	7.277980e-01	1.026227e+00	-1.163230e+00
4.961844e+02	8.149155e-01	2.089451e-01	6.617820e-02	7.396470e-01	1.054692e+00	-1.151735e+00
4.961041e+02	8.243298e-01	2.199199e-01	7.420800e-02	7.620537e-01	1.070271e+00	-1.162560e+00
4.948936e+02	8.155990e-01	2.109277e-01	6.602275e-02	7.517964e-01	1.073737e+00	-1.153007e+00
4.991639e+02	8.252616e-01	2.212313e-01	7.731394e-02	7.569174e-01	1.082956e+00	-1.163651e+00
5.028463e+02	8.102745e-01	2.064331e-01	6.134496e-02	7.485753e-01	1.081978e+00	-1.148631e+00
5.522067e+02	8.346353e-01	2.312236e-01	9.354217e-02	7.238609e-01	1.026464e+00	-1.182756e+00
5.777449e+02	7.855054e-01	1.912879e-01	4.270689e-02	7.769149e-01	1.095499e+00	-1.133860e+00
4.933921e+02	8.079471e-01	2.235188e-01	7.482882e-02	7.832151e-01	1.082858e+00	-1.166937e+00
4.925935e+02	8.042371e-01	2.196930e-01	7.315087e-02	7.771490e-01	1.092069e+00	-1.162216e+00
4.946851e+02	8.073563e-01	2.199943e-01	8.150819e-02	7.391806e-01	1.064872e+00	-1.167550e+00
4.970209e+02	7.984992e-01	2.148011e-01	6.803464e-02	7.776757e-01	1.099694e+00	-1.156624e+00
5.135369e+02	8.159412e-01	2.307651e-01	8.846405e-02	7.635631e-01	1.090985e+00	-1.172774e+00
5.273852e+02	7.843019e-01	2.043352e-01	5.787859e-02	7.795101e-01	1.106826e+00	-1.146857e+00
4.940451e+02	8.017563e-01	2.267917e-01	7.388147e-02	8.139444e-01	1.132464e+00	-1.162758e+00
5.042469e+02	8.080999e-01	2.309203e-01	8.530445e-02	7.785813e-01	1.086836e+00	-1.176815e+00
4.939681e+02	7.940833e-01	2.148585e-01	7.850375e-02	7.471181e-01	1.083360e+00	-1.163138e+00
4.956872e+02	7.921412e-01	2.155780e-01	7.355992e-02	7.654586e-01	1.087215e+00	-1.163834e+00
4.955276e+02	8.011804e-01	2.255155e-01	8.333871e-02	7.653334e-01	1.075998e+00	-1.176434e+00
4.932002e+02	7.940786e-01	2.191826e-01	7.547822e-02	7.744713e-01	1.094820e+00	-1.166804e+00
4.946742e+02	8.004956e-01	2.261841e-01	8.139441e-02	7.794407e-01	1.092783e+00	-1.173879e+00
4.979021e+02	7.891355e-01	2.145926e-01	7.232982e-02	7.687851e-01	1.093332e+00	-1.163864e+00
4.924868e+02	7.964470e-01	2.217120e-01	7.933818e-02	7.721990e-01	1.098673e+00	-1.169889e+00
5.069659e+02	8.061401e-01	2.310649e-01	8.947389e-02	7.690346e-01	1.090092e+00	-1.181297e+00
5.005097e+02	7.860260e-01	2.144773e-01	7.060606e-02	7.807118e-01	1.110855e+00	-1.163346e+00
4.924806e+02	7.927118e-01	2.203003e-01	8.049011e-02	7.650564e-01	1.093312e+00	-1.172269e+00
5.083717e+02	8.043476e-01	2.282840e-01	9.494736e-02	7.420586e-01	1.079961e+00	-1.182918e+00
5.539823e+02	7.665976e-01	1.976131e-01	5.909151e-02	7.651522e-01	1.109758e+00	-1.149359e+00
5.072379e+02	7.971419e-01	2.322532e-01	9.544924e-02	7.556424e-01	1.089036e+00	-1.187783e+00
5.013964e+02	7.750708e-01	2.167027e-01	7.424654e-02	7.829310e-01	1.125011e+00	-1.167225e+00
4.953632e+02	7.876380e-01	2.292051e-01	8.976939e-02	7.659804e-01	1.099921e+00	-1.185564e+00
4.926552e+02	7.804199e-01	2.241295e-01	8.249799e-02	7.821821e-01	1.118941e+00	-1.176685e+00
5.529609e+02	8.033536e-01	2.443806e-01	1.059879e-01	7.649757e-01	1.091448e+00	-1.200807e+00
6.752855e+02	7.309745e-01	1.819542e-01	4.128645e-02	7.800758e-01	1.135387e+00	-1.140302e+00
4.961323e+02	7.713910e-01	2.378405e-01	9.200694e-02	8.085821e-01	1.152561e+00	-1.189605e+00
4.927043e+02	7.635686e-01	2.330334e-01	8.982653e-02	7.956284e-01	1.148118e+00	-1.186121e+00
5.070216e+02	7.504490e-01	2.229378e-01	7.755077e-02	8.039485e-01	1.155042e+00	-1.176755e+00
5.451248e+02	7.824028e-01	2.522146e-01	1.104872e-01	7.899447e-01	1.133379e+00	-1.207568e+00
5.754189e+02	7.257049e-01	2.067812e-01	6.292228e-02	7.955274e-01	1.159646e+00	-1.163722e+00
4.964404e+02	7.580290e-01	2.429680e-01	9.808555e-02	8.000197e-01	1.163955e+00	-1.197563e+00
4.942835e+02	7.470700e-01	2.348109e-01	9.011453e-02	7.980177e-01	1.163647e+00	-1.191176e+00
4.935153e+02	7.548866e-01	2.394829e-01	1.000636e-01	7.697407e-01	1.138087e+00	-1.199915e+00
5.050642e+02	7.620282e-01	2.431971e-01	1.101995e-01	7.353459e-01	1.103631e+00	-1.209086e+00
5.404436e+02	7.251043e-01	2.136770e-01	7.764406e-02	7.499269e-01	1.135587e+00	-1.177804e+00
4.951852e+02	7.529884e-01	2.433796e-01	1.009412e-01	7.836751e-01	1.149025e+00	-1.204347e+00
4.923066e+02	7.454174e-01	2.345777e-01	9.987165e-02	7.455830e-01	1.117614e+00	-1.202637e+00
5.043031e+02	7.344346e-01	2.268287e-01	8.885382e-02	7.638218e-01	1.133500e+00	-1.194496e+00
5.309462e+02	7.656137e-01	2.540983e-01	1.156665e-01	7.621272e-01	1.123063e+00	-1.222018e+00
5.705340e+02	7.101871e-01	2.125064e-01	6.979526e-02	7.754677e-01	1.160592e+00	-1.180395e+00
4.961458e+02	7.434668e-01	2.479067e-01	1.072536e-01	7.673215e-01	1.141499e+00	-1.217684e+00
4.994041e+02	7.448408e-01	2.484418e-01	1.120331e-01	7.388034e-01	1.117707e+00	-1.222899e+00
5.154794e+02	7.177894e-01	2.264981e-01	9.022808e-02	7.420845e-01	1.134647e+00	-1.200388e+00
4.933479e+02	7.385013e-01	2.465904e-01	1.056330e-01	7.624941e-01	1.143361e+00	-1.219298e+00
4.950042e+02	7.405959e-01	2.473281e-01	1.083077e-01	7.537158e-01	1.134596e+00	-1.222329e+00
5.262114e+02	7.534739e-01	2.575078e-01	1.204270e-01	7.438654e-01	1.121218e+00	-1.234028e+00
6.152931e+02	6.870257e-01	2.036675e-01	7.308970e-02	7.150569e-01	1.135383e+00	-1.183337e+00
4.932196e+02	7.231799e-01	2.426709e-01	1.130764e-01	7.062024e-01	1.104044e+00	-1.229840e+00
4.944232e+02	7.279631e-01	2.494858e-01	1.161002e-01	7.382531e-01	1.136599e+00	-1.232487e+00
4.984653e+02	7.132085e-01	2.362499e-01	1.062428e-01	7.310591e-01	1.140631e+00	-1.220479e+00
5.019125e+02	7.324025e-01	2.543114e-01	1.206527e-01	7.455187e-01	1.144210e+00	-1.237322e+00
4.985422e+02	7.111413e-01	2.385717e-01	1.040870e-01	7.546874e-01	1.170644e+00	-1.217941e+00
4.995152e+02	7.288920e-01	2.541471e-01	1.202578e-01	7.493726e-01	1.156415e+00	-1.236087e+00
4.965586e+02	7.102643e-01	2.407998e-01	1.064663e-01	7.491163e-01	1.158057e+00	-1.223916e+00
4.937593e+02	7.228844e-01	2.500972e-01	1.182220e-01	7.382781e-01	1.148922e+00	-1.234652e+00
4.925363e+02	7.158510e-01	2.434504e-01	1.140308e-01	7.210023e-01	1.140120e+00	-1.230732e+00
4.921509e+02	7.199391e-01	2.474061e-01	1.160179e-01	7.361275e-01	1.151004e+00	-1.232904e+00
4.965359e+02	7.256111e-01	2.532775e-01	1.182065e-01	7.528799e-01	1.165183e+00	-1.237543e+00
5.056692e+02	7.045583e-01	2.340788e-01	1.048050e-01	7.247610e-01	1.151860e+00	-1.221621e+00
4.926286e+02	7.156576e-01	2.480587e-01	1.078180e-01	7.797595e-01	1.181185e+00	-1.231495e+00
5.050925e+02	7.299753e-01	2.566823e-01	1.246729e-01	7.448227e-01	1.154821e+00	-1.242596e+00
4.991350e+02	7.061620e-01	2.367797e-01	1.112590e-01	7.178891e-01	1.144482e+00	-1.226993e+00
4.964921e+02	7.233057e-01	2.514023e-01	1.238416e-01	7.346278e-01	1.157417e+00	-1.238612e+00
4.955240e+02	7.093674e-01	2.381809e-01	1.165804e-01	7.045863e-01	1.137967e+00	-1.230871e+00
4.948710e+02	7.212916e-01	2.505512e-01	1.221201e-01	7.451629e-01	1.170415e+00	-1.237027e+00
4.965365e+02	7.075861e-01	2.386315e-01	1.116732e-01	7.375537e-01	1.162168e+00	-1.227098e+00
5.008776e+02	7.252518e-01	2.543044e-01	1.256354e-01	7.504281e-01	1.175322e+00	-1.240516e+00
4.920743e+02	7.130879e-01	2.452087e-01	1.177779e-01	7.522642e-01	1.192761e+00	-1.230019e+00
4.960116e+02	7.065998e-01	2.380699e-01	1.150415e-01	7.263224e-01	1.163384e+00	-1.228487e+00
4.945475e+02	7.165206e-01	2.515844e-01	1.142365e-01	8.007425e-01	1.219875e+00	-1.233012e+00
4.922534e+02	7.122203e-01	2.423836e-01	1.188273e-01	7.371910e-01	1.159250e+00	-1.234459e+00
4.919434e+02	7.151017e-01	2.464042e-01	1.179383e-01	7.551953e-01	1.172524e+00	-1.236277e+00
4.921612e+02	7.155585e-01	2.440284e-01	1.217634e-01	7.309151e-01	1.151211e+00	-1.238103e+00
5.110421e+02	6.972284e-01	2.318770e-01	1.060017e-01	7.453592e-01	1.168529e+00	-1.224678e+00
5.669666e+02	7.410640e-01	2.699617e-01	1.425119e-01	7.597311e-01	1.171008e+00	-1.260422e+00
5.340077e+02	6.849293e-01	2.215610e-01	1.119994e-01	6.769517e-01	1.099355e+00	-1.230726e+00
4.925865e+02	7.056950e-01	2.447301e-01	1.227812e-01	7.375088e-01	1.138715e+00	-1.246775e+00
4.958810e+02	7.149965e-01	2.487431e-01	1.320134e-01	7.175375e-01	1.123710e+00	-1.253897e+00
4.921106e+02	7.050958e-01	2.472124e-01	1.191611e-01	7.684538e-01	1.171801e+00	-1.244178e+00
4.923714e+02	7.066016e-01	2.499769e-01	1.199274e-01	7.817777e-01	1.197651e+00	-1.242277e+00
4.918616e+02	7.069145e-01	2.482695e-01	1.205716e-01	7.680758e-01	1.170414e+00	-1.246261e+00
4.933680e+02	7.042403e-01	2.496933e-01	1.138004e-01	8.046367e-01	1.207660e+00	-1.241472e+00
4.939341e+02	7.127014e-01	2.518243e-01	1.262820e-01	7.636986e-01	1.160651e+00	-1.252139e+00
5.024577e+02	6.934344e-01	2.393367e-01	1.113912e-01	7.694553e-01	1.162960e+00	-1.241649e+00
5.109080e+02	7.209726e-01	2.608456e-01	1.359934e-01	7.675177e-01	1.158541e+00	-1.262448e+00
5.154586e+02	6.844525e-01	2.323850e-01	1.113359e-01	7.612403e-01	1.168920e+00	-1.235356e+00
5.042790e+02	7.139448e-01	2.581341e-01	1.393587e-01	7.612602e-01	1.159165e+00	-1.262183e+00
5.223148e+02	6.765080e-01	2.303806e-01	1.138996e-01	7.600240e-01	1.175831e+00	-1.234487e+00
5.374476e+02	7.191997e-01	2.678472e-01	1.517756e-01	7.716788e-01	1.173121e+00	-1.272204e+00
5.331747e+02	6.681593e-01	2.253493e-01	1.212517e-01	7.167870e-01	1.134699e+00	-1.242485e+00
4.933414e+02	6.978077e-01	2.534844e-01	1.389589e-01	7.644525e-01	1.173508e+00	-1.265561e+00
4.937226e+02	6.886396e-01	2.437778e-01	1.347511e-01	7.441991e-01	1.171003e+00	-1.257033e+00
4.986690e+02	7.028828e-01	2.582950e-01	1.402191e-01	7.792476e-01	1.192739e+00	-1.268654e+00
5.042092e+02	6.811157e-01	2.354264e-01	1.334088e-01	7.214875e-01	1.126576e+00	-1.258624e+00
4.975721e+02	7.028965e-01	2.586919e-01	1.365231e-01	7.910438e-01	1.189815e+00	-1.270982e+00
5.135495e+02	6.761610e-01	2.336753e-01	1.198260e-01	7.586760e-01	1.165937e+00	-1.253071e+00
5.335283e+02	7.152729e-01	2.699248e-01	1.478364e-01	8.009490e-01	1.198265e+00	-1.283334e+00
5.959973e+02	6.479670e-01	2.159191e-01	9.978920e-02	7.693978e-01	1.181514e+00	-1.240748e+00
4.925749e+02	6.901044e-01	2.574666e-01	1.358423e-01	7.901630e-01	1.190506e+00	-1.284002e+00
4.952166e+02	6.802709e-01	2.452606e-01	1.360682e-01	7.518868e-01	1.164400e+00	-1.278014e+00
5.103159e+02	7.023401e-01	2.677668e-01	1.446522e-01	7.947468e-01	1.191401e+00	-1.296136e+00
